X;0;0 0.0
X;0;1 0.0014423076923076924
X;0;2 0.008653846153846154
X;0;3 0.0019230769230769232
X;0;4 0.0004807692307692308
X;0;5 0.0
X;1;0 0.0
X;1;1 0.0004807692307692308
X;1;2 0.005288461538461539
X;1;3 0.004807692307692308
X;1;4 0.0019230769230769232
X;1;5 0.0
X;2;0 0.0
X;2;1 0.0004807692307692308
X;2;2 0.005288461538461539
X;2;3 0.0038461538461538464
X;2;4 0.0028846153846153848
X;2;5 0.0
X;3;0 0.0
X;3;1 0.0
X;3;2 0.0009615384615384616
X;3;3 0.008653846153846154
X;3;4 0.0028846153846153848
X;3;5 0.0
X;4;0 0.0
X;4;1 0.0028846153846153848
X;4;2 0.005288461538461539
X;4;3 0.002403846153846154
X;4;4 0.0019230769230769232
X;4;5 0.0
X;5;0 0.0
X;5;1 0.0038461538461538464
X;5;2 0.004807692307692308
X;5;3 0.0033653846153846156
X;5;4 0.0004807692307692308
X;5;5 0.0
X;6;0 0.0
X;6;1 0.0019230769230769232
X;6;2 0.0038461538461538464
X;6;3 0.0019230769230769232
X;6;4 0.004326923076923077
X;6;5 0.0004807692307692308
X;7;0 0.0
X;7;1 0.0
X;7;2 0.0004807692307692308
X;7;3 0.007692307692307693
X;7;4 0.0038461538461538464
X;7;5 0.0004807692307692308
X;8;0 0.0
X;8;1 0.0
X;8;2 0.0004807692307692308
X;8;3 0.008173076923076924
X;8;4 0.0028846153846153848
X;8;5 0.0009615384615384616
X;9;0 0.0
X;9;1 0.0
X;9;2 0.007692307692307693
X;9;3 0.0038461538461538464
X;9;4 0.0009615384615384616
X;9;5 0.0
X;10;0 0.0
X;10;1 0.0009615384615384616
X;10;2 0.004807692307692308
X;10;3 0.0028846153846153848
X;10;4 0.0033653846153846156
X;10;5 0.0004807692307692308
X;11;0 0.0
X;11;1 0.0
X;11;2 0.0009615384615384616
X;11;3 0.004326923076923077
X;11;4 0.007211538461538462
X;11;5 0.0
X;12;0 0.0
X;12;1 0.0009615384615384616
X;12;2 0.008173076923076924
X;12;3 0.0019230769230769232
X;12;4 0.0009615384615384616
X;12;5 0.0004807692307692308
X;13;0 0.0
X;13;1 0.0004807692307692308
X;13;2 0.00625
X;13;3 0.0033653846153846156
X;13;4 0.002403846153846154
X;13;5 0.0
X;14;0 0.0
X;14;1 0.002403846153846154
X;14;2 0.004807692307692308
X;14;3 0.005288461538461539
X;14;4 0.0
X;14;5 0.0
X;15;0 0.005288461538461539
X;15;1 0.0038461538461538464
X;15;2 0.002403846153846154
X;15;3 0.0004807692307692308
X;15;4 0.0004807692307692308
X;15;5 0.0
X;16;0 0.0
X;16;1 0.0009615384615384616
X;16;2 0.004326923076923077
X;16;3 0.007211538461538462
X;16;4 0.0
X;16;5 0.0
X;17;0 0.0
X;17;1 0.0004807692307692308
X;17;2 0.0033653846153846156
X;17;3 0.005288461538461539
X;17;4 0.0033653846153846156
X;17;5 0.0
X;18;0 0.0
X;18;1 0.002403846153846154
X;18;2 0.0019230769230769232
X;18;3 0.006730769230769231
X;18;4 0.0014423076923076924
X;18;5 0.0
X;19;0 0.0004807692307692308
X;19;1 0.005288461538461539
X;19;2 0.0038461538461538464
X;19;3 0.0019230769230769232
X;19;4 0.0009615384615384616
X;19;5 0.0
Y;0;0 0.0
Y;0;1 0.0
Y;0;2 0.0038461538461538464
Y;0;3 0.005288461538461539
Y;0;4 0.0033653846153846156
Y;0;5 0.0
Y;1;0 0.0
Y;1;1 0.0014423076923076924
Y;1;2 0.005288461538461539
Y;1;3 0.005288461538461539
Y;1;4 0.0004807692307692308
Y;1;5 0.0
Y;2;0 0.0
Y;2;1 0.0004807692307692308
Y;2;2 0.005288461538461539
Y;2;3 0.004807692307692308
Y;2;4 0.0019230769230769232
Y;2;5 0.0
Y;3;0 0.0
Y;3;1 0.0004807692307692308
Y;3;2 0.0004807692307692308
Y;3;3 0.008173076923076924
Y;3;4 0.0033653846153846156
Y;3;5 0.0
Y;4;0 0.0
Y;4;1 0.0004807692307692308
Y;4;2 0.004807692307692308
Y;4;3 0.004326923076923077
Y;4;4 0.0028846153846153848
Y;4;5 0.0
Y;5;0 0.0
Y;5;1 0.0038461538461538464
Y;5;2 0.0033653846153846156
Y;5;3 0.004807692307692308
Y;5;4 0.0004807692307692308
Y;5;5 0.0
Y;6;0 0.0
Y;6;1 0.004326923076923077
Y;6;2 0.002403846153846154
Y;6;3 0.0033653846153846156
Y;6;4 0.0019230769230769232
Y;6;5 0.0004807692307692308
Y;7;0 0.0
Y;7;1 0.0
Y;7;2 0.007211538461538462
Y;7;3 0.005288461538461539
Y;7;4 0.0
Y;7;5 0.0
Y;8;0 0.0
Y;8;1 0.0028846153846153848
Y;8;2 0.00625
Y;8;3 0.0033653846153846156
Y;8;4 0.0
Y;8;5 0.0
Y;9;0 0.0
Y;9;1 0.0004807692307692308
Y;9;2 0.007211538461538462
Y;9;3 0.004807692307692308
Y;9;4 0.0
Y;9;5 0.0
Y;10;0 0.0
Y;10;1 0.0038461538461538464
Y;10;2 0.0033653846153846156
Y;10;3 0.0038461538461538464
Y;10;4 0.0014423076923076924
Y;10;5 0.0
Y;11;0 0.0
Y;11;1 0.0019230769230769232
Y;11;2 0.004326923076923077
Y;11;3 0.005288461538461539
Y;11;4 0.0009615384615384616
Y;11;5 0.0
Y;12;0 0.0
Y;12;1 0.0
Y;12;2 0.005288461538461539
Y;12;3 0.007211538461538462
Y;12;4 0.0
Y;12;5 0.0
Y;13;0 0.0
Y;13;1 0.0038461538461538464
Y;13;2 0.004326923076923077
Y;13;3 0.0028846153846153848
Y;13;4 0.0014423076923076924
Y;13;5 0.0
Y;14;0 0.0
Y;14;1 0.0
Y;14;2 0.004326923076923077
Y;14;3 0.0057692307692307696
Y;14;4 0.002403846153846154
Y;14;5 0.0
Y;15;0 0.00625
Y;15;1 0.004326923076923077
Y;15;2 0.0009615384615384616
Y;15;3 0.0004807692307692308
Y;15;4 0.0004807692307692308
Y;15;5 0.0
Y;16;0 0.0
Y;16;1 0.0
Y;16;2 0.006730769230769231
Y;16;3 0.004326923076923077
Y;16;4 0.0014423076923076924
Y;16;5 0.0
Y;17;0 0.0
Y;17;1 0.0033653846153846156
Y;17;2 0.0038461538461538464
Y;17;3 0.0033653846153846156
Y;17;4 0.0019230769230769232
Y;17;5 0.0
Y;18;0 0.0
Y;18;1 0.0014423076923076924
Y;18;2 0.0038461538461538464
Y;18;3 0.004326923076923077
Y;18;4 0.0028846153846153848
Y;18;5 0.0
Y;19;0 0.0014423076923076924
Y;19;1 0.004807692307692308
Y;19;2 0.0038461538461538464
Y;19;3 0.0019230769230769232
Y;19;4 0.0004807692307692308
Y;19;5 0.0
Z;0;0 0.0
Z;0;1 0.0
Z;0;2 0.0057692307692307696
Z;0;3 0.0057692307692307696
Z;0;4 0.0009615384615384616
Z;0;5 0.0
Z;1;0 0.0
Z;1;1 0.0004807692307692308
Z;1;2 0.0009615384615384616
Z;1;3 0.006730769230769231
Z;1;4 0.0038461538461538464
Z;1;5 0.0004807692307692308
Z;2;0 0.0004807692307692308
Z;2;1 0.0033653846153846156
Z;2;2 0.007692307692307693
Z;2;3 0.0009615384615384616
Z;2;4 0.0
Z;2;5 0.0
Z;3;0 0.0
Z;3;1 0.0
Z;3;2 0.0009615384615384616
Z;3;3 0.007211538461538462
Z;3;4 0.004326923076923077
Z;3;5 0.0
Z;4;0 0.0
Z;4;1 0.0028846153846153848
Z;4;2 0.004807692307692308
Z;4;3 0.004326923076923077
Z;4;4 0.0004807692307692308
Z;4;5 0.0
Z;5;0 0.0
Z;5;1 0.0
Z;5;2 0.008173076923076924
Z;5;3 0.0019230769230769232
Z;5;4 0.002403846153846154
Z;5;5 0.0
Z;6;0 0.0
Z;6;1 0.0
Z;6;2 0.0028846153846153848
Z;6;3 0.009134615384615385
Z;6;4 0.0004807692307692308
Z;6;5 0.0
Z;7;0 0.0
Z;7;1 0.0057692307692307696
Z;7;2 0.00625
Z;7;3 0.0004807692307692308
Z;7;4 0.0
Z;7;5 0.0
Z;8;0 0.0
Z;8;1 0.0028846153846153848
Z;8;2 0.00625
Z;8;3 0.0033653846153846156
Z;8;4 0.0
Z;8;5 0.0
Z;9;0 0.0
Z;9;1 0.0019230769230769232
Z;9;2 0.002403846153846154
Z;9;3 0.00625
Z;9;4 0.0019230769230769232
Z;9;5 0.0
Z;10;0 0.00625
Z;10;1 0.0014423076923076924
Z;10;2 0.0033653846153846156
Z;10;3 0.0014423076923076924
Z;10;4 0.0
Z;10;5 0.0
Z;11;0 0.0
Z;11;1 0.0028846153846153848
Z;11;2 0.006730769230769231
Z;11;3 0.0028846153846153848
Z;11;4 0.0
Z;11;5 0.0
Z;12;0 0.0
Z;12;1 0.0
Z;12;2 0.0028846153846153848
Z;12;3 0.009134615384615385
Z;12;4 0.0004807692307692308
Z;12;5 0.0
Z;13;0 0.0
Z;13;1 0.0009615384615384616
Z;13;2 0.0033653846153846156
Z;13;3 0.0038461538461538464
Z;13;4 0.004326923076923077
Z;13;5 0.0
Z;14;0 0.0
Z;14;1 0.0004807692307692308
Z;14;2 0.002403846153846154
Z;14;3 0.007692307692307693
Z;14;4 0.0019230769230769232
Z;14;5 0.0
Z;15;0 0.0
Z;15;1 0.0004807692307692308
Z;15;2 0.0004807692307692308
Z;15;3 0.010096153846153847
Z;15;4 0.0014423076923076924
Z;15;5 0.0
Z;16;0 0.0
Z;16;1 0.0
Z;16;2 0.00625
Z;16;3 0.00625
Z;16;4 0.0
Z;16;5 0.0
Z;17;0 0.0
Z;17;1 0.0028846153846153848
Z;17;2 0.0038461538461538464
Z;17;3 0.0038461538461538464
Z;17;4 0.0019230769230769232
Z;17;5 0.0
Z;18;0 0.0
Z;18;1 0.0009615384615384616
Z;18;2 0.006730769230769231
Z;18;3 0.0028846153846153848
Z;18;4 0.0014423076923076924
Z;18;5 0.0004807692307692308
Z;19;0 0.0
Z;19;1 0.0
Z;19;2 0.008173076923076924
Z;19;3 0.0038461538461538464
Z;19;4 0.0004807692307692308
Z;19;5 0.0
W;0;0 0.0
W;0;1 0.0014423076923076924
W;0;2 0.006730769230769231
W;0;3 0.0033653846153846156
W;0;4 0.0009615384615384616
W;0;5 0.0
W;1;0 0.0
W;1;1 0.0004807692307692308
W;1;2 0.0014423076923076924
W;1;3 0.008653846153846154
W;1;4 0.0019230769230769232
W;1;5 0.0
W;2;0 0.0
W;2;1 0.0
W;2;2 0.0009615384615384616
W;2;3 0.008653846153846154
W;2;4 0.0028846153846153848
W;2;5 0.0
W;3;0 0.0
W;3;1 0.0014423076923076924
W;3;2 0.007692307692307693
W;3;3 0.0028846153846153848
W;3;4 0.0004807692307692308
W;3;5 0.0
W;4;0 0.0
W;4;1 0.0019230769230769232
W;4;2 0.002403846153846154
W;4;3 0.005288461538461539
W;4;4 0.0028846153846153848
W;4;5 0.0
W;5;0 0.0
W;5;1 0.002403846153846154
W;5;2 0.006730769230769231
W;5;3 0.0028846153846153848
W;5;4 0.0004807692307692308
W;5;5 0.0
W;6;0 0.005288461538461539
W;6;1 0.0019230769230769232
W;6;2 0.0014423076923076924
W;6;3 0.0038461538461538464
W;6;4 0.0
W;6;5 0.0
W;7;0 0.0
W;7;1 0.0004807692307692308
W;7;2 0.011057692307692308
W;7;3 0.0009615384615384616
W;7;4 0.0
W;7;5 0.0
W;8;0 0.0
W;8;1 0.0
W;8;2 0.0004807692307692308
W;8;3 0.008173076923076924
W;8;4 0.0028846153846153848
W;8;5 0.0009615384615384616
W;9;0 0.0
W;9;1 0.0033653846153846156
W;9;2 0.008173076923076924
W;9;3 0.0004807692307692308
W;9;4 0.0004807692307692308
W;9;5 0.0
W;10;0 0.0
W;10;1 0.0014423076923076924
W;10;2 0.0014423076923076924
W;10;3 0.0019230769230769232
W;10;4 0.0014423076923076924
W;10;5 0.00625
W;11;0 0.0004807692307692308
W;11;1 0.0019230769230769232
W;11;2 0.008173076923076924
W;11;3 0.0019230769230769232
W;11;4 0.0
W;11;5 0.0
W;12;0 0.0004807692307692308
W;12;1 0.0009615384615384616
W;12;2 0.0019230769230769232
W;12;3 0.007692307692307693
W;12;4 0.0014423076923076924
W;12;5 0.0
W;13;0 0.0
W;13;1 0.0004807692307692308
W;13;2 0.007211538461538462
W;13;3 0.004326923076923077
W;13;4 0.0004807692307692308
W;13;5 0.0
W;14;0 0.0
W;14;1 0.0004807692307692308
W;14;2 0.0009615384615384616
W;14;3 0.008653846153846154
W;14;4 0.0019230769230769232
W;14;5 0.0004807692307692308
W;15;0 0.002403846153846154
W;15;1 0.008653846153846154
W;15;2 0.0004807692307692308
W;15;3 0.0004807692307692308
W;15;4 0.0
W;15;5 0.0004807692307692308
W;16;0 0.0
W;16;1 0.0009615384615384616
W;16;2 0.004326923076923077
W;16;3 0.007211538461538462
W;16;4 0.0
W;16;5 0.0
W;17;0 0.0
W;17;1 0.0004807692307692308
W;17;2 0.0028846153846153848
W;17;3 0.008653846153846154
W;17;4 0.0004807692307692308
W;17;5 0.0
W;18;0 0.0
W;18;1 0.0009615384615384616
W;18;2 0.004326923076923077
W;18;3 0.005288461538461539
W;18;4 0.0019230769230769232
W;18;5 0.0
W;19;0 0.0
W;19;1 0.0004807692307692308
W;19;2 0.0019230769230769232
W;19;3 0.0057692307692307696
W;19;4 0.004326923076923077
W;19;5 0.0
