X;0;0 0.0
X;0;1 0.00125
X;0;2 0.00375
X;0;3 0.005
X;0;4 0.0025
X;0;5 0.0
X;1;0 0.0
X;1;1 0.0
X;1;2 0.005
X;1;3 0.005
X;1;4 0.0025
X;1;5 0.0
X;2;0 0.0
X;2;1 0.0025
X;2;2 0.005
X;2;3 0.005
X;2;4 0.0
X;2;5 0.0
X;3;0 0.0
X;3;1 0.0025
X;3;2 0.005
X;3;3 0.00375
X;3;4 0.00125
X;3;5 0.0
X;4;0 0.0
X;4;1 0.0025
X;4;2 0.0075
X;4;3 0.0025
X;4;4 0.0
X;4;5 0.0
X;5;0 0.0
X;5;1 0.0
X;5;2 0.01
X;5;3 0.0025
X;5;4 0.0
X;5;5 0.0
X;6;0 0.0
X;6;1 0.0025
X;6;2 0.005
X;6;3 0.005
X;6;4 0.0
X;6;5 0.0
X;7;0 0.0
X;7;1 0.0
X;7;2 0.0075
X;7;3 0.005
X;7;4 0.0
X;7;5 0.0
X;8;0 0.0
X;8;1 0.00375
X;8;2 0.005
X;8;3 0.00375
X;8;4 0.0
X;8;5 0.0
X;9;0 0.0
X;9;1 0.0025
X;9;2 0.0025
X;9;3 0.00625
X;9;4 0.00125
X;9;5 0.0
X;10;0 0.0
X;10;1 0.0
X;10;2 0.0025
X;10;3 0.00875
X;10;4 0.00125
X;10;5 0.0
X;11;0 0.0
X;11;1 0.0
X;11;2 0.0025
X;11;3 0.0
X;11;4 0.00875
X;11;5 0.00125
X;12;0 0.0
X;12;1 0.00125
X;12;2 0.00375
X;12;3 0.00375
X;12;4 0.00375
X;12;5 0.0
X;13;0 0.0
X;13;1 0.00375
X;13;2 0.00375
X;13;3 0.005
X;13;4 0.0
X;13;5 0.0
X;14;0 0.00125
X;14;1 0.0
X;14;2 0.00375
X;14;3 0.005
X;14;4 0.00125
X;14;5 0.00125
X;15;0 0.0
X;15;1 0.0
X;15;2 0.01
X;15;3 0.0025
X;15;4 0.0
X;15;5 0.0
X;16;0 0.0
X;16;1 0.0
X;16;2 0.005
X;16;3 0.00625
X;16;4 0.00125
X;16;5 0.0
X;17;0 0.0
X;17;1 0.00125
X;17;2 0.00625
X;17;3 0.0025
X;17;4 0.0025
X;17;5 0.0
X;18;0 0.0
X;18;1 0.0
X;18;2 0.00375
X;18;3 0.00625
X;18;4 0.0025
X;18;5 0.0
X;19;0 0.0
X;19;1 0.0
X;19;2 0.00625
X;19;3 0.00625
X;19;4 0.0
X;19;5 0.0
Y;0;0 0.0
Y;0;1 0.00125
Y;0;2 0.0075
Y;0;3 0.0025
Y;0;4 0.00125
Y;0;5 0.0
Y;1;0 0.0
Y;1;1 0.0025
Y;1;2 0.005
Y;1;3 0.005
Y;1;4 0.0
Y;1;5 0.0
Y;2;0 0.0
Y;2;1 0.0025
Y;2;2 0.005
Y;2;3 0.005
Y;2;4 0.0
Y;2;5 0.0
Y;3;0 0.0
Y;3;1 0.00125
Y;3;2 0.0075
Y;3;3 0.0025
Y;3;4 0.00125
Y;3;5 0.0
Y;4;0 0.0
Y;4;1 0.00125
Y;4;2 0.00625
Y;4;3 0.005
Y;4;4 0.0
Y;4;5 0.0
Y;5;0 0.0
Y;5;1 0.0
Y;5;2 0.01
Y;5;3 0.0025
Y;5;4 0.0
Y;5;5 0.0
Y;6;0 0.0
Y;6;1 0.00375
Y;6;2 0.00375
Y;6;3 0.005
Y;6;4 0.0
Y;6;5 0.0
Y;7;0 0.0
Y;7;1 0.00125
Y;7;2 0.00375
Y;7;3 0.00375
Y;7;4 0.00375
Y;7;5 0.0
Y;8;0 0.0
Y;8;1 0.00125
Y;8;2 0.005
Y;8;3 0.005
Y;8;4 0.00125
Y;8;5 0.0
Y;9;0 0.0
Y;9;1 0.0025
Y;9;2 0.00625
Y;9;3 0.00375
Y;9;4 0.0
Y;9;5 0.0
Y;10;0 0.0
Y;10;1 0.00125
Y;10;2 0.0075
Y;10;3 0.00375
Y;10;4 0.0
Y;10;5 0.0
Y;11;0 0.0
Y;11;1 0.0
Y;11;2 0.01125
Y;11;3 0.00125
Y;11;4 0.0
Y;11;5 0.0
Y;12;0 0.0
Y;12;1 0.0
Y;12;2 0.00625
Y;12;3 0.005
Y;12;4 0.00125
Y;12;5 0.0
Y;13;0 0.0
Y;13;1 0.00125
Y;13;2 0.00375
Y;13;3 0.005
Y;13;4 0.0025
Y;13;5 0.0
Y;14;0 0.0
Y;14;1 0.0025
Y;14;2 0.005
Y;14;3 0.00375
Y;14;4 0.00125
Y;14;5 0.0
Y;15;0 0.0
Y;15;1 0.0
Y;15;2 0.00875
Y;15;3 0.00375
Y;15;4 0.0
Y;15;5 0.0
Y;16;0 0.0
Y;16;1 0.0
Y;16;2 0.00875
Y;16;3 0.00375
Y;16;4 0.0
Y;16;5 0.0
Y;17;0 0.0
Y;17;1 0.0
Y;17;2 0.005
Y;17;3 0.00625
Y;17;4 0.00125
Y;17;5 0.0
Y;18;0 0.0
Y;18;1 0.0
Y;18;2 0.00875
Y;18;3 0.0025
Y;18;4 0.00125
Y;18;5 0.0
Y;19;0 0.0
Y;19;1 0.0
Y;19;2 0.00625
Y;19;3 0.00625
Y;19;4 0.0
Y;19;5 0.0
Z;0;0 0.0
Z;0;1 0.00125
Z;0;2 0.005
Z;0;3 0.00625
Z;0;4 0.0
Z;0;5 0.0
Z;1;0 0.0
Z;1;1 0.0
Z;1;2 0.00375
Z;1;3 0.00875
Z;1;4 0.0
Z;1;5 0.0
Z;2;0 0.0
Z;2;1 0.00125
Z;2;2 0.0025
Z;2;3 0.0075
Z;2;4 0.00125
Z;2;5 0.0
Z;3;0 0.0
Z;3;1 0.0025
Z;3;2 0.00625
Z;3;3 0.0025
Z;3;4 0.00125
Z;3;5 0.0
Z;4;0 0.0
Z;4;1 0.0
Z;4;2 0.005
Z;4;3 0.00625
Z;4;4 0.00125
Z;4;5 0.0
Z;5;0 0.0
Z;5;1 0.00375
Z;5;2 0.0075
Z;5;3 0.00125
Z;5;4 0.0
Z;5;5 0.0
Z;6;0 0.0
Z;6;1 0.0
Z;6;2 0.0025
Z;6;3 0.00625
Z;6;4 0.00375
Z;6;5 0.0
Z;7;0 0.0
Z;7;1 0.00125
Z;7;2 0.00625
Z;7;3 0.00375
Z;7;4 0.00125
Z;7;5 0.0
Z;8;0 0.0
Z;8;1 0.00125
Z;8;2 0.005
Z;8;3 0.005
Z;8;4 0.00125
Z;8;5 0.0
Z;9;0 0.0
Z;9;1 0.0025
Z;9;2 0.00375
Z;9;3 0.00625
Z;9;4 0.0
Z;9;5 0.0
Z;10;0 0.01125
Z;10;1 0.0
Z;10;2 0.0
Z;10;3 0.00125
Z;10;4 0.0
Z;10;5 0.0
Z;11;0 0.0
Z;11;1 0.0
Z;11;2 0.01125
Z;11;3 0.00125
Z;11;4 0.0
Z;11;5 0.0
Z;12;0 0.0
Z;12;1 0.0
Z;12;2 0.00375
Z;12;3 0.00875
Z;12;4 0.0
Z;12;5 0.0
Z;13;0 0.0
Z;13;1 0.0025
Z;13;2 0.00625
Z;13;3 0.00375
Z;13;4 0.0
Z;13;5 0.0
Z;14;0 0.0
Z;14;1 0.00125
Z;14;2 0.00875
Z;14;3 0.00125
Z;14;4 0.00125
Z;14;5 0.0
Z;15;0 0.0
Z;15;1 0.00375
Z;15;2 0.005
Z;15;3 0.00375
Z;15;4 0.0
Z;15;5 0.0
Z;16;0 0.0
Z;16;1 0.0
Z;16;2 0.00125
Z;16;3 0.01
Z;16;4 0.00125
Z;16;5 0.0
Z;17;0 0.0
Z;17;1 0.0
Z;17;2 0.0025
Z;17;3 0.00875
Z;17;4 0.00125
Z;17;5 0.0
Z;18;0 0.0
Z;18;1 0.00625
Z;18;2 0.00375
Z;18;3 0.00125
Z;18;4 0.00125
Z;18;5 0.0
Z;19;0 0.0
Z;19;1 0.0025
Z;19;2 0.00625
Z;19;3 0.00375
Z;19;4 0.0
Z;19;5 0.0
W;0;0 0.0
W;0;1 0.0
W;0;2 0.0025
W;0;3 0.00875
W;0;4 0.00125
W;0;5 0.0
W;1;0 0.0
W;1;1 0.00125
W;1;2 0.00625
W;1;3 0.00375
W;1;4 0.00125
W;1;5 0.0
W;2;0 0.0
W;2;1 0.00125
W;2;2 0.005
W;2;3 0.00625
W;2;4 0.0
W;2;5 0.0
W;3;0 0.0
W;3;1 0.00125
W;3;2 0.00375
W;3;3 0.005
W;3;4 0.0025
W;3;5 0.0
W;4;0 0.0
W;4;1 0.0
W;4;2 0.00125
W;4;3 0.00875
W;4;4 0.0025
W;4;5 0.0
W;5;0 0.0
W;5;1 0.0025
W;5;2 0.00375
W;5;3 0.00625
W;5;4 0.0
W;5;5 0.0
W;6;0 0.0
W;6;1 0.00375
W;6;2 0.00625
W;6;3 0.0025
W;6;4 0.0
W;6;5 0.0
W;7;0 0.0
W;7;1 0.00125
W;7;2 0.00375
W;7;3 0.0075
W;7;4 0.0
W;7;5 0.0
W;8;0 0.0
W;8;1 0.00375
W;8;2 0.005
W;8;3 0.00375
W;8;4 0.0
W;8;5 0.0
W;9;0 0.0
W;9;1 0.0
W;9;2 0.0025
W;9;3 0.005
W;9;4 0.005
W;9;5 0.0
W;10;0 0.0
W;10;1 0.0
W;10;2 0.00125
W;10;3 0.01125
W;10;4 0.0
W;10;5 0.0
W;11;0 0.0
W;11;1 0.0
W;11;2 0.005
W;11;3 0.0075
W;11;4 0.0
W;11;5 0.0
W;12;0 0.0
W;12;1 0.0025
W;12;2 0.005
W;12;3 0.00375
W;12;4 0.00125
W;12;5 0.0
W;13;0 0.0
W;13;1 0.0
W;13;2 0.005
W;13;3 0.0075
W;13;4 0.0
W;13;5 0.0
W;14;0 0.0
W;14;1 0.00125
W;14;2 0.00875
W;14;3 0.00125
W;14;4 0.00125
W;14;5 0.0
W;15;0 0.0
W;15;1 0.0
W;15;2 0.00375
W;15;3 0.005
W;15;4 0.00375
W;15;5 0.0
W;16;0 0.0
W;16;1 0.0
W;16;2 0.005
W;16;3 0.00625
W;16;4 0.00125
W;16;5 0.0
W;17;0 0.0
W;17;1 0.00125
W;17;2 0.00375
W;17;3 0.00375
W;17;4 0.00375
W;17;5 0.0
W;18;0 0.0
W;18;1 0.005
W;18;2 0.00375
W;18;3 0.0025
W;18;4 0.00125
W;18;5 0.0
W;19;0 0.0
W;19;1 0.0
W;19;2 0.00375
W;19;3 0.00625
W;19;4 0.0025
W;19;5 0.0
