X;0;0 0.0
X;0;1 0.0
X;0;2 0.0
X;0;3 0.0
X;0;4 0.0005924941945659268
X;0;5 0.0
X;1;0 0.0
X;1;1 0.0
X;1;2 4.504548376756532e-05
X;1;3 0.0
X;1;4 0.0002665972647262507
X;1;5 0.0
X;2;0 0.0
X;2;1 0.0
X;2;2 3.378411282567399e-05
X;2;3 3.378411282567399e-05
X;2;4 0.001956823674857183
X;2;5 0.0
X;3;0 0.0
X;3;1 0.0
X;3;2 9.009096753513064e-05
X;3;3 4.504548376756532e-05
X;3;4 0.0
X;3;5 0.0
X;4;0 0.0
X;4;1 0.0002665972647262507
X;4;2 0.0
X;4;3 0.0
X;4;4 0.0013329863236312535
X;4;5 0.002322931666832511
X;5;0 0.0
X;5;1 0.0022825777652664336
X;5;2 0.0
X;5;3 1.126137094189133e-05
X;5;4 0.00042235948761267124
X;5;5 0.0
X;6;0 0.0
X;6;1 0.0017572111862535441
X;6;2 0.0
X;6;3 0.0
X;6;4 0.00013112525613437784
X;6;5 0.0
X;7;0 0.0
X;7;1 0.0
X;7;2 0.00020493639264369356
X;7;3 0.0
X;7;4 0.00023699767782637074
X;7;5 0.0
X;8;0 0.0
X;8;1 0.0008411089702788534
X;8;2 8.15127051039043e-05
X;8;3 0.00021204727981237996
X;8;4 0.0011902833330681574
X;8;5 0.0
X;9;0 0.0
X;9;1 0.00040569246537679513
X;9;2 4.504548376756532e-05
X;9;3 0.0
X;9;4 0.00038928792686831673
X;9;5 0.0
X;10;0 0.0
X;10;1 0.0003109301964124964
X;10;2 0.00010135233847702197
X;10;3 0.0
X;10;4 0.0
X;10;5 0.0
X;11;0 0.0
X;11;1 0.0
X;11;2 0.00039332098187410867
X;11;3 4.504548376756532e-05
X;11;4 0.0003453917417190595
X;11;5 0.0
X;12;0 0.0
X;12;1 0.000683139320338104
X;12;2 3.378411282567399e-05
X;12;3 0.0
X;12;4 0.00039332098187410867
X;12;5 0.0
X;13;0 0.0
X;13;1 0.00042235948761267124
X;13;2 0.0
X;13;3 0.0
X;13;4 0.0005756264103367382
X;13;5 0.0
X;14;0 0.0
X;14;1 0.000341569660169052
X;14;2 6.756822565134798e-05
X;14;3 0.0
X;14;4 0.000341569660169052
X;14;5 0.0
X;15;0 0.0
X;15;1 0.0
X;15;2 0.0001585207358904591
X;15;3 5.6306854709456645e-05
X;15;4 0.0
X;15;5 0.0
X;16;0 0.0
X;16;1 0.0003109301964124964
X;16;2 5.6306854709456645e-05
X;16;3 0.0
X;16;4 0.0007785758537366335
X;16;5 0.0
X;17;0 0.0
X;17;1 0.0
X;17;2 0.0
X;17;3 0.0
X;17;4 0.0
X;17;5 0.0
X;18;0 0.0
X;18;1 0.0
X;18;2 0.0
X;18;3 0.0
X;18;4 0.0007141699998408945
X;18;5 0.0
X;19;0 0.0
X;19;1 0.0007566876625152026
X;19;2 0.0
X;19;3 3.378411282567399e-05
X;19;4 0.00029594192823322594
X;19;5 0.0
Y;0;0 0.0
Y;0;1 0.0
Y;0;2 0.0
Y;0;3 0.0
Y;0;4 0.0
Y;0;5 0.0
Y;1;0 0.0
Y;1;1 0.0002522292208384008
Y;1;2 0.0
Y;1;3 0.0
Y;1;4 0.00015684672758268167
Y;1;5 0.0
Y;2;0 0.0
Y;2;1 0.00015684672758268167
Y;2;2 0.0
Y;2;3 6.756822565134798e-05
Y;2;4 0.0008113849307535903
Y;2;5 0.0
Y;3;0 0.0
Y;3;1 0.00021204727981237996
Y;3;2 0.0
Y;3;3 1.126137094189133e-05
Y;3;4 0.0
Y;3;5 0.0
Y;4;0 0.0
Y;4;1 0.0005044584416768016
Y;4;2 4.504548376756532e-05
Y;4;3 0.0
Y;4;4 0.0008113849307535903
Y;4;5 0.0
Y;5;0 0.0
Y;5;1 0.0016414572122524533
Y;5;2 0.0
Y;5;3 3.378411282567399e-05
Y;5;4 0.0003261372791428638
Y;5;5 0.0
Y;6;0 0.0
Y;6;1 0.0011678637806049501
Y;6;2 0.0
Y;6;3 9.158984046065876e-05
Y;6;4 0.0002811662667832714
Y;6;5 0.0
Y;7;0 0.0
Y;7;1 0.0
Y;7;2 4.504548376756532e-05
Y;7;3 0.0
Y;7;4 0.0006674783281694056
Y;7;5 0.0
Y;8;0 0.0
Y;8;1 0.0
Y;8;2 0.0
Y;8;3 4.504548376756532e-05
Y;8;4 0.001119413197680059
Y;8;5 0.0
Y;9;0 0.0
Y;9;1 9.369607985722873e-05
Y;9;2 0.0
Y;9;3 3.378411282567399e-05
Y;9;4 0.0005662660901968559
Y;9;5 0.0
Y;10;0 0.0
Y;10;1 0.0002878132051683691
Y;10;2 0.0
Y;10;3 4.579492023032938e-05
Y;10;4 0.0
Y;10;5 0.0
Y;11;0 0.0
Y;11;1 0.0
Y;11;2 0.0
Y;11;3 0.0
Y;11;4 0.0
Y;11;5 0.0
Y;12;0 0.0
Y;12;1 0.0
Y;12;2 9.009096753513064e-05
Y;12;3 0.0
Y;12;4 0.0
Y;12;5 0.0
Y;13;0 0.0
Y;13;1 0.00039337576840313356
Y;13;2 0.0
Y;13;3 0.0
Y;13;4 0.000341569660169052
Y;13;5 0.0
Y;14;0 0.0
Y;14;1 0.0
Y;14;2 3.378411282567399e-05
Y;14;3 7.88295965932393e-05
Y;14;4 0.0003398992514296552
Y;14;5 0.0
Y;15;0 0.0
Y;15;1 0.0
Y;15;2 9.009096753513064e-05
Y;15;3 0.00013662426176246238
Y;15;4 0.0
Y;15;5 0.0
Y;16;0 0.0
Y;16;1 0.0
Y;16;2 0.0
Y;16;3 4.504548376756532e-05
Y;16;4 0.0
Y;16;5 0.0
Y;17;0 0.0
Y;17;1 0.0
Y;17;2 0.0
Y;17;3 0.0
Y;17;4 0.0004205544851394267
Y;17;5 0.0
Y;18;0 0.0
Y;18;1 0.0008434988003498142
Y;18;2 0.0
Y;18;3 4.504548376756532e-05
Y;18;4 0.00035723411575711505
Y;18;5 0.0
Y;19;0 0.0
Y;19;1 0.00063083172770914
Y;19;2 0.0
Y;19;3 3.378411282567399e-05
Y;19;4 0.0002665972647262507
Y;19;5 0.0
Z;0;0 0.0
Z;0;1 0.0
Z;0;2 0.0
Z;0;3 0.0
Z;0;4 0.0013595970057186208
Z;0;5 0.0
Z;1;0 0.0
Z;1;1 0.0
Z;1;2 5.6306854709456645e-05
Z;1;3 0.0
Z;1;4 0.0
Z;1;5 0.0
Z;2;0 0.0
Z;2;1 0.0012437207856499856
Z;2;2 5.6306854709456645e-05
Z;2;3 0.0
Z;2;4 0.00038928792686831673
Z;2;5 0.0
Z;3;0 0.0
Z;3;1 0.0
Z;3;2 0.0
Z;3;3 0.0
Z;3;4 0.00029594192823322594
Z;3;5 0.0
Z;4;0 0.0
Z;4;1 0.00037313773256001965
Z;4;2 0.0
Z;4;3 0.0
Z;4;4 0.0006218603928249928
Z;4;5 0.0
Z;5;0 0.0
Z;5;1 0.0
Z;5;2 9.009096753513064e-05
Z;5;3 0.0
Z;5;4 0.0
Z;5;5 0.0
Z;6;0 0.0
Z;6;1 0.0
Z;6;2 6.831213088123119e-05
Z;6;3 0.0
Z;6;4 0.001179962945622326
Z;6;5 0.0
Z;7;0 0.0
Z;7;1 0.0008280519529894663
Z;7;2 0.0
Z;7;3 0.0
Z;7;4 0.0010179702413165024
Z;7;5 0.0
Z;8;0 0.0
Z;8;1 0.00035723411575711505
Z;8;2 0.0
Z;8;3 3.378411282567399e-05
Z;8;4 0.0011678637806049501
Z;8;5 0.0021330133785054744
Z;9;0 0.0
Z;9;1 0.0009130311061065735
Z;9;2 9.009096753513064e-05
Z;9;3 0.0
Z;9;4 0.0
Z;9;5 0.0
Z;10;0 0.0
Z;10;1 0.0
Z;10;2 0.0
Z;10;3 0.0005495390427639526
Z;10;4 0.0
Z;10;5 0.0
Z;11;0 0.0
Z;11;1 0.0
Z;11;2 0.0
Z;11;3 0.00023909245808430917
Z;11;4 0.0
Z;11;5 0.0
Z;12;0 0.0
Z;12;1 0.0
Z;12;2 0.0
Z;12;3 0.0
Z;12;4 0.0
Z;12;5 0.0
Z;13;0 0.0
Z;13;1 0.00023805666661363148
Z;13;2 0.0
Z;13;3 0.0
Z;13;4 0.0004317198077525537
Z;13;5 0.0
Z;14;0 0.0
Z;14;1 0.0002811662667832714
Z;14;2 0.0
Z;14;3 0.0
Z;14;4 0.0005918838564664519
Z;14;5 0.0
Z;15;0 0.0
Z;15;1 0.0
Z;15;2 0.0
Z;15;3 9.009096753513064e-05
Z;15;4 0.0
Z;15;5 0.0
Z;16;0 0.0
Z;16;1 0.0
Z;16;2 0.0
Z;16;3 0.0
Z;16;4 0.0
Z;16;5 0.0
Z;17;0 0.0
Z;17;1 0.0
Z;17;2 0.0
Z;17;3 0.0
Z;17;4 0.00044814870753530307
Z;17;5 0.0
Z;18;0 0.0
Z;18;1 0.00018321944423298352
Z;18;2 0.0
Z;18;3 0.0
Z;18;4 0.0
Z;18;5 0.0
Z;19;0 0.0
Z;19;1 0.0014289364630284602
Z;19;2 0.0
Z;19;3 6.756822565134798e-05
Z;19;4 0.0
Z;19;5 0.0
W;0;0 0.0
W;0;1 0.0
W;0;2 0.0
W;0;3 0.0
W;0;4 0.00018321944423298352
W;0;5 0.0
W;1;0 0.0
W;1;1 0.0004317198077525537
W;1;2 0.0001585207358904591
W;1;3 0.0
W;1;4 0.0
W;1;5 0.0
W;2;0 0.0
W;2;1 0.0
W;2;2 0.0
W;2;3 0.00013587491647753638
W;2;4 0.0009784118374285915
W;2;5 0.0
W;3;0 0.0
W;3;1 0.0
W;3;2 1.126137094189133e-05
W;3;3 0.0
W;3;4 0.0002878132051683691
W;3;5 0.0
W;4;0 0.0
W;4;1 0.0009784118374285915
W;4;2 0.0
W;4;3 0.0
W;4;4 0.0002665972647262507
W;4;5 0.0
W;5;0 0.0
W;5;1 0.0
W;5;2 3.378411282567399e-05
W;5;3 0.0
W;5;4 0.0005331945294525014
W;5;5 0.0
W;6;0 0.0
W;6;1 0.0013444461226059094
W;6;2 4.504548376756532e-05
W;6;3 4.529163882584546e-05
W;6;4 0.0
W;6;5 0.0
W;7;0 0.0
W;7;1 0.0013349566563388112
W;7;2 0.0
W;7;3 0.0
W;7;4 0.0006889567523389219
W;7;5 0.0
W;8;0 0.0
W;8;1 0.002238826395360118
W;8;2 0.00011849883891318537
W;8;3 0.0
W;8;4 0.0006556262806718892
W;8;5 0.0
W;9;0 0.0
W;9;1 0.00043929753018744235
W;9;2 0.0
W;9;3 0.0
W;9;4 0.0
W;9;5 0.0
W;10;0 0.0
W;10;1 0.0
W;10;2 0.00040987278528738713
W;10;3 0.0
W;10;4 0.0
W;10;5 0.0
W;11;0 0.0
W;11;1 0.0
W;11;2 0.0
W;11;3 9.009096753513064e-05
W;11;4 0.0014109850654221983
W;11;5 0.0
W;12;0 0.0
W;12;1 0.0003398992514296552
W;12;2 0.0
W;12;3 3.378411282567399e-05
W;12;4 0.000683139320338104
W;12;5 0.0
W;13;0 0.0
W;13;1 0.0
W;13;2 0.0
W;13;3 0.0
W;13;4 0.00040569246537679513
W;13;5 0.0
W;14;0 0.0
W;14;1 0.00019666049093705433
W;14;2 0.0
W;14;3 3.378411282567399e-05
W;14;4 0.0
W;14;5 0.0
W;15;0 0.0
W;15;1 0.0
W;15;2 4.504548376756532e-05
W;15;3 0.0
W;15;4 0.0008447189752253425
W;15;5 0.0
W;16;0 0.0
W;16;1 0.0003109301964124964
W;16;2 5.6306854709456645e-05
W;16;3 0.0
W;16;4 0.0007785758537366335
W;16;5 0.0
W;17;0 0.0
W;17;1 0.000683139320338104
W;17;2 0.0
W;17;3 0.0
W;17;4 0.0
W;17;5 0.0
W;18;0 0.0
W;18;1 0.00010602363990618998
W;18;2 0.0
W;18;3 0.0
W;18;4 0.0
W;18;5 0.0
W;19;0 0.0
W;19;1 0.0
W;19;2 6.756822565134798e-05
W;19;3 0.0
W;19;4 0.0010089168833536033
W;19;5 0.0
