X;0;0 0.0
X;0;1 0.00017773150981750048
X;0;2 0.0
X;0;3 0.0
X;0;4 0.0003949961297106179
X;0;5 0.0
X;1;0 0.0
X;1;1 0.0
X;1;2 2.252274188378266e-05
X;1;3 0.0
X;1;4 0.0017773150981750046
X;1;5 0.001314959835790276
X;2;0 0.0
X;2;1 0.0
X;2;2 2.252274188378266e-05
X;2;3 3.0030322511710215e-05
X;2;4 0.001087124263809546
X;2;5 0.007333378212139478
X;3;0 0.0
X;3;1 0.0005228224252756056
X;3;2 6.756822565134798e-05
X;3;3 2.252274188378266e-05
X;3;4 0.0001401848283798089
X;3;5 0.0
X;4;0 0.0
X;4;1 0.0
X;4;2 0.0
X;4;3 0.0
X;4;4 0.0014218520785400039
X;4;5 0.0
X;5;0 0.0
X;5;1 0.00030434370203552454
X;5;2 0.0
X;5;3 3.0030322511710215e-05
X;5;4 0.0
X;5;5 0.0
X;6;0 0.0
X;6;1 0.0015619654988920392
X;6;2 0.0
X;6;3 0.0
X;6;4 8.741683742291857e-05
X;6;5 0.0
X;7;0 0.0
X;7;1 0.0
X;7;2 9.108284117497492e-05
X;7;3 0.0
X;7;4 7.899922594212358e-05
X;7;5 0.0
X;8;0 0.0
X;8;1 0.0002803696567596178
X;8;2 0.0004890762306234258
X;8;3 0.0004947769862288866
X;8;4 0.0
X;8;5 0.0
X;9;0 0.0
X;9;1 0.0005409232871690601
X;9;2 0.00010510612879098575
X;9;3 0.0
X;9;4 0.0
X;9;5 0.0
X;10;0 0.0
X;10;1 0.0012437207856499856
X;10;2 6.756822565134798e-05
X;10;3 0.0
X;10;4 0.0
X;10;5 0.0
X;11;0 0.0
X;11;1 0.0
X;11;2 0.0010488559516642897
X;11;3 6.756822565134798e-05
X;11;4 3.837686019100661e-05
X;11;5 0.0
X;12;0 0.0
X;12;1 0.00045542621355873595
X;12;2 8.258338690720309e-05
X;12;3 0.0
X;12;4 0.0001311069939580362
X;12;5 0.0
X;13;0 0.0
X;13;1 0.0
X;13;2 0.0
X;13;3 0.0
X;13;4 0.0009593773505612303
X;13;5 0.0
X;14;0 0.0
X;14;1 0.00022771310677936797
X;14;2 8.258338690720309e-05
X;14;3 0.0
X;14;4 0.00022771310677936797
X;14;5 0.0
X;15;0 0.0
X;15;1 0.0006273869103307267
X;15;2 0.00015097212941948484
X;15;3 7.507580627927554e-06
X;15;4 0.00023815607717141002
X;15;5 0.0
X;16;0 0.0
X;16;1 0.00020728679760833094
X;16;2 3.7537903139637766e-05
X;16;3 0.0
X;16;4 0.0
X;16;5 0.0
X;17;0 0.0
X;17;1 0.0
X;17;2 0.0
X;17;3 0.0
X;17;4 0.00028157299174178083
X;17;5 0.0
X;18;0 0.0
X;18;1 0.0011714600804998462
X;18;2 0.0
X;18;3 0.0
X;18;4 0.00015870444440908767
X;18;5 0.0
X;19;0 0.0
X;19;1 0.0006726112555690689
X;19;2 0.0
X;19;3 7.507580627927553e-05
X;19;4 0.00019729461882215065
X;19;5 0.0
Y;0;0 0.0
Y;0;1 0.00018744417785551427
Y;0;2 0.0
Y;0;3 0.0
Y;0;4 0.00023815607717141002
Y;0;5 0.0
Y;1;0 0.0020299733199438583
Y;1;1 0.000840764069461336
Y;1;2 0.0
Y;1;3 0.0
Y;1;4 0.0
Y;1;5 0.0
Y;2;0 0.0
Y;2;1 0.0
Y;2;2 0.0
Y;2;3 6.006064502342043e-05
Y;2;4 0.0010818465743381203
Y;2;5 0.0023847133364480184
Y;3;0 0.0
Y;3;1 0.0004947769862288866
Y;3;2 0.0
Y;3;3 3.0030322511710215e-05
Y;3;4 0.0
Y;3;5 0.0
Y;4;0 0.0
Y;4;1 0.0
Y;4;2 3.7537903139637766e-05
Y;4;3 0.0
Y;4;4 0.0018932315050917106
Y;4;5 0.0
Y;5;0 0.0
Y;5;1 0.0
Y;5;2 0.0
Y;5;3 2.252274188378266e-05
Y;5;4 0.0
Y;5;5 0.0
Y;6;0 0.0
Y;6;1 0.003114303414946534
Y;6;2 0.0
Y;6;3 3.052994682021959e-05
Y;6;4 0.0
Y;6;5 0.0
Y;7;0 0.0
Y;7;1 0.0
Y;7;2 3.7537903139637766e-05
Y;7;3 0.0
Y;7;4 0.0
Y;7;5 0.0
Y;8;0 0.0
Y;8;1 0.0016227698615071805
Y;8;2 0.0
Y;8;3 3.7537903139637766e-05
Y;8;4 0.00024875848837334645
Y;8;5 0.0
Y;9;0 0.0
Y;9;1 0.0
Y;9;2 0.0
Y;9;3 7.507580627927554e-06
Y;9;4 0.0
Y;9;5 0.0
Y;10;0 0.0
Y;10;1 0.0010553150856173533
Y;10;2 0.0
Y;10;3 3.052994682021959e-05
Y;10;4 0.0
Y;10;5 0.0
Y;11;0 0.0
Y;11;1 0.0
Y;11;2 0.0
Y;11;3 0.0
Y;11;4 0.0005859166937773054
Y;11;5 0.0
Y;12;0 0.0
Y;12;1 0.0
Y;12;2 1.5015161255855107e-05
Y;12;3 0.0
Y;12;4 0.001397554122968187
Y;12;5 0.0
Y;13;0 0.0
Y;13;1 0.0008741683742291857
Y;13;2 0.0
Y;13;3 0.0
Y;13;4 0.0
Y;13;5 0.0
Y;14;0 0.0
Y;14;1 0.0
Y;14;2 2.252274188378266e-05
Y;14;3 0.00010510612879098575
Y;14;4 0.00011329975047655174
Y;14;5 0.0
Y;15;0 0.002134537804998979
Y;15;1 0.0011502093356063321
Y;15;2 2.252274188378266e-05
Y;15;3 4.554142058748746e-05
Y;15;4 0.0
Y;15;5 0.0
Y;16;0 0.0
Y;16;1 0.0
Y;16;2 0.0
Y;16;3 6.756822565134798e-05
Y;16;4 0.0007856959107577088
Y;16;5 0.0
Y;17;0 0.0030972422224433476
Y;17;1 0.0010364339880416546
Y;17;2 0.0
Y;17;3 0.0
Y;17;4 0.0
Y;17;5 0.0
Y;18;0 0.0
Y;18;1 0.00018744417785551427
Y;18;2 0.0
Y;18;3 6.006064502342043e-05
Y;18;4 0.00119078038585705
Y;18;5 0.0
Y;19;0 0.0
Y;19;1 0.0008411089702788534
Y;19;2 0.0
Y;19;3 3.7537903139637766e-05
Y;19;4 0.00035546301963500096
Y;19;5 0.0
Z;0;0 0.0
Z;0;1 0.00020728679760833094
Z;0;2 0.0
Z;0;3 0.0
Z;0;4 0.0013595970057186208
Z;0;5 0.0020021625552707504
Z;1;0 0.002184934119467615
Z;1;1 0.0007497767114220571
Z;1;2 6.756822565134798e-05
Z;1;3 0.0
Z;1;4 0.00019729461882215065
Z;1;5 0.0
Z;2;0 0.0
Z;2;1 0.00020728679760833094
Z;2;2 2.252274188378266e-05
Z;2;3 0.0
Z;2;4 0.001297626422894389
Z;2;5 0.0
Z;3;0 0.0
Z;3;1 0.0002622139879160724
Z;3;2 0.0
Z;3;3 0.0
Z;3;4 0.0007891784752886026
Z;3;5 0.0
Z;4;0 0.0
Z;4;1 0.001741309418613425
Z;4;2 0.0
Z;4;3 0.0
Z;4;4 0.0
Z;4;5 0.0
Z;5;0 0.0
Z;5;1 0.00045930450155928125
Z;5;2 0.00012012129004684086
Z;5;3 0.0
Z;5;4 0.0
Z;5;5 0.0
Z;6;0 0.0
Z;6;1 0.009669073784466747
Z;6;2 0.0
Z;6;3 0.0
Z;6;4 0.0
Z;6;5 0.0
Z;7;0 0.0
Z;7;1 0.0
Z;7;2 0.0
Z;7;3 0.0
Z;7;4 0.0
Z;7;5 0.0
Z;8;0 0.0
Z;8;1 0.00166709254019987
Z;8;2 0.0
Z;8;3 3.0030322511710215e-05
Z;8;4 0.0002595252845788778
Z;8;5 0.0
Z;9;0 0.0
Z;9;1 0.0
Z;9;2 1.5015161255855107e-05
Z;9;3 0.0
Z;9;4 0.0004145735952166619
Z;9;5 0.0
Z;10;0 0.004579320438496797
Z;10;1 0.0009526243086856401
Z;10;2 0.0
Z;10;3 3.052994682021959e-05
Z;10;4 0.0
Z;10;5 0.0
Z;11;0 0.0
Z;11;1 0.0006400566531312719
Z;11;2 0.0
Z;11;3 0.00022770710293743728
Z;11;4 0.0
Z;11;5 0.0
Z;12;0 0.0
Z;12;1 0.0
Z;12;2 0.0
Z;12;3 0.0
Z;12;4 0.0
Z;12;5 0.0
Z;13;0 0.0
Z;13;1 0.0
Z;13;2 0.0
Z;13;3 0.0
Z;13;4 0.0002878132051683691
Z;13;5 0.0
Z;14;0 0.0
Z;14;1 0.0
Z;14;2 0.0
Z;14;3 0.0
Z;14;4 0.0003945892376443013
Z;14;5 0.0
Z;15;0 0.0
Z;15;1 0.0007462754651200393
Z;15;2 0.0
Z;15;3 1.5015161255855107e-05
Z;15;4 0.0
Z;15;5 0.0
Z;16;0 0.0
Z;16;1 0.0011028892458241773
Z;16;2 0.0
Z;16;3 0.0
Z;16;4 0.000809238654976932
Z;16;5 0.0
Z;17;0 0.0
Z;17;1 0.0002174248527619092
Z;17;2 0.0
Z;17;3 0.0
Z;17;4 0.0
Z;17;5 0.0
Z;18;0 0.0
Z;18;1 0.0
Z;18;2 0.0
Z;18;3 0.0
Z;18;4 0.0009108524271174719
Z;18;5 0.0
Z;19;0 0.0
Z;19;1 0.00023815607717141002
Z;19;2 0.0
Z;19;3 8.258338690720309e-05
Z;19;4 0.0
Z;19;5 0.0
W;0;0 0.004059946639887717
W;0;1 0.001087124263809546
W;0;2 0.0
W;0;3 0.0
W;0;4 0.00012214629615532236
W;0;5 0.0
W;1;0 0.0
W;1;1 0.0
W;1;2 9.058327765169091e-05
W;1;3 0.0
W;1;4 0.00028157299174178083
W;1;5 0.0
W;2;0 0.0
W;2;1 0.0
W;2;2 0.0
W;2;3 0.00021136098118727881
W;2;4 0.0004348497055238184
W;2;5 0.0
W;3;0 0.0
W;3;1 0.0014510075832583165
W;3;2 6.006064502342043e-05
W;3;3 0.0
W;3;4 0.00019187547011224608
W;3;5 0.0
W;4;0 0.0
W;4;1 0.0015219739693333645
W;4;2 0.0
W;4;3 0.0
W;4;4 0.0
W;4;5 0.0
W;5;0 0.0
W;5;1 0.0
W;5;2 3.7537903139637766e-05
W;5;3 0.0
W;5;4 0.00035546301963500096
W;5;5 0.0
W;6;0 0.008448979068285093
W;6;1 0.00044814870753530307
W;6;2 0.0
W;6;3 1.5097212941948486e-05
W;6;4 0.0
W;6;5 0.0
W;7;0 0.0
W;7;1 0.0
W;7;2 0.0
W;7;3 0.0
W;7;4 0.00045930450155928125
W;7;5 0.0
W;8;0 0.0
W;8;1 0.0004975169767466929
W;8;2 0.0007109930334791123
W;8;3 0.0006119178619604299
W;8;4 0.0
W;8;5 0.0
W;9;0 0.0
W;9;1 0.00029286502012496155
W;9;2 0.0
W;9;3 0.0
W;9;4 0.0
W;9;5 0.0
W;10;0 0.0
W;10;1 0.0
W;10;2 2.277071029374373e-05
W;10;3 0.0
W;10;4 0.0013523082179226504
W;10;5 0.003934637355056971
W;11;0 0.0
W;11;1 0.0005687690461451028
W;11;2 0.0
W;11;3 6.756822565134798e-05
W;11;4 0.0
W;11;5 0.0
W;12;0 0.0
W;12;1 0.00011329975047655174
W;12;2 0.0
W;12;3 8.258338690720309e-05
W;12;4 0.00045542621355873595
W;12;5 0.0
W;13;0 0.0
W;13;1 0.00214340469454269
W;13;2 0.0
W;13;3 0.0
W;13;4 0.0
W;13;5 0.0
W;14;0 0.0
W;14;1 0.0002622139879160724
W;14;2 0.0
W;14;3 7.507580627927553e-05
W;14;4 0.0
W;14;5 0.0
W;15;0 0.0
W;15;1 0.0015783569505772052
W;15;2 6.006064502342043e-05
W;15;3 0.0
W;15;4 0.0
W;15;5 0.0
W;16;0 0.0
W;16;1 0.00020728679760833094
W;16;2 3.7537903139637766e-05
W;16;3 0.0
W;16;4 0.0
W;16;5 0.0
W;17;0 0.0
W;17;1 0.0
W;17;2 0.0
W;17;3 0.0
W;17;4 0.0005409232871690601
W;17;5 0.0
W;18;0 0.0
W;18;1 0.0001413648532082533
W;18;2 0.0
W;18;3 0.0
W;18;4 0.0002174248527619092
W;18;5 0.0
W;19;0 0.0
W;19;1 0.0008785950603748847
W;19;2 3.7537903139637766e-05
W;19;3 0.0
W;19;4 0.000840764069461336
W;19;5 0.0
