X;0;0 0.0
X;0;1 0.00037637260902529513
X;0;2 0.0
X;0;3 0.0
X;0;4 0.00033458495693134695
X;0;5 0.0
X;1;0 0.0
X;1;1 0.0008356007385408732
X;1;2 1.5898406035611288e-05
X;1;3 0.0
X;1;4 0.00037637260902529513
X;1;5 0.0
X;2;0 0.0012075203935713907
X;2;1 0.0005041199998876901
X;2;2 5.564442112463951e-05
X;2;3 3.1796812071222575e-05
X;2;4 0.00046042909996639594
X;2;5 0.0
X;3;0 0.0
X;3;1 0.0
X;3;2 4.7695218106833866e-05
X;3;3 6.359362414244515e-05
X;3;4 0.0004452929842652753
X;3;5 0.0
X;4;0 0.0
X;4;1 0.0
X;4;2 0.0
X;4;3 0.0
X;4;4 0.0
X;4;5 0.0
X;5;0 0.0
X;5;1 0.0
X;5;2 0.0
X;5;3 5.564442112463951e-05
X;5;4 0.0005962722178061241
X;5;5 0.0019019774588955461
X;6;0 0.0
X;6;1 0.0008269229111781384
X;6;2 0.0
X;6;3 0.0
X;6;4 0.00018511800866029813
X;6;5 0.0008319133172728681
X;7;0 0.0
X;7;1 0.0
X;7;2 9.644065536173815e-05
X;7;3 0.0
X;7;4 0.0002509387176985102
X;7;5 0.0029879683738352433
X;8;0 0.0
X;8;1 0.00014843099475509176
X;8;2 0.0004027686605134095
X;8;3 0.0005238815148305858
X;8;4 0.0003360799999251268
X;8;5 0.0
X;9;0 0.0
X;9;1 0.0014318557601533945
X;9;2 6.359362414244515e-05
X;9;3 0.0
X;9;4 0.0005495829555788001
X;9;5 0.0017171874381007623
X;10;0 0.0028231267004362576
X;10;1 0.0013168808318646905
X;10;2 4.7695218106833866e-05
X;10;3 0.0
X;10;4 0.00011071533711718706
X;10;5 0.0009093842846683286
X;11;0 0.0
X;11;1 0.0
X;11;2 0.0008329150204392889
X;11;3 6.359362414244515e-05
X;11;4 8.126864511036694e-05
X;11;5 0.0007185672291645899
X;12;0 0.0
X;12;1 0.0
X;12;2 0.0
X;12;3 0.0
X;12;4 0.0008329150204392889
X;12;5 0.0
X;13;0 0.0
X;13;1 0.0005962722178061241
X;13;2 0.0
X;13;3 0.0
X;13;4 0.00030474339370768495
X;13;5 0.0018037926113775148
X;14;0 0.0018037926113775148
X;14;1 0.0
X;14;2 2.3847609053416933e-05
X;14;3 0.0
X;14;4 0.0
X;14;5 0.0013923104143661745
X;15;0 0.0
X;15;1 0.00022143067423437411
X;15;2 3.197056858294973e-05
X;15;3 7.949203017805644e-05
X;15;4 0.0007564957745444788
X;15;5 0.0
X;16;0 0.0
X;16;1 0.0004389602772882302
X;16;2 0.00011128884224927902
X;16;3 0.0
X;16;4 0.0
X;16;5 0.0
X;17;0 0.0
X;17;1 0.0015054904361011805
X;17;2 0.0
X;17;3 0.0
X;17;4 0.0
X;17;5 0.0
X;18;0 0.0
X;18;1 0.0003100923742499593
X;18;2 0.0
X;18;3 0.0
X;18;4 0.0001680399999625634
X;18;5 0.0
X;19;0 0.0012941255668481432
X;19;1 0.00035608831177185997
X;19;2 0.0
X;19;3 6.359362414244515e-05
X;19;4 0.0002089001846352183
X;19;5 0.0
Y;0;0 0.0
Y;0;1 0.0009923515298233107
Y;0;2 0.0
Y;0;3 0.0
Y;0;4 0.00025216525818149294
Y;0;5 0.0
Y;1;0 0.0
Y;1;1 0.0
Y;1;2 0.0
Y;1;3 0.0
Y;1;4 0.0003321460113515612
Y;1;5 0.0015696354561432983
Y;2;0 0.0011300494261759302
Y;2;1 0.00044286134846874823
Y;2;2 0.0
Y;2;3 3.974601508902822e-05
Y;2;4 0.0
Y;2;5 0.0
Y;3;0 0.0
Y;3;1 0.00022452064921310818
Y;3;2 0.0
Y;3;3 6.359362414244515e-05
Y;3;4 0.00037637260902529513
Y;3;5 0.0
Y;4;0 0.0
Y;4;1 0.0
Y;4;2 9.539043621366773e-05
Y;4;3 0.0
Y;4;4 0.0008591134560920367
Y;4;5 0.0015696354561432983
Y;5;0 0.0
Y;5;1 0.0007724504528246838
Y;5;2 0.0
Y;5;3 7.949203017805644e-06
Y;5;4 0.00023021454998319797
Y;5;5 0.0015056565024744526
Y;6;0 0.0
Y;6;1 0.0016487488667364003
Y;6;2 0.0
Y;6;3 9.697747813481515e-05
Y;6;4 0.0
Y;6;5 0.0026831607236044793
Y;7;0 0.0
Y;7;1 0.0
Y;7;2 7.15428271602508e-05
Y;7;3 0.0
Y;7;4 0.0
Y;7;5 0.0017171874381007623
Y;8;0 0.0
Y;8;1 0.0011454846081227156
Y;8;2 0.0
Y;8;3 8.74412331958621e-05
Y;8;4 0.0002633913406306021
Y;8;5 0.0
Y;9;0 0.0
Y;9;1 0.0003968304558659099
Y;9;2 0.0
Y;9;3 7.949203017805644e-06
Y;9;4 0.00039971724013895707
Y;9;5 0.0015056565024744526
Y;10;0 0.0016397164707053018
Y;10;1 0.0010158113123589498
Y;10;2 0.0
Y;10;3 6.465165208987677e-05
Y;10;4 0.0
Y;10;5 0.0012075203935713907
Y;11;0 0.0
Y;11;1 0.0
Y;11;2 0.0
Y;11;3 0.0
Y;11;4 0.0012407647632931172
Y;11;5 0.0
Y;12;0 0.0
Y;12;1 0.0
Y;12;2 9.539043621366773e-05
Y;12;3 0.0
Y;12;4 0.0
Y;12;5 0.0
Y;13;0 0.0017171874381007623
Y;13;1 9.255900433014907e-05
Y;13;2 0.0
Y;13;3 0.0
Y;13;4 0.00024110799541344845
Y;13;5 0.0
Y;14;0 0.0
Y;14;1 0.0
Y;14;2 9.539043621366773e-05
Y;14;3 1.5898406035611288e-05
Y;14;4 0.00035989332504316433
Y;14;5 0.0
Y;15;0 0.0
Y;15;1 0.00022143067423437411
Y;15;2 1.5898406035611288e-05
Y;15;3 0.00024110163840434536
Y;15;4 0.0007901740218918063
Y;15;5 0.0
Y;16;0 0.0
Y;16;1 0.0032825229163893376
Y;16;2 0.0
Y;16;3 3.974601508902822e-05
Y;16;4 0.0
Y;16;5 0.0028231267004362576
Y;17;0 0.0
Y;17;1 0.0006584404159323453
Y;17;2 0.0
Y;17;3 0.0
Y;17;4 0.0
Y;17;5 0.0
Y;18;0 0.0
Y;18;1 0.0003969406119293243
Y;18;2 0.0
Y;18;3 6.359362414244515e-05
Y;18;4 0.0007564957745444788
Y;18;5 0.0
Y;19;0 0.0
Y;19;1 0.0
Y;19;2 0.0
Y;19;3 5.564442112463951e-05
Y;19;4 0.00018818630451264756
Y;19;5 0.0
Z;0;0 0.0
Z;0;1 0.0004389602772882302
Z;0;2 0.0
Z;0;3 0.0
Z;0;4 0.0004798577667242191
Z;0;5 0.0
Z;1;0 0.0
Z;1;1 0.0007938812238586486
Z;1;2 7.949203017805644e-06
Z;1;3 0.0
Z;1;4 0.0
Z;1;5 0.0
Z;2;0 0.0
Z;2;1 0.0008779205545764604
Z;2;2 3.974601508902822e-05
Z;2;3 0.0
Z;2;4 0.0
Z;2;5 0.0
Z;3;0 0.0
Z;3;1 0.00027763834014642966
Z;3;2 0.0
Z;3;3 0.0
Z;3;4 0.000626700553905655
Z;3;5 0.0015696354561432983
Z;4;0 0.0016397164707053018
Z;4;1 0.0007901740218918063
Z;4;2 0.0
Z;4;3 0.0
Z;4;4 0.0
Z;4;5 0.0
Z;5;0 0.0
Z;5;1 0.0
Z;5;2 0.00010333963923147339
Z;5;3 0.0
Z;5;4 0.0001680399999625634
Z;5;5 0.0018037926113775148
Z;6;0 0.0025249905915331957
Z;6;1 0.0
Z;6;2 2.4110163840434537e-05
Z;6;3 0.0
Z;6;4 0.0005552766802928593
Z;6;5 0.007270228380891903
Z;7;0 0.0
Z;7;1 0.0
Z;7;2 0.0
Z;7;3 0.0
Z;7;4 0.0028742689166583596
Z;7;5 0.0
Z;8;0 0.0
Z;8;1 0.0010086610327259718
Z;8;2 0.0
Z;8;3 8.74412331958621e-05
Z;8;4 0.00027479147778940004
Z;8;5 0.0
Z;9;0 0.0021493835152346734
Z;9;1 0.0
Z;9;2 2.3847609053416933e-05
Z;9;3 0.0
Z;9;4 0.0015363609705088058
Z;9;5 0.0
Z;10;0 0.003729763253074314
Z;10;1 0.0007564957745444788
Z;10;2 0.00013227681862196998
Z;10;3 3.2325826044938384e-05
Z;10;4 0.0008826433698368029
Z;10;5 0.0
Z;11;0 0.0
Z;11;1 0.0
Z;11;2 0.0
Z;11;3 0.00016877114688304177
Z;11;4 0.0022600988523518604
Z;11;5 0.0
Z;12;0 0.0
Z;12;1 0.0
Z;12;2 0.0
Z;12;3 0.0
Z;12;4 0.0
Z;12;5 0.0
Z;13;0 0.0
Z;13;1 0.0005041199998876901
Z;13;2 0.0
Z;13;3 0.0
Z;13;4 0.00010158113123589498
Z;13;5 0.0
Z;14;0 0.0
Z;14;1 0.00019847030596466215
Z;14;2 0.0
Z;14;3 0.0
Z;14;4 0.0002089001846352183
Z;14;5 0.0
Z;15;0 0.0
Z;15;1 0.0013169567031530106
Z;15;2 0.0
Z;15;3 7.949203017805644e-06
Z;15;4 0.0007564957745444788
Z;15;5 0.0017171874381007623
Z;16;0 0.0028231267004362576
Z;16;1 0.0
Z;16;2 0.0
Z;16;3 0.0
Z;16;4 0.0008568409287991043
Z;16;5 0.0
Z;17;0 0.0
Z;17;1 0.0006906436499495939
Z;17;2 0.0
Z;17;3 0.0
Z;17;4 0.0
Z;17;5 0.0
Z;18;0 0.0
Z;18;1 0.00012933137239975307
Z;18;2 0.0
Z;18;3 0.0
Z;18;4 0.0004822159908268969
Z;18;5 0.0
Z;19;0 0.0019019774588955461
Z;19;1 0.0012608262909074648
Z;19;2 0.0
Z;19;3 7.949203017805644e-06
Z;19;4 0.0007901740218918063
Z;19;5 0.0019019774588955461
W;0;0 0.0
W;0;1 0.0
W;0;2 0.0
W;0;3 0.0
W;0;4 0.00025866274479950614
W;0;5 0.0
W;1;0 0.0
W;1;1 0.0005079056561794749
W;1;2 9.591170574884921e-05
W;1;3 0.0
W;1;4 0.0011925444356122481
W;1;5 0.0
W;2;0 0.0
W;2;1 0.0
W;2;2 0.0
W;2;3 4.7955852874424605e-05
W;2;4 0.0006906436499495939
W;2;5 0.0021493835152346734
W;3;0 0.0
W;3;1 0.0006584404159323453
W;3;2 6.359362414244515e-05
W;3;3 0.0
W;3;4 0.00030474339370768495
W;3;5 0.0
W;4;0 0.0
W;4;1 0.0
W;4;2 0.0
W;4;3 0.0
W;4;4 0.0
W;4;5 0.0
W;5;0 0.0
W;5;1 0.0
W;5;2 4.7695218106833866e-05
W;5;3 0.0
W;5;4 0.00037637260902529513
W;5;5 0.0
W;6;0 0.0057509857523621215
W;6;1 0.0006326805282851338
W;6;2 1.5898406035611288e-05
W;6;3 1.5985284291474866e-05
W;6;4 0.0
W;6;5 0.0021493835152346734
W;7;0 0.0
W;7;1 0.0
W;7;2 0.0
W;7;3 0.0
W;7;4 0.0014589672402471286
W;7;5 0.0
W;8;0 0.0
W;8;1 0.0002633913406306021
W;8;2 0.0005855236746298571
W;8;3 0.0006479130303110435
W;8;4 0.00018511800866029813
W;8;5 0.0
W;9;0 0.0
W;9;1 0.0006201847484999186
W;9;2 0.0
W;9;3 0.0
W;9;4 0.0
W;9;5 0.0
W;10;0 0.0
W;10;1 0.0007844585223187715
W;10;2 2.4110163840434537e-05
W;10;3 0.00013227681862196998
W;10;4 0.0011454846081227156
W;10;5 0.003124564958427595
W;11;0 0.0
W;11;1 0.0
W;11;2 0.0
W;11;3 7.15428271602508e-05
W;11;4 0.003983957831780324
W;11;5 0.0
W;12;0 0.0
W;12;1 0.0007197866500863287
W;12;2 0.0
W;12;3 0.0
W;12;4 0.0
W;12;5 0.0
W;13;0 0.0
W;13;1 0.0010086610327259718
W;13;2 0.0
W;13;3 0.0
W;13;4 0.0011454846081227156
W;13;5 0.0
W;14;0 0.0
W;14;1 0.00013881917007321483
W;14;2 0.0
W;14;3 8.74412331958621e-05
W;14;4 0.0002863711520306789
W;14;5 0.0
W;15;0 0.0016397164707053018
W;15;1 0.000626700553905655
W;15;2 7.949203017805644e-06
W;15;3 0.0
W;15;4 0.0014906805445153103
W;15;5 0.0
W;16;0 0.0
W;16;1 0.0004389602772882302
W;16;2 0.00011128884224927902
W;16;3 0.0
W;16;4 0.0
W;16;5 0.0
W;17;0 0.0
W;17;1 0.0014466479724806907
W;17;2 0.0
W;17;3 0.0
W;17;4 0.0
W;17;5 0.0
W;18;0 0.0
W;18;1 7.48402164043694e-05
W;18;2 0.0
W;18;3 0.0
W;18;4 0.00046042909996639594
W;18;5 0.0
W;19;0 0.0016397164707053018
W;19;1 0.0009302771227498778
W;19;2 7.949203017805644e-06
W;19;3 0.0
W;19;4 0.0007121766235437199
W;19;5 0.0031392709122865965
