X;0;0 0.0
X;0;1 0.00024608978282423144
X;0;2 0.0
X;0;3 0.0
X;0;4 5.4691771806085556e-05
X;0;5 0.0
X;1;0 0.0
X;1;1 0.0001365885822614889
X;1;2 9.875356056735474e-05
X;1;3 0.0
X;1;4 0.00012304489141211572
X;1;5 0.0
X;2;0 0.0
X;2;1 0.00021974461533565986
X;2;2 8.835844892868582e-05
X;2;3 2.5987779096672302e-05
X;2;4 0.0003010497961318743
X;2;5 0.0
X;3;0 0.0
X;3;1 0.0
X;3;2 5.19755581933446e-06
X;3;3 3.638289073534122e-05
X;3;4 0.0017469186305791571
X;3;5 0.0
X;4;0 0.0
X;4;1 0.0004921795656484629
X;4;2 0.0
X;4;3 0.0
X;4;4 0.00012304489141211572
X;4;5 0.0
X;5;0 0.0
X;5;1 0.0002106994860245939
X;5;2 0.0
X;5;3 7.79633372900169e-05
X;5;4 0.0013645460369024764
X;5;5 0.0
X;6;0 0.0
X;6;1 0.0
X;6;2 0.0
X;6;3 0.0
X;6;4 0.0008472708857913646
X;6;5 0.0005439433228322599
X;7;0 0.0
X;7;1 0.0
X;7;2 4.729301368700621e-05
X;7;3 0.0
X;7;4 0.0004922259462547701
X;7;5 0.000651223876348707
X;8;0 0.0
X;8;1 0.0
X;8;2 0.00018810624254747148
X;8;3 0.0008808117776821937
X;8;4 0.00032961692300348974
X;8;5 0.0
X;9;0 0.0
X;9;1 0.0
X;9;2 1.559266745800338e-05
X;9;3 0.0
X;9;4 0.0008983567543115002
X;9;5 0.0
X;10;0 0.0
X;10;1 0.00028701248899615055
X;10;2 2.079022327733784e-05
X;10;3 0.0
X;10;4 0.0007239079734585309
X;10;5 0.0005945974168985226
X;11;0 0.0
X;11;1 0.0010263001059398489
X;11;2 0.0004538319021624331
X;11;3 4.677800237401014e-05
X;11;4 0.00029225455068535803
X;11;5 0.0
X;12;0 0.0
X;12;1 0.001261180283701115
X;12;2 3.118533491600676e-05
X;12;3 0.0
X;12;4 0.00036306552172994644
X;12;5 0.0
X;13;0 0.0
X;13;1 0.0003898702962578504
X;13;2 0.0
X;13;3 0.0
X;13;4 0.00013283686392386268
X;13;5 0.0
X;14;0 0.0
X;14;1 0.0001576475354626394
X;14;2 7.276578147068243e-05
X;14;3 0.0
X;14;4 0.00047294260638791814
X;14;5 0.0
X;15;0 0.0
X;15;1 0.00028956318938341233
X;15;2 0.00014632683312965457
X;15;3 3.118533491600676e-05
X;15;4 0.0003297545683911831
X;15;5 0.0
X;16;0 0.0
X;16;1 0.00028701248899615055
X;16;2 2.079022327733784e-05
X;16;3 0.0
X;16;4 0.0007186854034492002
X;16;5 0.0
X;17;0 0.0
X;17;1 0.00036913467423634717
X;17;2 0.0
X;17;3 0.0
X;17;4 0.001949351481289252
X;17;5 0.0
X;18;0 0.0
X;18;1 0.00040550541248071605
X;18;2 0.0
X;18;3 0.0
X;18;4 0.00032961692300348974
X;18;5 0.0
X;19;0 0.0025384770734328964
X;19;1 0.0012805483519488044
X;19;2 0.0
X;19;3 1.039511163866892e-05
X;19;4 0.0
X;19;5 0.0
Y;0;0 0.0
Y;0;1 0.0
Y;0;2 0.0
Y;0;3 0.0
Y;0;4 0.0003297545683911831
Y;0;5 0.0
Y;1;0 0.0
Y;1;1 0.00023282697308160078
Y;1;2 0.0
Y;1;3 0.0
Y;1;4 7.239079734585308e-05
Y;1;5 0.0
Y;2;0 0.0
Y;2;1 0.00014478159469170617
Y;2;2 0.0
Y;2;3 2.5987779096672302e-05
Y;2;4 0.0003744853526555032
Y;2;5 0.0
Y;3;0 0.0
Y;3;1 0.0
Y;3;2 0.0
Y;3;3 0.00010395111638668921
Y;3;4 0.0004921795656484629
Y;3;5 0.0
Y;4;0 0.0
Y;4;1 0.0003492404596224012
Y;4;2 2.5987779096672302e-05
Y;4;3 0.0
Y;4;4 0.0007489707053110064
Y;4;5 0.0
Y;5;0 0.0014053661445765173
Y;5;1 0.00025253187880806973
Y;5;2 0.0
Y;5;3 7.79633372900169e-05
Y;5;4 0.0007526244903296857
Y;5;5 0.0
Y;6;0 0.0
Y;6;1 0.0
Y;6;2 0.0
Y;6;3 0.00038045010652889026
Y;6;4 0.00012976904620766374
Y;6;5 0.0
Y;7;0 0.0
Y;7;1 0.0011812895573782905
Y;7;2 4.677800237401014e-05
Y;7;3 0.0
Y;7;4 0.00030806692069357185
Y;7;5 0.0
Y;8;0 0.0
Y;8;1 0.0007489707053110064
Y;8;2 0.0
Y;8;3 2.5987779096672302e-05
Y;8;4 0.0005166522450831041
Y;8;5 0.0
Y;9;0 0.0
Y;9;1 8.648868909898037e-05
Y;9;2 0.0
Y;9;3 9.355600474802028e-05
Y;9;4 0.0005227071601817131
Y;9;5 0.0
Y;10;0 0.0
Y;10;1 0.00013283686392386268
Y;10;2 0.0
Y;10;3 0.0002536334043525935
Y;10;4 0.000941438894843665
Y;10;5 0.0
Y;11;0 0.0
Y;11;1 0.0
Y;11;2 0.0
Y;11;3 0.0
Y;11;4 0.0
Y;11;5 0.0
Y;12;0 0.0
Y;12;1 0.0
Y;12;2 7.276578147068243e-05
Y;12;3 0.0
Y;12;4 0.0
Y;12;5 0.0
Y;13;0 0.0
Y;13;1 6.0519348985097474e-05
Y;13;2 0.0
Y;13;3 0.0
Y;13;4 0.00047294260638791814
Y;13;5 0.0
Y;14;0 0.0
Y;14;1 0.0006595091367823662
Y;14;2 7.79633372900169e-05
Y;14;3 3.638289073534122e-05
Y;14;4 0.0
Y;14;5 0.0
Y;15;0 0.0
Y;15;1 0.00028956318938341233
Y;15;2 7.276578147068243e-05
Y;15;3 9.458602737401242e-05
Y;15;4 0.0003444348300554028
Y;15;5 0.0
Y;16;0 0.0
Y;16;1 0.0
Y;16;2 0.0
Y;16;3 5.1975558193344604e-05
Y;16;4 0.0010878866456645198
Y;16;5 0.0
Y;17;0 0.0
Y;17;1 0.00014350624449807527
Y;17;2 0.0
Y;17;3 0.0
Y;17;4 0.00029115310509652615
Y;17;5 0.0
Y;18;0 0.0
Y;18;1 0.00012976904620766374
Y;18;2 0.0
Y;18;3 6.756822565134798e-05
Y;18;4 0.0004946318525867747
Y;18;5 0.0
Y;19;0 0.0016340251433625385
Y;19;1 0.0013587144904504554
Y;19;2 0.0
Y;19;3 5.19755581933446e-06
Y;19;4 0.0
Y;19;5 0.0
Z;0;0 0.0
Z;0;1 0.00014350624449807527
Z;0;2 0.0
Z;0;3 0.0
Z;0;4 7.84382887914589e-05
Z;0;5 0.0006930562691321828
Z;1;0 0.0
Z;1;1 0.00012976904620766374
Z;1;2 6.237066983201352e-05
Z;1;3 0.0
Z;1;4 0.0008195314935689335
Z;1;5 0.0
Z;2;0 0.0
Z;2;1 0.00028701248899615055
Z;2;2 5.1975558193344604e-05
Z;2;3 0.0
Z;2;4 0.00017967135086230005
Z;2;5 0.0
Z;3;0 0.0
Z;3;1 9.076638043248661e-05
Z;3;2 0.0
Z;3;3 0.0
Z;3;4 0.00040976574678446676
Z;3;5 0.0
Z;4;0 0.0
Z;4;1 0.0006888696601108056
Z;4;2 0.0
Z;4;3 0.0
Z;4;4 0.0004305187334942258
Z;4;5 0.0
Z;5;0 0.0
Z;5;1 0.0
Z;5;2 5.1975558193344604e-05
Z;5;3 0.0
Z;5;4 0.00010987230766782993
Z;5;5 0.0
Z;6;0 0.0
Z;6;1 0.0
Z;6;2 0.00014187904106101863
Z;6;3 0.0
Z;6;4 0.0007261310434598929
Z;6;5 0.0
Z;7;0 0.0
Z;7;1 0.0
Z;7;2 0.0
Z;7;3 0.0
Z;7;4 0.0004698324190691549
Z;7;5 0.0
Z;8;0 0.0
Z;8;1 0.0006595091367823662
Z;8;2 0.0
Z;8;3 3.118533491600676e-05
Z;8;4 0.0003593427017246001
Z;8;5 0.0
Z;9;0 0.0
Z;9;1 0.0004213989720491878
Z;9;2 6.237066983201352e-05
Z;9;3 0.0
Z;9;4 0.00014350624449807527
Z;9;5 0.0
Z;10;0 0.003414167900891103
Z;10;1 0.0
Z;10;2 0.00021622172274745092
Z;10;3 0.00010568058514691396
Z;10;4 0.001154225945171204
Z;10;5 0.0
Z;11;0 0.0
Z;11;1 0.0
Z;11;2 0.0
Z;11;3 7.882168947834368e-05
Z;11;4 0.0007388784709611851
Z;11;5 0.0
Z;12;0 0.0
Z;12;1 0.0
Z;12;2 0.0
Z;12;3 0.0
Z;12;4 0.0
Z;12;5 0.0
Z;13;0 0.0
Z;13;1 0.00021974461533565986
Z;13;2 0.0
Z;13;3 0.0
Z;13;4 6.641843196193134e-05
Z;13;5 0.0
Z;14;0 0.0
Z;14;1 0.00103815236966131
Z;14;2 0.0
Z;14;3 0.0
Z;14;4 0.0
Z;14;5 0.0
Z;15;0 0.0
Z;15;1 0.0012055219051939096
Z;15;2 0.0
Z;15;3 1.039511163866892e-05
Z;15;4 0.0003297545683911831
Z;15;5 0.0
Z;16;0 0.0
Z;16;1 0.0007635387086475074
Z;16;2 0.0
Z;16;3 0.0
Z;16;4 0.0005602421457532606
Z;16;5 0.0
Z;17;0 0.0
Z;17;1 0.00015052489806593715
Z;17;2 0.0
Z;17;3 0.0
Z;17;4 0.0003102567975244406
Z;17;5 0.0
Z;18;0 0.0
Z;18;1 0.0002536884612456695
Z;18;2 0.0
Z;18;3 0.0
Z;18;4 0.0003152950709252788
Z;18;5 0.0
Z;19;0 0.0
Z;19;1 0.0009892637051735493
Z;19;2 0.0
Z;19;3 1.559266745800338e-05
Z;19;4 0.0003444348300554028
Z;19;5 0.0
W;0;0 0.0014053661445765173
W;0;1 0.0004515746941978115
W;0;2 0.0
W;0;3 0.0
W;0;4 0.00016912564083044636
W;0;5 0.0
W;1;0 0.0
W;1;1 0.00013283686392386268
W;1;2 0.00013587491647753638
W;1;3 0.0
W;1;4 0.0005848054443867756
W;1;5 0.0
W;2;0 0.0
W;2;1 0.00030806692069357185
W;2;2 0.0
W;2;3 0.0001254229998254182
W;2;4 0.0
W;2;5 0.0
W;3;0 0.0
W;3;1 0.001004543711486527
W;3;2 5.717311401267906e-05
W;3;3 0.0
W;3;4 0.00013283686392386268
W;3;5 0.0
W;4;0 0.0
W;4;1 0.00015052489806593715
W;4;2 0.0
W;4;3 0.0
W;4;4 0.0006152244570605786
W;4;5 0.0
W;5;0 0.0
W;5;1 0.0006809949268367835
W;5;2 2.079022327733784e-05
W;5;3 0.0
W;5;4 0.00036913467423634717
W;5;5 0.0
W;6;0 0.0008356133144457785
W;6;1 0.0004136757300325875
W;6;2 4.158044655467568e-05
W;6;3 0.0001254229998254182
W;6;4 0.0
W;6;5 0.0
W;7;0 0.0
W;7;1 0.0
W;7;2 0.0
W;7;3 0.0
W;7;4 0.0
W;7;5 0.0
W;8;0 0.0
W;8;1 0.0
W;8;2 0.0002734588590304278
W;8;3 0.0010893482817317544
W;8;4 0.00018155804695529242
W;8;5 0.0
W;9;0 0.0019689354263127457
W;9;1 0.00202752706240358
W;9;2 0.0
W;9;3 0.0
W;9;4 0.0003010497961318743
W;9;5 0.0
W;10;0 0.0
W;10;1 0.002051660750679864
W;10;2 1.5764337895668738e-05
W;10;3 0.0003027104118464313
W;10;4 0.0
W;10;5 0.003177976325238323
W;11;0 0.0
W;11;1 0.0
W;11;2 0.0
W;11;3 8.316089310935136e-05
W;11;4 0.001953671629046121
W;11;5 0.0
W;12;0 0.0
W;12;1 0.0003137531551658356
W;12;2 0.0
W;12;3 3.638289073534122e-05
W;12;4 0.001261180283701115
W;12;5 0.0
W;13;0 0.0
W;13;1 0.00016487728419559155
W;13;2 0.0
W;13;3 0.0
W;13;4 0.0005617280289832548
W;13;5 0.0
W;14;0 0.0
W;14;1 0.00036306552172994644
W;14;2 0.0
W;14;3 7.276578147068243e-05
W;14;4 0.0003744853526555032
W;14;5 0.0
W;15;0 0.0
W;15;1 0.0002731771645229778
W;15;2 1.559266745800338e-05
W;15;3 0.0
W;15;4 0.0013645460369024764
W;15;5 0.0
W;16;0 0.0
W;16;1 0.00028701248899615055
W;16;2 2.079022327733784e-05
W;16;3 0.0
W;16;4 0.0007186854034492002
W;16;5 0.0
W;17;0 0.0
W;17;1 0.0001576475354626394
W;17;2 0.0
W;17;3 0.0
W;17;4 0.000936213381638758
W;17;5 0.0014053661445765173
W;18;0 0.0
W;18;1 9.786797529802153e-05
W;18;2 0.0
W;18;3 0.0
W;18;4 0.0006020995922637486
W;18;5 0.0
W;19;0 0.0
W;19;1 0.0
W;19;2 5.19755581933446e-06
W;19;3 0.0
W;19;4 0.0010477213788672036
W;19;5 0.0
