X;0;0 0.0
X;0;1 0.0005645589135379427
X;0;2 0.0
X;0;3 0.0
X;0;4 0.00016729247846567348
X;0;5 0.0
X;1;0 0.0
X;1;1 0.0002089001846352183
X;1;2 7.949203017805644e-05
X;1;3 0.0
X;1;4 0.00037637260902529513
X;1;5 0.0
X;2;0 0.0
X;2;1 0.0001680399999625634
X;2;2 7.949203017805644e-05
X;2;3 3.1796812071222575e-05
X;2;4 0.00046042909996639594
X;2;5 0.0
X;3;0 0.0
X;3;1 0.00022143067423437411
X;3;2 7.949203017805644e-06
X;3;3 6.359362414244515e-05
X;3;4 0.0008905859685305506
X;3;5 0.0
X;4;0 0.0
X;4;1 0.00037637260902529513
X;4;2 0.0
X;4;3 0.0
X;4;4 0.00018818630451264756
X;4;5 0.0
X;5;0 0.0
X;5;1 0.0
X;5;2 0.0
X;5;3 5.564442112463951e-05
X;5;4 0.00029813610890306203
X;5;5 0.0
X;6;0 0.0
X;6;1 0.0
X;6;2 0.0
X;6;3 0.0
X;6;4 0.00018511800866029813
X;6;5 0.0008319133172728681
X;7;0 0.0
X;7;1 0.0
X;7;2 2.4110163840434537e-05
X;7;3 0.0
X;7;4 0.00016729247846567348
X;7;5 0.0
X;8;0 0.0
X;8;1 0.0
X;8;2 0.0004603070405867537
X;8;3 0.0005987217312349552
X;8;4 0.0001680399999625634
X;8;5 0.0
X;9;0 0.0
X;9;1 0.0008591134560920367
X;9;2 7.15428271602508e-05
X;9;3 0.0
X;9;4 0.00027479147778940004
X;9;5 0.0
X;10;0 0.0
X;10;1 0.0
X;10;2 7.949203017805644e-06
X;10;3 0.0
X;10;4 0.00044286134846874823
X;10;5 0.0
X;11;0 0.0
X;11;1 0.0015696354561432983
X;11;2 0.0011105533605857186
X;11;3 3.1796812071222575e-05
X;11;4 0.0001219029676655504
X;11;5 0.0007185672291645899
X;12;0 0.0
X;12;1 0.0009644319816537938
X;12;2 7.15428271602508e-05
X;12;3 0.0
X;12;4 0.00041645751021964443
X;12;5 0.0
X;13;0 0.0
X;13;1 0.0
X;13;2 0.0
X;13;3 0.0
X;13;4 0.00030474339370768495
X;13;5 0.0
X;14;0 0.0
X;14;1 0.00024110799541344845
X;14;2 3.974601508902822e-05
X;14;3 0.0
X;14;4 0.0016877559678941392
X;14;5 0.0
X;15;0 0.0
X;15;1 0.0007750073598203095
X;15;2 0.00012788227433179893
X;15;3 1.5898406035611288e-05
X;15;4 0.0
X;15;5 0.0
X;16;0 0.0
X;16;1 0.0006584404159323453
X;16;2 9.539043621366773e-05
X;16;3 0.0
X;16;4 0.0
X;16;5 0.0
X;17;0 0.0
X;17;1 0.00018818630451264756
X;17;2 0.0
X;17;3 0.0
X;17;4 0.0
X;17;5 0.0
X;18;0 0.0
X;18;1 0.0006201847484999186
X;18;2 0.0
X;18;3 0.0
X;18;4 0.0006721599998502536
X;18;5 0.0
X;19;0 0.0
X;19;1 0.0
X;19;2 0.0
X;19;3 9.539043621366773e-05
X;19;4 0.0
X;19;5 0.0
Y;0;0 0.0
Y;0;1 0.00019847030596466215
Y;0;2 0.0
Y;0;3 0.0
Y;0;4 0.0005043305163629859
Y;0;5 0.0
Y;1;0 0.0
Y;1;1 0.00035608831177185997
Y;1;2 0.0
Y;1;3 0.0
Y;1;4 0.0003321460113515612
Y;1;5 0.0
Y;2;0 0.0
Y;2;1 0.00011071533711718706
Y;2;2 0.0
Y;2;3 3.1796812071222575e-05
Y;2;4 0.0005727423040613578
Y;2;5 0.0
Y;3;0 0.0
Y;3;1 0.0001496804328087388
Y;3;2 0.0
Y;3;3 8.74412331958621e-05
Y;3;4 0.00037637260902529513
Y;3;5 0.0
Y;4;0 0.0
Y;4;1 0.0
Y;4;2 1.5898406035611288e-05
Y;4;3 0.0
Y;4;4 0.0005727423040613578
Y;4;5 0.0
Y;5;0 0.0
Y;5;1 0.0003862252264123419
Y;5;2 0.0
Y;5;3 2.3847609053416933e-05
Y;5;4 0.00023021454998319797
Y;5;5 0.0
Y;6;0 0.0
Y;6;1 0.0024731233001046003
Y;6;2 0.0
Y;6;3 0.0
Y;6;4 0.0
Y;6;5 0.0
Y;7;0 0.0
Y;7;1 0.0
Y;7;2 3.1796812071222575e-05
Y;7;3 0.0
Y;7;4 0.00047116117282546276
Y;7;5 0.0
Y;8;0 0.0
Y;8;1 0.0008591134560920367
Y;8;2 0.0
Y;8;3 1.5898406035611288e-05
Y;8;4 0.0
Y;8;5 0.0
Y;9;0 0.0
Y;9;1 0.00019841522793295494
Y;9;2 0.0
Y;9;3 2.3847609053416933e-05
Y;9;4 0.00039971724013895707
Y;9;5 0.0
Y;10;0 0.0
Y;10;1 0.0009142301811230548
Y;10;2 0.0
Y;10;3 0.0
Y;10;4 0.0
Y;10;5 0.0
Y;11;0 0.0
Y;11;1 0.0
Y;11;2 0.0
Y;11;3 0.0
Y;11;4 0.0006203823816465586
Y;11;5 0.0
Y;12;0 0.0
Y;12;1 0.0
Y;12;2 7.949203017805644e-05
Y;12;3 0.0
Y;12;4 0.0
Y;12;5 0.0
Y;13;0 0.0
Y;13;1 0.00037023601732059626
Y;13;2 0.0
Y;13;3 0.0
Y;13;4 0.00024110799541344845
Y;13;5 0.0
Y;14;0 0.0
Y;14;1 0.0007564957745444788
Y;14;2 5.564442112463951e-05
Y;14;3 3.974601508902822e-05
Y;14;4 0.00023992888336210955
Y;14;5 0.0
Y;15;0 0.0
Y;15;1 0.0007750073598203095
Y;15;2 6.359362414244515e-05
Y;15;3 4.8220327680869075e-05
Y;15;4 0.0
Y;15;5 0.0
Y;16;0 0.0
Y;16;1 0.0
Y;16;2 0.0
Y;16;3 5.564442112463951e-05
Y;16;4 0.0
Y;16;5 0.0
Y;17;0 0.0
Y;17;1 0.0004389602772882302
Y;17;2 0.0
Y;17;3 0.0
Y;17;4 0.00014843099475509176
Y;17;5 0.0
Y;18;0 0.0
Y;18;1 0.0005954109178939865
Y;18;2 0.0
Y;18;3 4.7695218106833866e-05
Y;18;4 0.0005043305163629859
Y;18;5 0.0
Y;19;0 0.0
Y;19;1 0.00014843099475509176
Y;19;2 0.0
Y;19;3 5.564442112463951e-05
Y;19;4 0.00018818630451264756
Y;19;5 0.0
Z;0;0 0.0
Z;0;1 0.0002194801386441151
Z;0;2 0.0
Z;0;3 0.0
Z;0;4 0.0004798577667242191
Z;0;5 0.0
Z;1;0 0.0
Z;1;1 0.00019847030596466215
Z;1;2 7.949203017805644e-05
Z;1;3 0.0
Z;1;4 0.0002089001846352183
Z;1;5 0.0
Z;2;0 0.0
Z;2;1 0.0
Z;2;2 0.00011128884224927902
Z;2;3 0.0
Z;2;4 0.0
Z;2;5 0.0
Z;3;0 0.0
Z;3;1 0.0
Z;3;2 0.0
Z;3;3 0.0
Z;3;4 0.0
Z;3;5 0.0
Z;4;0 0.0
Z;4;1 0.0007901740218918063
Z;4;2 0.0
Z;4;3 0.0
Z;4;4 0.0
Z;4;5 0.0
Z;5;0 0.0
Z;5;1 0.0
Z;5;2 0.00011128884224927902
Z;5;3 0.0
Z;5;4 0.0001680399999625634
Z;5;5 0.0
Z;6;0 0.0
Z;6;1 0.0
Z;6;2 4.8220327680869075e-05
Z;6;3 0.0
Z;6;4 0.00041645751021964443
Z;6;5 0.007270228380891903
Z;7;0 0.0
Z;7;1 0.0011690145218674819
Z;7;2 0.0
Z;7;3 0.0
Z;7;4 0.0
Z;7;5 0.0
Z;8;0 0.0
Z;8;1 0.0007564957745444788
Z;8;2 0.0
Z;8;3 1.5898406035611288e-05
Z;8;4 0.0
Z;8;5 0.0
Z;9;0 0.0
Z;9;1 0.00032224627274349656
Z;9;2 7.949203017805644e-06
Z;9;3 0.0
Z;9;4 0.0
Z;9;5 0.0
Z;10;0 0.004102739578381746
Z;10;1 0.0007564957745444788
Z;10;2 0.00013227681862196998
Z;10;3 3.2325826044938384e-05
Z;10;4 0.0
Z;10;5 0.0
Z;11;0 0.0
Z;11;1 0.0
Z;11;2 0.0
Z;11;3 0.00024110163840434536
Z;11;4 0.0022600988523518604
Z;11;5 0.0
Z;12;0 0.0
Z;12;1 0.0
Z;12;2 0.0
Z;12;3 0.0
Z;12;4 0.0
Z;12;5 0.0
Z;13;0 0.0
Z;13;1 0.0
Z;13;2 0.0
Z;13;3 0.0
Z;13;4 0.00030474339370768495
Z;13;5 0.0
Z;14;0 0.0
Z;14;1 0.0
Z;14;2 0.0
Z;14;3 0.0
Z;14;4 0.0002089001846352183
Z;14;5 0.0
Z;15;0 0.0
Z;15;1 0.0005267826812612042
Z;15;2 0.0
Z;15;3 6.359362414244515e-05
Z;15;4 0.0
Z;15;5 0.0
Z;16;0 0.0
Z;16;1 0.0
Z;16;2 0.0
Z;16;3 0.0
Z;16;4 0.0017136818575982087
Z;16;5 0.0
Z;17;0 0.0
Z;17;1 0.0009208581999327919
Z;17;2 0.0
Z;17;3 0.0
Z;17;4 0.00015817013207128345
Z;17;5 0.0
Z;18;0 0.0
Z;18;1 0.0
Z;18;2 0.0
Z;18;3 0.0
Z;18;4 0.00024110799541344845
Z;18;5 0.0
Z;19;0 0.0
Z;19;1 0.0
Z;19;2 0.0
Z;19;3 7.949203017805644e-05
Z;19;4 0.0007901740218918063
Z;19;5 0.0
W;0;0 0.0
W;0;1 0.00046042909996639594
W;0;2 0.0
W;0;3 0.0
W;0;4 0.00012933137239975307
W;0;5 0.0
W;1;0 0.0
W;1;1 0.0
W;1;2 3.197056858294973e-05
W;1;3 0.0
W;1;4 0.0014906805445153103
W;1;5 0.0
W;2;0 0.0
W;2;1 0.00047116117282546276
W;2;2 0.0
W;2;3 0.00011189699004032407
W;2;4 0.0
W;2;5 0.0
W;3;0 0.0
W;3;1 0.0004389602772882302
W;3;2 8.74412331958621e-05
W;3;3 0.0
W;3;4 0.0
W;3;5 0.0
W;4;0 0.0
W;4;1 0.0
W;4;2 0.0
W;4;3 0.0
W;4;4 0.0005645589135379427
W;4;5 0.0
W;5;0 0.0
W;5;1 0.0
W;5;2 8.74412331958621e-05
W;5;3 0.0
W;5;4 0.0
W;5;5 0.0
W;6;0 0.0051119873354329975
W;6;1 0.0006326805282851338
W;6;2 2.3847609053416933e-05
W;6;3 1.5985284291474866e-05
W;6;4 0.00039971724013895707
W;6;5 0.0
W;7;0 0.0
W;7;1 0.00047116117282546276
W;7;2 0.0
W;7;3 0.0
W;7;4 0.0
W;7;5 0.0
W;8;0 0.0
W;8;1 0.0
W;8;2 0.0006691699138626939
W;8;3 0.0006479130303110435
W;8;4 0.00018511800866029813
W;8;5 0.0
W;9;0 0.0
W;9;1 0.0
W;9;2 0.0
W;9;3 0.0
W;9;4 0.0
W;9;5 0.0
W;10;0 0.0
W;10;1 0.0
W;10;2 2.4110163840434537e-05
W;10;3 0.00013227681862196998
W;10;4 0.0011454846081227156
W;10;5 0.0034717388426973275
W;11;0 0.0
W;11;1 0.0
W;11;2 0.0
W;11;3 4.7695218106833866e-05
W;11;4 0.004979947289725405
W;11;5 0.0
W;12;0 0.0
W;12;1 0.00035989332504316433
W;12;2 0.0
W;12;3 7.15428271602508e-05
W;12;4 0.0009644319816537938
W;12;5 0.0
W;13;0 0.0
W;13;1 0.00025216525818149294
W;13;2 0.0
W;13;3 0.0
W;13;4 0.0011454846081227156
W;13;5 0.0
W;14;0 0.0
W;14;1 0.0
W;14;2 0.0
W;14;3 0.00010333963923147339
W;14;4 0.0
W;14;5 0.0
W;15;0 0.0
W;15;1 0.0
W;15;2 3.974601508902822e-05
W;15;3 0.0
W;15;4 0.0005962722178061241
W;15;5 0.0
W;16;0 0.0
W;16;1 0.0006584404159323453
W;16;2 9.539043621366773e-05
W;16;3 0.0
W;16;4 0.0
W;16;5 0.0
W;17;0 0.0
W;17;1 0.0
W;17;2 0.0
W;17;3 0.0
W;17;4 0.0
W;17;5 0.0
W;18;0 0.0
W;18;1 7.48402164043694e-05
W;18;2 0.0
W;18;3 0.0
W;18;4 0.0006906436499495939
W;18;5 0.0
W;19;0 0.0
W;19;1 0.0012403694969998372
W;19;2 4.7695218106833866e-05
W;19;3 0.0
W;19;4 0.00017804415588592998
W;19;5 0.0
