X;0;0 0.0012798080271032848
X;0;1 0.00015995835883575042
X;0;2 0.0
X;0;3 0.0
X;0;4 0.0007109930334791123
X;0;5 0.0
X;1;0 0.0
X;1;1 0.0005326954708198067
X;1;2 8.783869334675238e-05
X;1;3 0.0
X;1;4 0.00015995835883575042
X;1;5 0.0
X;2;0 0.0
X;2;1 0.0005713359998727156
X;2;2 7.432504821648277e-05
X;2;3 3.378411282567399e-05
X;2;4 0.0
X;2;5 0.0
X;3;0 0.0
X;3;1 0.000188216073099218
X;3;2 3.378411282567399e-05
X;3;3 6.0811403086213175e-05
X;3;4 0.000504665382167312
X;3;5 0.0
X;4;0 0.0
X;4;1 0.001119708511850253
X;4;2 0.0
X;4;3 0.0
X;4;4 0.00047987507650725127
X;4;5 0.0
X;5;0 0.0
X;5;1 0.0
X;5;2 0.0
X;5;3 4.0540935390808783e-05
X;5;4 0.0
X;5;5 0.0
X;6;0 0.0
X;6;1 0.003162980135256379
X;6;2 0.0
X;6;3 0.0
X;6;4 0.00015735030736125342
X;6;5 0.0
X;7;0 0.0
X;7;1 0.0
X;7;2 6.148091779310806e-05
X;7;3 0.0
X;7;4 0.00021329791004373366
X;7;5 0.0
X;8;0 0.0
X;8;1 0.00037849903662548397
X;8;2 0.0002445381153117129
X;8;3 0.00038168510366228393
X;8;4 0.0007141699998408945
X;8;5 0.0011834638522112485
X;9;0 0.0
X;9;1 0.0002434154792260771
X;9;2 8.108187078161757e-05
X;9;3 0.0
X;9;4 0.0
X;9;5 0.0
X;10;0 0.0
X;10;1 0.001305906824932485
X;10;2 5.405458052107838e-05
X;10;3 0.0
X;10;4 9.4108036549609e-05
X;10;5 0.0
X;11;0 0.0
X;11;1 0.0
X;11;2 0.0004719851782489304
X;11;3 8.108187078161757e-05
X;11;4 0.00010361752251571785
X;11;5 0.0006107821447899013
X;12;0 0.0
X;12;1 0.00040988359220286237
X;12;2 4.0540935390808783e-05
X;12;3 0.0
X;12;4 0.0004719851782489304
X;12;5 0.0
X;13;0 0.0
X;13;1 0.0005068313851352055
X;13;2 0.0
X;13;3 0.0
X;13;4 0.00017268792310102147
X;13;5 0.003066447439341775
X;14;0 0.0015332237196708876
X;14;1 0.001229650776608587
X;14;2 6.0811403086213175e-05
X;14;3 0.0
X;14;4 0.0
X;14;5 0.0
X;15;0 0.0025596160542065696
X;15;1 0.001505728584793744
X;15;2 1.3587491647753637e-05
X;15;3 6.7568225651347975e-06
X;15;4 0.0
X;15;5 0.0
X;16;0 0.0
X;16;1 0.0005596743535424935
X;16;2 1.3513645130269595e-05
X;16;3 0.0
X;16;4 0.0023357275612099003
X;16;5 0.0
X;17;0 0.0
X;17;1 0.00015995835883575042
X;17;2 0.0
X;17;3 0.0
X;17;4 0.0005068313851352055
X;17;5 0.0
X;18;0 0.0
X;18;1 0.0005271570362249308
X;18;2 0.0
X;18;3 0.0
X;18;4 0.0001428339999681789
X;18;5 0.0
X;19;0 0.004400026927283687
X;19;1 0.0013620377925273645
X;19;2 0.0
X;19;3 1.3513645130269595e-05
X;19;4 0.0
X;19;5 0.0
Y;0;0 0.0021462420028032165
Y;0;1 0.0015182978406296655
Y;0;2 0.0
Y;0;3 0.0
Y;0;4 0.000214340469454269
Y;0;5 0.0
Y;1;0 0.0
Y;1;1 0.0001513375325030405
Y;1;2 0.0
Y;1;3 0.0
Y;1;4 0.000376432146198436
Y;1;5 0.0
Y;2;0 0.0
Y;2;1 0.000376432146198436
Y;2;2 0.0
Y;2;3 3.378411282567399e-05
Y;2;4 0.0
Y;2;5 0.0
Y;3;0 0.0
Y;3;1 0.000127228367887428
Y;3;2 0.0
Y;3;3 6.0811403086213175e-05
Y;3;4 0.00031991671767150085
Y;3;5 0.0
Y;4;0 0.0
Y;4;1 0.0001513375325030405
Y;4;2 6.756822565134798e-05
Y;4;3 0.0
Y;4;4 0.0007302464376782312
Y;4;5 0.0013341901377218034
Y;5;0 0.0
Y;5;1 0.0003282914424504906
Y;5;2 0.0
Y;5;3 2.0270467695404392e-05
Y;5;4 0.0001956823674857183
Y;5;5 0.0
Y;6;0 0.0
Y;6;1 0.0028028730734518804
Y;6;2 0.0
Y;6;3 0.0001099078085527905
Y;6;4 0.0
Y;6;5 0.0
Y;7;0 0.0
Y;7;1 0.0
Y;7;2 5.405458052107838e-05
Y;7;3 0.0
Y;7;4 0.0
Y;7;5 0.0
Y;8;0 0.0
Y;8;1 0.0007302464376782312
Y;8;2 0.0
Y;8;3 8.108187078161757e-05
Y;8;4 0.0
Y;8;5 0.0
Y;9;0 0.0
Y;9;1 0.00022487059165734896
Y;9;2 0.0
Y;9;3 3.378411282567399e-05
Y;9;4 0.00033975965411811354
Y;9;5 0.0
Y;10;0 0.0
Y;10;1 0.0008634396155051074
Y;10;2 0.0
Y;10;3 8.243085641459288e-05
Y;10;4 0.0
Y;10;5 0.0
Y;11;0 0.0
Y;11;1 0.0
Y;11;2 0.0
Y;11;3 0.0
Y;11;4 0.0
Y;11;5 0.0
Y;12;0 0.0
Y;12;1 0.0007283147894792387
Y;12;2 0.00012162280617242635
Y;12;3 0.0
Y;12;4 0.0
Y;12;5 0.0
Y;13;0 0.0
Y;13;1 0.00031470061472250684
Y;13;2 0.0
Y;13;3 0.0
Y;13;4 0.0006148253883042935
Y;13;5 0.0
Y;14;0 0.0
Y;14;1 0.0
Y;14;2 2.0270467695404392e-05
Y;14;3 6.0811403086213175e-05
Y;14;4 0.000713788428002276
Y;14;5 0.0015332237196708876
Y;15;0 0.002881626036748622
Y;15;1 0.001411620548244135
Y;15;2 6.7568225651347975e-06
Y;15;3 2.0493639264369357e-05
Y;15;4 0.0
Y;15;5 0.0
Y;16;0 0.0
Y;16;1 0.0
Y;16;2 0.0
Y;16;3 4.0540935390808783e-05
Y;16;4 0.0
Y;16;5 0.0
Y;17;0 0.0
Y;17;1 0.00018655811784749784
Y;17;2 0.0
Y;17;3 0.0
Y;17;4 0.000504665382167312
Y;17;5 0.0
Y;18;0 0.0
Y;18;1 0.0
Y;18;2 0.0
Y;18;3 6.0811403086213175e-05
Y;18;4 0.000214340469454269
Y;18;5 0.001459609322385648
Y;19;0 0.0042484653727426
Y;19;1 0.00126166345541828
Y;19;2 0.0
Y;19;3 6.7568225651347975e-06
Y;19;4 0.0
Y;19;5 0.0
Z;0;0 0.0
Z;0;1 0.0009327905892374893
Z;0;2 0.0
Z;0;3 0.0
Z;0;4 0.00030590932628668966
Z;0;5 0.0
Z;1;0 0.0
Z;1;1 0.0003373995201399257
Z;1;2 6.756822565134798e-05
Z;1;3 0.0
Z;1;4 0.00035513031387987115
Z;1;5 0.0
Z;2;0 0.0
Z;2;1 0.0003731162356949957
Z;2;2 2.0270467695404392e-05
Z;2;3 0.0
Z;2;4 0.0025693003173308904
Z;2;5 0.0
Z;3;0 0.0
Z;3;1 0.0002359925891244652
Z;3;2 0.0
Z;3;3 0.0
Z;3;4 0.00017756515693993557
Z;3;5 0.0013341901377218034
Z;4;0 0.0013937590000995066
Z;4;1 0.0006716479186080354
Z;4;2 0.0
Z;4;3 0.0
Z;4;4 0.00018655811784749784
Z;4;5 0.0
Z;5;0 0.0
Z;5;1 0.0
Z;5;2 0.00011486598360729157
Z;5;3 0.0
Z;5;4 0.0001428339999681789
Z;5;5 0.0
Z;6;0 0.0
Z;6;1 0.0
Z;6;2 2.0493639264369357e-05
Z;6;3 0.0
Z;6;4 0.0003539888836866978
Z;6;5 0.008239592165010823
Z;7;0 0.0
Z;7;1 0.0
Z;7;2 0.0
Z;7;3 0.0
Z;7;4 0.0
Z;7;5 0.0
Z;8;0 0.0
Z;8;1 0.000643021408362807
Z;8;2 0.0
Z;8;3 8.108187078161757e-05
Z;8;4 0.0
Z;8;5 0.0
Z;9;0 0.0
Z;9;1 0.0
Z;9;2 1.3513645130269595e-05
Z;9;3 0.0
Z;9;4 0.00018655811784749784
Z;9;5 0.0
Z;10;0 0.004438418271158435
Z;10;1 0.000643021408362807
Z;10;2 0.00011243529582867448
Z;10;3 2.7476952138197627e-05
Z;10;4 0.0
Z;10;5 0.0
Z;11;0 0.0
Z;11;1 0.0
Z;11;2 0.0
Z;11;3 0.00026641731043680167
Z;11;4 0.0
Z;11;5 0.0
Z;12;0 0.0
Z;12;1 0.0
Z;12;2 0.0
Z;12;3 0.0
Z;12;4 0.0
Z;12;5 0.0
Z;13;0 0.0
Z;13;1 0.0002856679999363578
Z;13;2 0.0
Z;13;3 0.0
Z;13;4 0.0002590318846515322
Z;13;5 0.001459609322385648
Z;14;0 0.0
Z;14;1 0.0008434988003498142
Z;14;2 0.0
Z;14;3 0.0
Z;14;4 0.00017756515693993557
Z;14;5 0.0
Z;15;0 0.0
Z;15;1 0.0
Z;15;2 0.0
Z;15;3 6.7568225651347975e-06
Z;15;4 0.0032151070418140353
Z;15;5 0.004378827967156944
Z;16;0 0.0
Z;16;1 0.0
Z;16;2 0.0
Z;16;3 0.0
Z;16;4 0.0
Z;16;5 0.0
Z;17;0 0.0
Z;17;1 0.0001956823674857183
Z;17;2 0.0
Z;17;3 0.0
Z;17;4 0.0005377784490423638
Z;17;5 0.0
Z;18;0 0.0
Z;18;1 0.00010993166653979012
Z;18;2 0.0
Z;18;3 0.0
Z;18;4 0.00020494179610143118
Z;18;5 0.0
Z;19;0 0.0
Z;19;1 0.001929064225088421
Z;19;2 0.0
Z;19;3 6.7568225651347975e-06
Z;19;4 0.0
Z;19;5 0.0
W;0;0 0.0
W;0;1 0.0001956823674857183
W;0;2 0.0
W;0;3 0.0
W;0;4 0.0004397266661591605
W;0;5 0.0
W;1;0 0.0
W;1;1 0.0005180637693030644
W;1;2 0.00013587491647753638
W;1;3 0.0
W;1;4 0.0005068313851352055
W;1;5 0.0
W;2;0 0.0
W;2;1 0.00040048699690164335
W;2;2 0.0
W;2;3 9.511244153427547e-05
W;2;4 0.0005870471024571549
W;2;5 0.0
W;3;0 0.0
W;3;1 0.00018655811784749784
W;3;2 1.3513645130269595e-05
W;3;3 0.0
W;3;4 0.0007770956539545965
W;3;5 0.0
W;4;0 0.0
W;4;1 0.0005870471024571549
W;4;2 0.0
W;4;3 0.0
W;4;4 0.0012796668706860034
W;4;5 0.0
W;5;0 0.0
W;5;1 0.0005901956032585457
W;5;2 8.783869334675238e-05
W;5;3 0.0
W;5;4 0.00015995835883575042
W;5;5 0.0
W;6;0 0.006517783852677071
W;6;1 0.00040333383678177275
W;6;2 2.0270467695404392e-05
W;6;3 2.7174983295507274e-05
W;6;4 0.0
W;6;5 0.0
W;7;0 0.0
W;7;1 0.0
W;7;2 0.0
W;7;3 0.0
W;7;4 0.0008267481028067063
W;7;5 0.0
W;8;0 0.0
W;8;1 0.0004477652790720236
W;8;2 0.0004265958200874673
W;8;3 0.0004720509220837602
W;8;4 0.0004720509220837602
W;8;5 0.0
W;9;0 0.0
W;9;1 0.0
W;9;2 0.0
W;9;3 0.0
W;9;4 0.0005870471024571549
W;9;5 0.0
W;10;0 0.0
W;10;1 0.0
W;10;2 2.0493639264369357e-05
W;10;3 0.00011243529582867448
W;10;4 0.0007302464376782312
W;10;5 0.00413136922280982
W;11;0 0.0
W;11;1 0.001023784283061185
W;11;2 0.0
W;11;3 6.0811403086213175e-05
W;11;4 0.000846591039253319
W;11;5 0.0
W;12;0 0.0
W;12;1 0.00040787910171558625
W;12;2 0.0
W;12;3 4.0540935390808783e-05
W;12;4 0.00040988359220286237
W;12;5 0.0
W;13;0 0.0
W;13;1 0.001071702347271345
W;13;2 0.0
W;13;3 0.0
W;13;4 0.0002434154792260771
W;13;5 0.0
W;14;0 0.0
W;14;1 0.000589981472811163
W;14;2 0.0
W;14;3 2.0270467695404392e-05
W;14;4 0.0002434154792260771
W;14;5 0.0
W;15;0 0.013937590000995065
W;15;1 0.0014205212555194846
W;15;2 6.7568225651347975e-06
W;15;3 0.0
W;15;4 0.0
W;15;5 0.0
W;16;0 0.0
W;16;1 0.0005596743535424935
W;16;2 1.3513645130269595e-05
W;16;3 0.0
W;16;4 0.0028028730734518804
W;16;5 0.0
W;17;0 0.0
W;17;1 0.00020494179610143118
W;17;2 0.0
W;17;3 0.0
W;17;4 0.0012170773961303854
W;17;5 0.0
W;18;0 0.0
W;18;1 6.3614183943714e-05
W;18;2 0.0
W;18;3 0.0
W;18;4 0.0011740942049143098
W;18;5 0.0015332237196708876
W;19;0 0.0
W;19;1 0.0
W;19;2 6.7568225651347975e-06
W;19;3 0.0
W;19;4 0.0022700629875456076
W;19;5 0.0
