X;0;0 0.0
X;0;1 0.00022851194119392917
X;0;2 0.0
X;0;3 0.0
X;0;4 0.00040628173341663556
X;0;5 0.0
X;1;0 0.0
X;1;1 0.0002536645099141937
X;1;2 6.756822565134798e-05
X;1;3 0.0
X;1;4 0.0
X;1;5 0.0
X;2;0 0.0
X;2;1 0.0006121457141493381
X;2;2 6.756822565134798e-05
X;2;3 3.861041465791313e-05
X;2;4 0.0
X;2;5 0.0
X;3;0 0.0
X;3;1 0.00013444005221372715
X;3;2 6.756822565134798e-05
X;3;3 3.861041465791313e-05
X;3;4 0.00036047527297665145
X;3;5 0.0
X;4;0 0.0
X;4;1 0.0009140477647757167
X;4;2 0.0
X;4;3 0.0
X;4;4 0.00022851194119392917
X;4;5 0.0
X;5;0 0.0
X;5;1 0.0003912990454742458
X;5;2 0.0
X;5;3 3.861041465791313e-05
X;5;4 0.0010860672538611546
X;5;5 0.0
X;6;0 0.0
X;6;1 0.0
X;6;2 0.0
X;6;3 0.0
X;6;4 0.0
X;6;5 0.0
X;7;0 0.0
X;7;1 0.0028360009178335986
X;7;2 0.0001756597651231659
X;7;3 0.0
X;7;4 0.0
X;7;5 0.0
X;8;0 0.0
X;8;1 0.00018023763648832572
X;8;2 0.0006288122965158331
X;8;3 0.00036350962253550853
X;8;4 0.0
X;8;5 0.0
X;9;0 0.00404696383317255
X;9;1 0.0010432091966831876
X;9;2 3.861041465791313e-05
X;9;3 0.0
X;9;4 0.0003336753658871286
X;9;5 0.0
X;10;0 0.0
X;10;1 0.0
X;10;2 1.9305207328956563e-05
X;10;3 0.0
X;10;4 0.0008066403132823629
X;10;5 0.0
X;11;0 0.0
X;11;1 0.0
X;11;2 0.0001685661350889037
X;11;3 0.00011583124397373939
X;11;4 4.934167738843707e-05
X;11;5 0.0
X;12;0 0.0
X;12;1 0.00029277399443061595
X;12;2 9.652603664478282e-06
X;12;3 0.0
X;12;4 0.0001685661350889037
X;12;5 0.0
X;13;0 0.0
X;13;1 0.00036202241795371817
X;13;2 0.0
X;13;3 0.0
X;13;4 0.00012334851650072962
X;13;5 0.0
X;14;0 0.0
X;14;1 0.0011710959777224638
X;14;2 4.826301832239141e-05
X;14;3 0.0
X;14;4 0.00029277399443061595
X;14;5 0.0
X;15;0 0.0
X;15;1 0.0002688801044274543
X;15;2 9.705351176966883e-05
X;15;3 4.826301832239141e-05
X;15;4 0.0006124013412979114
X;15;5 0.0
X;16;0 0.0
X;16;1 0.0
X;16;2 1.9305207328956563e-05
X;16;3 0.0
X;16;4 0.0
X;16;5 0.0
X;17;0 0.0
X;17;1 0.0009140477647757167
X;17;2 0.0
X;17;3 0.0
X;17;4 0.0007240448359074363
X;17;5 0.0
X;18;0 0.0
X;18;1 0.0003765407401606648
X;18;2 0.0
X;18;3 0.0
X;18;4 0.0
X;18;5 0.0
X;19;0 0.0
X;19;1 0.0
X;19;2 0.0
X;19;3 8.687343298030453e-05
X;19;4 0.0002536645099141937
X;19;5 0.0
Y;0;0 0.0
Y;0;1 0.0
Y;0;2 0.0
Y;0;3 0.0
Y;0;4 0.0009186020119468672
Y;0;5 0.0
Y;1;0 0.0
Y;1;1 0.00021619647500434357
Y;1;2 0.0
Y;1;3 0.0
Y;1;4 0.0002688801044274543
Y;1;5 0.0
Y;2;0 0.0
Y;2;1 0.00040332015664118145
Y;2;2 0.0
Y;2;3 3.861041465791313e-05
Y;2;4 0.0
Y;2;5 0.0
Y;3;0 0.0
Y;3;1 9.087740563387713e-05
Y;3;2 0.0
Y;3;3 3.861041465791313e-05
Y;3;4 0.0
Y;3;5 0.0
Y;4;0 0.0
Y;4;1 0.00021619647500434357
Y;4;2 8.687343298030453e-05
Y;4;3 0.0
Y;4;4 0.0
Y;4;5 0.0
Y;5;0 0.0
Y;5;1 0.0009379755498585446
Y;5;2 0.0
Y;5;3 1.9305207328956563e-05
Y;5;4 0.0
Y;5;5 0.0
Y;6;0 0.0
Y;6;1 0.0
Y;6;2 0.0
Y;6;3 0.0002747695213819763
Y;6;4 0.00024099965724280406
Y;6;5 0.0
Y;7;0 0.0
Y;7;1 0.0
Y;7;2 3.861041465791313e-05
Y;7;3 0.0
Y;7;4 0.0022884971251522475
Y;7;5 0.0
Y;8;0 0.0
Y;8;1 0.0
Y;8;2 0.0
Y;8;3 9.652603664478282e-05
Y;8;4 0.00031983234219430255
Y;8;5 0.0
Y;9;0 0.002447178592790358
Y;9;1 0.0004015546279595517
Y;9;2 0.0
Y;9;3 2.8957810993434847e-05
Y;9;4 0.0004853709344544479
Y;9;5 0.0
Y;10;0 0.0
Y;10;1 0.0
Y;10;2 0.0
Y;10;3 0.0003925278876885375
Y;10;4 0.0004370966297488444
Y;10;5 0.0
Y;11;0 0.0
Y;11;1 0.0
Y;11;2 0.0
Y;11;3 0.0
Y;11;4 0.0
Y;11;5 0.0
Y;12;0 0.0
Y;12;1 0.0010404496992560553
Y;12;2 8.687343298030453e-05
Y;12;3 0.0
Y;12;4 0.0008984276504795486
Y;12;5 0.0
Y;13;0 0.0
Y;13;1 0.00011239307668660958
Y;13;2 0.0
Y;13;3 0.0
Y;13;4 0.001756643966583696
Y;13;5 0.0
Y;14;0 0.0
Y;14;1 0.0003062006706489557
Y;14;2 3.861041465791313e-05
Y;14;3 4.826301832239141e-05
Y;14;4 0.000291342215511133
Y;14;5 0.004380639199059679
Y;15;0 0.0
Y;15;1 0.0
Y;15;2 2.8957810993434847e-05
Y;15;3 0.00023421302016422122
Y;15;4 0.00031983234219430255
Y;15;5 0.003982168571712875
Y;16;0 0.0
Y;16;1 0.0
Y;16;2 0.0
Y;16;3 0.00010617864030926111
Y;16;4 0.0
Y;16;5 0.0
Y;17;0 0.0
Y;17;1 0.0002665115969249969
Y;17;2 0.0
Y;17;3 0.0
Y;17;4 0.0007209505459533029
Y;17;5 0.0021903195995298394
Y;18;0 0.0
Y;18;1 0.0
Y;18;2 0.0
Y;18;3 8.687343298030453e-05
Y;18;4 0.0003062006706489557
Y;18;5 0.0
Y;19;0 0.0
Y;19;1 0.0
Y;19;2 0.0
Y;19;3 4.826301832239141e-05
Y;19;4 0.00022851194119392917
Y;19;5 0.0015714381883156023
Z;0;0 0.0
Z;0;1 0.0010660463876999875
Z;0;2 0.0
Z;0;3 0.0
Z;0;4 0.0001456711077555665
Z;0;5 0.0
Z;1;0 0.0
Z;1;1 0.0004819993144856081
Z;1;2 4.826301832239141e-05
Z;1;3 0.0
Z;1;4 0.0005073290198283874
Z;1;5 0.0
Z;2;0 0.0
Z;2;1 0.0
Z;2;2 3.861041465791313e-05
Z;2;3 0.0
Z;2;4 0.0013347014635485144
Z;2;5 0.0
Z;3;0 0.0
Z;3;1 0.0001685661350889037
Z;3;2 0.0
Z;3;3 0.0
Z;3;4 0.0
Z;3;5 0.0
Z;4;0 0.0
Z;4;1 0.0
Z;4;2 0.0
Z;4;3 0.0
Z;4;4 0.0002665115969249969
Z;4;5 0.0
Z;5;0 0.0
Z;5;1 0.0005905343591476474
Z;5;2 3.861041465791313e-05
Z;5;3 0.0
Z;5;4 0.0002040485713831127
Z;5;5 0.0
Z;6;0 0.0
Z;6;1 0.0007312744879008464
Z;6;2 5.8553255041055305e-05
Z;6;3 0.0
Z;6;4 0.0001685661350889037
Z;6;5 0.0
Z;7;0 0.0
Z;7;1 0.0
Z;7;2 0.0
Z;7;3 0.0
Z;7;4 0.0008725459211284305
Z;7;5 0.0
Z;8;0 0.0
Z;8;1 0.0
Z;8;2 0.0
Z;8;3 0.00010617864030926111
Z;8;4 0.0
Z;8;5 0.0
Z;9;0 0.0
Z;9;1 0.0015651961818969832
Z;9;2 3.861041465791313e-05
Z;9;3 0.0
Z;9;4 0.0002665115969249969
Z;9;5 0.0
Z;10;0 0.0
Z;10;1 0.0
Z;10;2 8.031092559191034e-05
Z;10;3 0.000157011155075415
Z;10;4 0.00964603111321649
Z;10;5 0.0
Z;11;0 0.0
Z;11;1 0.0
Z;11;2 0.0
Z;11;3 0.0003220429027258042
Z;11;4 0.0
Z;11;5 0.0
Z;12;0 0.0
Z;12;1 0.0011729675609687992
Z;12;2 0.0
Z;12;3 0.0
Z;12;4 0.0
Z;12;5 0.0
Z;13;0 0.0
Z;13;1 0.0012242914282986762
Z;13;2 0.0
Z;13;3 0.0
Z;13;4 0.00012334851650072962
Z;13;5 0.0
Z;14;0 0.0
Z;14;1 0.0004819993144856081
Z;14;2 0.0
Z;14;3 0.0
Z;14;4 0.0002536645099141937
Z;14;5 0.0
Z;15;0 0.0019059859110311479
Z;15;1 0.00031983234219430255
Z;15;2 0.0
Z;15;3 6.756822565134798e-05
Z;15;4 0.0003062006706489557
Z;15;5 0.0
Z;16;0 0.0
Z;16;1 0.0
Z;16;2 0.0
Z;16;3 0.0
Z;16;4 0.0010404496992560553
Z;16;5 0.0
Z;17;0 0.0
Z;17;1 0.0002795462392653118
Z;17;2 0.0
Z;17;3 0.0
Z;17;4 0.0005761911954025326
Z;17;5 0.004380639199059679
Z;18;0 0.0
Z;18;1 0.00047113571374195765
Z;18;2 0.0
Z;18;3 0.0
Z;18;4 0.00029277399443061595
Z;18;5 0.0
Z;19;0 0.0
Z;19;1 0.0
Z;19;2 0.0
Z;19;3 6.756822565134798e-05
Z;19;4 0.0009594970265829077
Z;19;5 0.0
W;0;0 0.0
W;0;1 0.0
W;0;2 0.0
W;0;3 0.0
W;0;4 0.0009422714274839153
W;0;5 0.0
W;1;0 0.0
W;1;1 0.0
W;1;2 0.00015528561883147013
W;1;3 0.0
W;1;4 0.0
W;1;5 0.0
W;2;0 0.0
W;2;1 0.0017163728438641859
W;2;2 0.0
W;2;3 3.882140470786753e-05
W;2;4 0.0
W;2;5 0.0
W;3;0 0.0
W;3;1 0.0
W;3;2 3.861041465791313e-05
W;3;3 0.0
W;3;4 0.0004933940660029185
W;3;5 0.0
W;4;0 0.0
W;4;1 0.0002795462392653118
W;4;2 0.0
W;4;3 0.0
W;4;4 0.0009140477647757167
W;4;5 0.0
W;5;0 0.0
W;5;1 0.0012647048641254552
W;5;2 3.861041465791313e-05
W;5;3 0.0
W;5;4 0.00022851194119392917
W;5;5 0.0
W;6;0 0.0
W;6;1 0.00019206373180084417
W;6;2 9.652603664478282e-05
W;6;3 3.882140470786753e-05
W;6;4 0.0004853709344544479
W;6;5 0.0
W;7;0 0.0
W;7;1 0.0
W;7;2 0.0
W;7;3 0.0
W;7;4 0.0029526717957382366
W;7;5 0.0
W;8;0 0.0
W;8;1 0.00031983234219430255
W;8;2 0.0009141339001874299
W;8;3 0.00044957230674643833
W;8;4 0.0
W;8;5 0.0
W;9;0 0.0
W;9;1 0.0003765407401606648
W;9;2 0.0
W;9;3 0.0
W;9;4 0.0
W;9;5 0.0
W;10;0 0.0
W;10;1 0.0009525567771013654
W;10;2 0.0003513195302463318
W;10;3 8.031092559191034e-05
W;10;4 0.0
W;10;5 0.0
W;11;0 0.0
W;11;1 0.0
W;11;2 0.0
W;11;3 0.00010617864030926111
W;11;4 0.0
W;11;5 0.0
W;12;0 0.0
W;12;1 0.0001456711077555665
W;12;2 0.0
W;12;3 9.652603664478282e-06
W;12;4 0.00029277399443061595
W;12;5 0.0
W;13;0 0.0
W;13;1 0.0
W;13;2 0.0
W;13;3 0.0
W;13;4 0.0
W;13;5 0.0
W;14;0 0.0
W;14;1 0.0001685661350889037
W;14;2 0.0
W;14;3 6.756822565134798e-05
W;14;4 0.0
W;14;5 0.0
W;15;0 0.0
W;15;1 0.0002536645099141937
W;15;2 5.7915621986869693e-05
W;15;3 0.0
W;15;4 0.00036202241795371817
W;15;5 0.0016290618679027195
W;16;0 0.0
W;16;1 0.0
W;16;2 1.9305207328956563e-05
W;16;3 0.0
W;16;4 0.0
W;16;5 0.0
W;17;0 0.0
W;17;1 0.00029277399443061595
W;17;2 0.0
W;17;3 0.0
W;17;4 0.0003477363988943958
W;17;5 0.0
W;18;0 0.0
W;18;1 0.00018175481126775426
W;18;2 0.0
W;18;3 0.0
W;18;4 0.0002795462392653118
W;18;5 0.0
W;19;0 0.0
W;19;1 0.0003765407401606648
W;19;2 3.861041465791313e-05
W;19;3 0.0
W;19;4 0.0
W;19;5 0.0
