X;0;0 0.0039378708526254915
X;0;1 0.00036913467423634717
X;0;2 0.0
X;0;3 0.0
X;0;4 0.0003281506308365134
X;0;5 0.0009459856421594805
X;1;0 0.0
X;1;1 0.0002731771645229778
X;1;2 6.756822565134798e-05
X;1;3 0.0
X;1;4 0.0006152244570605786
X;1;5 0.0
X;2;0 0.0
X;2;1 0.00032961692300348974
X;2;2 6.237066983201352e-05
X;2;3 3.118533491600676e-05
X;2;4 0.0007526244903296857
X;2;5 0.0
X;3;0 0.0
X;3;1 0.00028956318938341233
X;3;2 2.5987779096672302e-05
X;3;3 6.756822565134798e-05
X;3;4 0.00029115310509652615
X;3;5 0.0008170125716812693
X;4;0 0.0
X;4;1 0.0
X;4;2 0.0
X;4;3 0.0
X;4;4 0.0004921795656484629
X;4;5 0.0
X;5;0 0.0012436006462009342
X;5;1 0.0006320984580737817
X;5;2 0.0
X;5;3 5.1975558193344604e-05
X;5;4 0.0011696108887735512
X;5;5 0.0
X;6;0 0.0
X;6;1 0.00027034018250054527
X;6;2 0.0
X;6;3 0.0
X;6;4 6.0519348985097474e-05
X;6;5 0.0
X;7;0 0.0
X;7;1 0.0
X;7;2 0.00015764337895668735
X;7;3 0.0
X;7;4 0.0002734588590304278
X;7;5 0.000651223876348707
X;8;0 0.0
X;8;1 0.00019410207006435078
X;8;2 0.0004514549821139316
X;8;3 0.0005872078517881291
X;8;4 0.0
X;8;5 0.0
X;9;0 0.0
X;9;1 0.0005617280289832548
X;9;2 1.559266745800338e-05
X;9;3 0.0
X;9;4 0.00017967135086230005
X;9;5 0.0
X;10;0 0.0
X;10;1 0.00014350624449807527
X;10;2 1.039511163866892e-05
X;10;3 0.0
X;10;4 0.00094108036549609
X;10;5 0.0005945974168985226
X;11;0 0.0
X;11;1 0.0
X;11;2 0.00027229914129745983
X;11;3 5.1975558193344604e-05
X;11;4 0.0003453917417190595
X;11;5 0.0
X;12;0 0.0015126466980929642
X;12;1 0.0011035327482384757
X;12;2 4.158044655467568e-05
X;12;3 0.0
X;12;4 0.00027229914129745983
X;12;5 0.0
X;13;0 0.0
X;13;1 0.0
X;13;2 0.0
X;13;3 0.0
X;13;4 0.00013283686392386268
X;13;5 0.0
X;14;0 0.0
X;14;1 0.0001576475354626394
X;14;2 4.677800237401014e-05
X;14;3 0.0
X;14;4 0.00047294260638791814
X;14;5 0.0
X;15;0 0.0
X;15;1 0.000868689568150237
X;15;2 6.27114999127091e-05
X;15;3 1.039511163866892e-05
X;15;4 0.0009892637051735493
X;15;5 0.0
X;16;0 0.0
X;16;1 0.00028701248899615055
X;16;2 5.717311401267906e-05
X;16;3 0.0
X;16;4 0.00017967135086230005
X;16;5 0.0
X;17;0 0.0
X;17;1 0.00036913467423634717
X;17;2 0.0
X;17;3 0.0
X;17;4 0.0007797405925157008
X;17;5 0.0
X;18;0 0.0
X;18;1 0.0006082581187210741
X;18;2 0.0
X;18;3 0.0
X;18;4 0.00032961692300348974
X;18;5 0.0
X;19;0 0.0
X;19;1 0.0003492404596224012
X;19;2 0.0
X;19;3 6.237066983201352e-05
X;19;4 0.0008195314935689335
X;19;5 0.0
Y;0;0 0.0
Y;0;1 0.0006488452310383187
Y;0;2 0.0
Y;0;3 0.0
Y;0;4 0.0009892637051735493
Y;0;5 0.0
Y;1;0 0.0
Y;1;1 0.00046565394616320156
Y;1;2 0.0
Y;1;3 0.0
Y;1;4 0.00021717239203755925
Y;1;5 0.0
Y;2;0 0.0
Y;2;1 0.00028956318938341233
Y;2;2 0.0
Y;2;3 3.118533491600676e-05
Y;2;4 0.0007489707053110064
Y;2;5 0.0
Y;3;0 0.0011227764018351138
Y;3;1 0.00019573595059604307
Y;3;2 0.0
Y;3;3 6.756822565134798e-05
Y;3;4 0.00036913467423634717
Y;3;5 0.0
Y;4;0 0.0
Y;4;1 0.00011641348654080039
Y;4;2 6.756822565134798e-05
Y;4;3 0.0
Y;4;4 0.0005617280289832548
Y;4;5 0.0
Y;5;0 0.0
Y;5;1 0.0
Y;5;2 0.0
Y;5;3 9.355600474802028e-05
Y;5;4 0.000903149388395623
Y;5;5 0.0
Y;6;0 0.0
Y;6;1 0.00017967135086230005
Y;6;2 0.0
Y;6;3 0.0004438584576170386
Y;6;4 0.00012976904620766374
Y;6;5 0.0
Y;7;0 0.0
Y;7;1 0.0003937631857927635
Y;7;2 4.158044655467568e-05
Y;7;3 0.0
Y;7;4 0.00030806692069357185
Y;7;5 0.0
Y;8;0 0.0
Y;8;1 0.0003744853526555032
Y;8;2 0.0
Y;8;3 6.237066983201352e-05
Y;8;4 0.0001722174150277014
Y;8;5 0.0
Y;9;0 0.0
Y;9;1 0.00021622172274745092
Y;9;2 0.0
Y;9;3 7.276578147068243e-05
Y;9;4 0.0005227071601817131
Y;9;5 0.0
Y;10;0 0.0
Y;10;1 6.641843196193134e-05
Y;10;2 0.0
Y;10;3 0.0003381778724701247
Y;10;4 0.0014121583422654976
Y;10;5 0.0
Y;11;0 0.0
Y;11;1 0.0
Y;11;2 0.0
Y;11;3 0.0
Y;11;4 0.0
Y;11;5 0.0
Y;12;0 0.0
Y;12;1 0.0
Y;12;2 6.756822565134798e-05
Y;12;3 0.0
Y;12;4 0.00048376873487360314
Y;12;5 0.0
Y;13;0 0.0
Y;13;1 0.00030259674492548737
Y;13;2 0.0
Y;13;3 0.0
Y;13;4 0.0009458852127758363
Y;13;5 0.0011794028612852983
Y;14;0 0.0
Y;14;1 0.0
Y;14;2 7.276578147068243e-05
Y;14;3 5.1975558193344604e-05
Y;14;4 0.0001568765775829178
Y;14;5 0.0
Y;15;0 0.0007388784709611851
Y;15;1 0.0010858619601877963
Y;15;2 1.039511163866892e-05
Y;15;3 4.729301368700621e-05
Y;15;4 0.0005166522450831041
Y;15;5 0.0021442446155377024
Y;16;0 0.0
Y;16;1 0.0007154216612643428
Y;16;2 0.0
Y;16;3 2.079022327733784e-05
Y;16;4 0.0
Y;16;5 0.0
Y;17;0 0.0
Y;17;1 0.00028701248899615055
Y;17;2 0.0
Y;17;3 0.0
Y;17;4 0.0
Y;17;5 0.0
Y;18;0 0.0
Y;18;1 0.00012976904620766374
Y;18;2 0.0
Y;18;3 2.5987779096672302e-05
Y;18;4 0.0004946318525867747
Y;18;5 0.0022455528036702276
Y;19;0 0.0
Y;19;1 0.00029115310509652615
Y;19;2 0.0
Y;19;3 5.717311401267906e-05
Y;19;4 0.00036913467423634717
Y;19;5 0.0
Z;0;0 0.0
Z;0;1 0.0008610374669884516
Z;0;2 0.0
Z;0;3 0.0
Z;0;4 0.0002353148663743767
Z;0;5 0.0013861125382643657
Z;1;0 0.0
Z;1;1 0.0
Z;1;2 1.559266745800338e-05
Z;1;3 0.0
Z;1;4 0.0001365885822614889
Z;1;5 0.0030252933961859283
Z;2;0 0.0
Z;2;1 0.0005740249779923011
Z;2;2 6.237066983201352e-05
Z;2;3 0.0
Z;2;4 0.0007186854034492002
Z;2;5 0.0
Z;3;0 0.0
Z;3;1 0.0007261310434598929
Z;3;2 0.0
Z;3;3 0.0
Z;3;4 0.0008195314935689335
Z;3;5 0.0010263001059398489
Z;4;0 0.0
Z;4;1 0.0005166522450831041
Z;4;2 0.0
Z;4;3 0.0
Z;4;4 0.00014350624449807527
Z;4;5 0.0
Z;5;0 0.0
Z;5;1 0.0
Z;5;2 1.039511163866892e-05
Z;5;3 0.0
Z;5;4 0.0016480846150174488
Z;5;5 0.0
Z;6;0 0.0
Z;6;1 0.0011812895573782905
Z;6;2 0.00028375808212203725
Z;6;3 0.0
Z;6;4 9.076638043248661e-05
Z;6;5 0.0
Z;7;0 0.0
Z;7;1 0.0
Z;7;2 0.0
Z;7;3 0.0
Z;7;4 0.0004698324190691549
Z;7;5 0.0
Z;8;0 0.0
Z;8;1 0.0003297545683911831
Z;8;2 0.0
Z;8;3 6.237066983201352e-05
Z;8;4 0.00017967135086230005
Z;8;5 0.0
Z;9;0 0.0
Z;9;1 0.0
Z;9;2 7.276578147068243e-05
Z;9;3 0.0
Z;9;4 0.0
Z;9;5 0.0
Z;10;0 0.0
Z;10;1 0.00016487728419559155
Z;10;2 0.0008648868909898037
Z;10;3 0.00010568058514691396
Z;10;4 0.0
Z;10;5 0.0
Z;11;0 0.0
Z;11;1 0.0
Z;11;2 0.0
Z;11;3 7.882168947834368e-05
Z;11;4 0.0
Z;11;5 0.0
Z;12;0 0.0
Z;12;1 0.0006315979174447381
Z;12;2 0.0
Z;12;3 0.0
Z;12;4 0.0
Z;12;5 0.0
Z;13;0 0.0011227764018351138
Z;13;1 0.0006592338460069795
Z;13;2 0.0
Z;13;3 0.0
Z;13;4 0.0003320921598096567
Z;13;5 0.0
Z;14;0 0.0
Z;14;1 0.0003893071386229912
Z;14;2 0.0
Z;14;3 0.0
Z;14;4 0.0005463543290459556
Z;14;5 0.0
Z;15;0 0.0020526002118796977
Z;15;1 0.0001722174150277014
Z;15;2 0.0
Z;15;3 3.118533491600676e-05
Z;15;4 0.0
Z;15;5 0.0
Z;16;0 0.0
Z;16;1 0.0
Z;16;2 0.0
Z;16;3 0.0
Z;16;4 0.0
Z;16;5 0.0
Z;17;0 0.0
Z;17;1 0.0003010497961318743
Z;17;2 0.0
Z;17;3 0.0
Z;17;4 0.0
Z;17;5 0.0
Z;18;0 0.0010721223077688512
Z;18;1 0.0005919397429065622
Z;18;2 0.0
Z;18;3 0.0
Z;18;4 0.0007882376773131969
Z;18;5 0.0
Z;19;0 0.0
Z;19;1 0.0003297545683911831
Z;19;2 0.0
Z;19;3 8.316089310935136e-05
Z;19;4 0.0
Z;19;5 0.0
W;0;0 0.0
W;0;1 0.0004515746941978115
W;0;2 0.0
W;0;3 0.0
W;0;4 0.0
W;0;5 0.0
W;1;0 0.0
W;1;1 6.641843196193134e-05
W;1;2 7.316341656482729e-05
W;1;3 0.0
W;1;4 0.001949351481289252
W;1;5 0.0
W;2;0 0.0
W;2;1 0.0006161338413871437
W;2;2 0.0
W;2;3 0.0001254229998254182
W;2;4 0.00015052489806593715
W;2;5 0.0
W;3;0 0.0011227764018351138
W;3;1 0.0008610374669884516
W;3;2 1.559266745800338e-05
W;3;3 0.0
W;3;4 0.00013283686392386268
W;3;5 0.0
W;4;0 0.0
W;4;1 0.0006020995922637486
W;4;2 0.0
W;4;3 0.0
W;4;4 0.0
W;4;5 0.0
W;5;0 0.0
W;5;1 0.0
W;5;2 8.316089310935136e-05
W;5;3 0.0
W;5;4 0.0004921795656484629
W;5;5 0.0009844677131563729
W;6;0 0.0
W;6;1 0.00010341893250814688
W;6;2 1.559266745800338e-05
W;6;3 0.0001776825830860091
W;6;4 0.0013067679004542829
W;6;5 0.0
W;7;0 0.0
W;7;1 0.0015403346034678592
W;7;2 0.0
W;7;3 0.0
W;7;4 0.0003179800395410409
W;7;5 0.0
W;8;0 0.0
W;8;1 0.0003444348300554028
W;8;2 0.0005469177180608556
W;8;3 0.0008472708857913646
W;8;4 0.0
W;8;5 0.0
W;9;0 0.002953403139469119
W;9;1 0.001419268943682506
W;9;2 0.0
W;9;3 0.0
W;9;4 0.000903149388395623
W;9;5 0.0
W;10;0 0.0
W;10;1 0.0
W;10;2 3.1528675791337475e-05
W;10;3 0.0006054208236928626
W;10;4 0.0011234560579665095
W;10;5 0.0009079932357823781
W;11;0 0.0
W;11;1 0.0
W;11;2 0.0
W;11;3 4.158044655467568e-05
W;11;4 0.002604895505394828
W;11;5 0.0
W;12;0 0.0
W;12;1 0.0002353148663743767
W;12;2 0.0
W;12;3 4.158044655467568e-05
W;12;4 0.0011035327482384757
W;12;5 0.0015126466980929642
W;13;0 0.0
W;13;1 0.0004946318525867747
W;13;2 0.0
W;13;3 0.0
W;13;4 0.0005617280289832548
W;13;5 0.0
W;14;0 0.0037308019386028024
W;14;1 0.0004538319021624331
W;14;2 0.0
W;14;3 5.717311401267906e-05
W;14;4 0.0005617280289832548
W;14;5 0.0
W;15;0 0.0
W;15;1 0.002048828733922334
W;15;2 1.559266745800338e-05
W;15;3 0.0
W;15;4 0.0005848054443867756
W;15;5 0.000877187159639926
W;16;0 0.0
W;16;1 0.00028701248899615055
W;16;2 5.717311401267906e-05
W;16;3 0.0
W;16;4 0.00017967135086230005
W;16;5 0.0
W;17;0 0.0
W;17;1 0.00047294260638791814
W;17;2 0.0
W;17;3 0.0
W;17;4 0.0001872426763277516
W;17;5 0.0
W;18;0 0.0023588057225705965
W;18;1 0.00024466993824505385
W;18;2 0.0
W;18;3 0.0
W;18;4 0.0006020995922637486
W;18;5 0.0
W;19;0 0.0
W;19;1 0.0
W;19;2 6.237066983201352e-05
W;19;3 0.0
W;19;4 0.0003492404596224012
W;19;5 0.0010263001059398489
