X;0;0 0.0
X;0;1 0.0
X;0;2 0.0
X;0;3 0.0
X;0;4 0.00025854292126513173
X;0;5 0.0
X;1;0 0.0
X;1;1 0.0012913829595631678
X;1;2 3.685539580982617e-05
X;1;3 0.0
X;1;4 0.0002908333797013644
X;1;5 0.0
X;2;0 0.0
X;2;1 0.001038792727041301
X;2;2 4.914052774643489e-05
X;2;3 2.4570263873217446e-05
X;2;4 0.00035578612270130596
X;2;5 0.0
X;3;0 0.0
X;3;1 0.00034221104199857815
X;3;2 7.371079161965234e-05
X;3;3 2.4570263873217446e-05
X;3;4 0.00022939335553059635
X;3;5 0.0
X;4;0 0.0
X;4;1 0.0002908333797013644
X;4;2 0.0
X;4;3 0.0
X;4;4 0.0002908333797013644
X;4;5 0.0
X;5;0 0.0
X;5;1 0.0004980169669672219
X;5;2 0.0
X;5;3 7.371079161965234e-05
X;5;4 0.0
X;5;5 0.0
X;6;0 0.0
X;6;1 0.0019169576577311388
X;6;2 0.0
X;6;3 0.0
X;6;4 0.0
X;6;5 0.0
X;7;0 0.0
X;7;1 0.0
X;7;2 0.0001490446491954135
X;7;3 0.0
X;7;4 0.0
X;7;5 0.0
X;8;0 0.0
X;8;1 0.0022939335553059637
X;8;2 0.0
X;8;3 0.00011566215262493452
X;8;4 0.0
X;8;5 0.0
X;9;0 0.0
X;9;1 0.0008851471971857347
X;9;2 6.142565968304361e-05
X;9;3 0.0
X;9;4 0.0
X;9;5 0.002653835131610269
X;10;0 0.0
X;10;1 0.000678393155809083
X;10;2 7.371079161965234e-05
X;10;3 0.0
X;10;4 0.00017110552099928908
X;10;5 0.0
X;11;0 0.0
X;11;1 0.0
X;11;2 0.0
X;11;3 3.685539580982617e-05
X;11;4 0.0004395894894606211
X;11;5 0.0011105129905270934
X;12;0 0.0
X;12;1 0.00037262144745714757
X;12;2 3.685539580982617e-05
X;12;3 0.0
X;12;4 0.0004290774347717549
X;12;5 0.0
X;13;0 0.0
X;13;1 0.0004607558046683686
X;13;2 0.0
X;13;3 0.0
X;13;4 0.0001569890210009286
X;13;5 0.0
X;14;0 0.0
X;14;1 0.0
X;14;2 1.2285131936608723e-05
X;14;3 0.0
X;14;4 0.0007452428949142951
X;14;5 0.0
X;15;0 0.0
X;15;1 0.0006844220839971563
X;15;2 9.88181210745719e-05
X;15;3 3.685539580982617e-05
X;15;4 0.0
X;15;5 0.0
X;16;0 0.0
X;16;1 0.000678393155809083
X;16;2 6.142565968304361e-05
X;16;3 0.0
X;16;4 0.0008493554768036001
X;16;5 0.0
X;17;0 0.0
X;17;1 0.0008725001391040932
X;17;2 0.0
X;17;3 0.0
X;17;4 0.0004607558046683686
X;17;5 0.0
X;18;0 0.0
X;18;1 0.0
X;18;2 0.0
X;18;3 0.0
X;18;4 0.0012984909088016264
X;18;5 0.0
X;19;0 0.0
X;19;1 0.0011006366000221126
X;19;2 0.0
X;19;3 2.4570263873217446e-05
X;19;4 0.0
X;19;5 0.0
Y;0;0 0.0
Y;0;1 0.0
Y;0;2 0.0
Y;0;3 0.0
Y;0;4 0.00038970994446230726
Y;0;5 0.0
Y;1;0 0.0
Y;1;1 0.00027515915000552815
Y;1;2 0.0
Y;1;3 0.0
Y;1;4 0.0008555276049964455
Y;1;5 0.0
Y;2;0 0.0
Y;2;1 0.0008555276049964455
Y;2;2 0.0
Y;2;3 2.4570263873217446e-05
Y;2;4 0.00044257359859286736
Y;2;5 0.0
Y;3;0 0.002653835131610269
Y;3;1 0.0003469864578748036
Y;3;2 0.0
Y;3;3 3.685539580982617e-05
Y;3;4 0.0
Y;3;5 0.0
Y;4;0 0.0
Y;4;1 0.0005503183000110563
Y;4;2 8.599592355626106e-05
Y;4;3 0.0
Y;4;4 0.0
Y;4;5 0.0
Y;5;0 0.0
Y;5;1 0.0
Y;5;2 0.0
Y;5;3 8.599592355626106e-05
Y;5;4 0.0007115722454026119
Y;5;5 0.0
Y;6;0 0.0
Y;6;1 0.0
Y;6;2 0.0
Y;6;3 0.0003996647583737837
Y;6;4 0.000613453672981683
Y;6;5 0.0
Y;7;0 0.0
Y;7;1 0.0018614259692021544
Y;7;2 0.0
Y;7;3 0.0
Y;7;4 0.000728158176184806
Y;7;5 0.0
Y;8;0 0.0
Y;8;1 0.0
Y;8;2 0.0
Y;8;3 9.828105549286978e-05
Y;8;4 0.0
Y;8;5 0.0
Y;9;0 0.0
Y;9;1 0.0005110695264939749
Y;9;2 0.0
Y;9;3 2.4570263873217446e-05
Y;9;4 0.0
Y;9;5 0.0
Y;10;0 0.0
Y;10;1 0.0004709670630027858
Y;10;2 0.0
Y;10;3 9.991618959344592e-05
Y;10;4 0.0
Y;10;5 0.0
Y;11;0 0.0
Y;11;1 0.0
Y;11;2 0.0
Y;11;3 0.0
Y;11;4 0.0
Y;11;5 0.0
Y;12;0 0.0
Y;12;1 0.0
Y;12;2 9.828105549286978e-05
Y;12;3 0.0
Y;12;4 0.0011434533733376074
Y;12;5 0.0
Y;13;0 0.0
Y;13;1 0.00014304573396477582
Y;13;2 0.0
Y;13;3 0.0
Y;13;4 0.0007452428949142951
Y;13;5 0.0
Y;14;0 0.0
Y;14;1 0.00038970994446230726
Y;14;2 2.4570263873217446e-05
Y;14;3 6.142565968304361e-05
Y;14;4 0.0005561987750667084
Y;14;5 0.0
Y;15;0 0.0
Y;15;1 0.0006844220839971563
Y;15;2 4.914052774643489e-05
Y;15;3 0.00011178348689656012
Y;15;4 0.0
Y;15;5 0.0
Y;16;0 0.0
Y;16;1 0.0
Y;16;2 0.0
Y;16;3 3.685539580982617e-05
Y;16;4 0.0
Y;16;5 0.0
Y;17;0 0.0
Y;17;1 0.0
Y;17;2 0.0
Y;17;3 0.0
Y;17;4 0.0009175734221223854
Y;17;5 0.0
Y;18;0 0.0
Y;18;1 0.0009201805094725245
Y;18;2 0.0
Y;18;3 3.685539580982617e-05
Y;18;4 0.0
Y;18;5 0.0
Y;19;0 0.0
Y;19;1 0.0009175734221223854
Y;19;2 0.0
Y;19;3 2.4570263873217446e-05
Y;19;4 0.0
Y;19;5 0.0
Z;0;0 0.0
Z;0;1 0.0
Z;0;2 0.0
Z;0;3 0.0
Z;0;4 0.00037079918337780567
Z;0;5 0.0
Z;1;0 0.0
Z;1;1 0.000613453672981683
Z;1;2 7.371079161965234e-05
Z;1;3 0.0
Z;1;4 0.0
Z;1;5 0.0
Z;2;0 0.0
Z;2;1 0.0
Z;2;2 3.685539580982617e-05
Z;2;3 0.0
Z;2;4 0.0
Z;2;5 0.0
Z;3;0 0.0
Z;3;1 0.0004290774347717549
Z;3;2 0.0
Z;3;3 0.0
Z;3;4 0.00032284573989079196
Z;3;5 0.0
Z;4;0 0.0
Z;4;1 0.0
Z;4;2 0.0
Z;4;3 0.0
Z;4;4 0.000678393155809083
Z;4;5 0.0
Z;5;0 0.0
Z;5;1 0.0
Z;5;2 2.4570263873217446e-05
Z;5;3 0.0
Z;5;4 0.001038792727041301
Z;5;5 0.0
Z;6;0 0.0
Z;6;1 0.0027921389538032317
Z;6;2 0.00018630581149426688
Z;6;3 0.0
Z;6;4 0.0
Z;6;5 0.0
Z;7;0 0.0
Z;7;1 0.0
Z;7;2 0.0
Z;7;3 0.0
Z;7;4 0.0
Z;7;5 0.0
Z;8;0 0.0
Z;8;1 0.0
Z;8;2 0.0
Z;8;3 0.00011056618742947851
Z;8;4 0.0
Z;8;5 0.0
Z;9;0 0.0
Z;9;1 0.0009960339339344438
Z;9;2 6.142565968304361e-05
Z;9;3 0.0
Z;9;4 0.0
Z;9;5 0.0
Z;10;0 0.0
Z;10;1 0.0035073895001607657
Z;10;2 0.0
Z;10;3 9.991618959344592e-05
Z;10;4 0.0
Z;10;5 0.0
Z;11;0 0.0
Z;11;1 0.0
Z;11;2 0.0
Z;11;3 7.452232459770675e-05
Z;11;4 0.0
Z;11;5 0.0
Z;12;0 0.0
Z;12;1 0.0
Z;12;2 0.0
Z;12;3 0.0
Z;12;4 0.0
Z;12;5 0.0
Z;13;0 0.0
Z;13;1 0.0007790945452809757
Z;13;2 0.0
Z;13;3 0.0
Z;13;4 0.0001569890210009286
Z;13;5 0.0
Z;14;0 0.0
Z;14;1 0.0
Z;14;2 0.0
Z;14;3 0.0
Z;14;4 0.00032284573989079196
Z;14;5 0.0
Z;15;0 0.0
Z;15;1 0.0008141186892218611
Z;15;2 0.0
Z;15;3 2.4570263873217446e-05
Z;15;4 0.00038970994446230726
Z;15;5 0.0
Z;16;0 0.0
Z;16;1 0.0
Z;16;2 0.0
Z;16;3 0.0
Z;16;4 0.0
Z;16;5 0.0
Z;17;0 0.0
Z;17;1 0.0
Z;17;2 0.0
Z;17;3 0.0
Z;17;4 0.0007333342486941323
Z;17;5 0.0
Z;18;0 0.0
Z;18;1 0.0007995030293802917
Z;18;2 0.0
Z;18;3 0.0
Z;18;4 0.0
Z;18;5 0.0
Z;19;0 0.0
Z;19;1 0.0007794198889246145
Z;19;2 0.0
Z;19;3 4.914052774643489e-05
Z;19;4 0.0
Z;19;5 0.0
W;0;0 0.0
W;0;1 0.0
W;0;2 0.0
W;0;3 0.0
W;0;4 0.00039975151469014587
W;0;5 0.0
W;1;0 0.0
W;1;1 0.0003139780420018572
W;1;2 0.0001976362421491438
W;1;3 0.0
W;1;4 0.0
W;1;5 0.0
W;2;0 0.0
W;2;1 0.000728158176184806
W;2;2 0.0
W;2;3 0.0001235226513432149
W;2;4 0.0
W;2;5 0.0
W;3;0 0.0
W;3;1 0.0
W;3;2 2.4570263873217446e-05
W;3;3 0.0
W;3;4 0.0004709670630027858
W;3;5 0.0
W;4;0 0.0
W;4;1 0.0
W;4;2 0.0
W;4;3 0.0
W;4;4 0.0002908333797013644
W;4;5 0.0
W;5;0 0.0
W;5;1 0.0
W;5;2 7.371079161965234e-05
W;5;3 0.0
W;5;4 0.0002908333797013644
W;5;5 0.0
W;6;0 0.0
W;6;1 0.0
W;6;2 2.4570263873217446e-05
W;6;3 0.00014822718161185787
W;6;4 0.0018532344770078918
W;6;5 0.0
W;7;0 0.0
W;7;1 0.0
W;7;2 0.0
W;7;3 0.0
W;7;4 0.0007515891843697329
W;7;5 0.0
W;8;0 0.0
W;8;1 0.0
W;8;2 0.00012927146063256587
W;8;3 0.0
W;8;4 0.000858274403788655
W;8;5 0.005456340831718418
W;9;0 0.0
W;9;1 0.0
W;9;2 0.0
W;9;3 0.0
W;9;4 0.0010673583681039178
W;9;5 0.0
W;10;0 0.0
W;10;1 0.0
W;10;2 7.452232459770675e-05
W;10;3 0.0
W;10;4 0.003983162387335807
W;10;5 0.0
W;11;0 0.0
W;11;1 0.0
W;11;2 0.0
W;11;3 3.685539580982617e-05
W;11;4 0.0
W;11;5 0.0
W;12;0 0.0
W;12;1 0.00037079918337780567
W;12;2 0.0
W;12;3 3.685539580982617e-05
W;12;4 0.00037262144745714757
W;12;5 0.0
W;13;0 0.0
W;13;1 0.00038970994446230726
W;13;2 0.0
W;13;3 0.0
W;13;4 0.00044257359859286736
W;13;5 0.0
W;14;0 0.0
W;14;1 0.0006436161521576323
W;14;2 0.0
W;14;3 1.2285131936608723e-05
W;14;4 0.00044257359859286736
W;14;5 0.0
W;15;0 0.0
W;15;1 0.00032284573989079196
W;15;2 2.4570263873217446e-05
W;15;3 0.0
W;15;4 0.0004607558046683686
W;15;5 0.0020733514682398247
W;16;0 0.0
W;16;1 0.000678393155809083
W;16;2 6.142565968304361e-05
W;16;3 0.0
W;16;4 0.0008493554768036001
W;16;5 0.0
W;17;0 0.0
W;17;1 0.0
W;17;2 0.0
W;17;3 0.0
W;17;4 0.0
W;17;5 0.0
W;18;0 0.0
W;18;1 0.0003469864578748036
W;18;2 0.0
W;18;3 0.0
W;18;4 0.0
W;18;5 0.0
W;19;0 0.0
W;19;1 0.0
W;19;2 3.685539580982617e-05
W;19;3 0.0
W;19;4 0.0008254774500165845
W;19;5 0.0
