X;0;0 0.0015056565024744526
X;0;1 0.0005645589135379427
X;0;2 0.0
X;0;3 0.0
X;0;4 8.364623923283674e-05
X;0;5 0.0
X;1;0 0.0018037926113775148
X;1;1 0.0016712014770817465
X;1;2 3.974601508902822e-05
X;1;3 0.0
X;1;4 0.0
X;1;5 0.0
X;2;0 0.0012075203935713907
X;2;1 0.0011762799997379438
X;2;2 5.564442112463951e-05
X;2;3 1.5898406035611288e-05
X;2;4 0.0
X;2;5 0.0
X;3;0 0.0
X;3;1 0.0005535766855859353
X;3;2 6.359362414244515e-05
X;3;3 3.1796812071222575e-05
X;3;4 0.0
X;3;5 0.0
X;4;0 0.0
X;4;1 0.00037637260902529513
X;4;2 0.0
X;4;3 0.0
X;4;4 0.0009409315225632378
X;4;5 0.0
X;5;0 0.0
X;5;1 0.0012889850909739862
X;5;2 0.0
X;5;3 7.949203017805644e-06
X;5;4 0.0
X;5;5 0.0
X;6;0 0.0
X;6;1 0.004134614555890692
X;6;2 0.0
X;6;3 0.0
X;6;4 0.00018511800866029813
X;6;5 0.0
X;7;0 0.0
X;7;1 0.0
X;7;2 4.8220327680869075e-05
X;7;3 0.0
X;7;4 0.00016729247846567348
X;7;5 0.0
X;8;0 0.0
X;8;1 0.0004452929842652753
X;8;2 0.0004603070405867537
X;8;3 0.00044904129842621637
X;8;4 0.0
X;8;5 0.0
X;9;0 0.0
X;9;1 0.0011454846081227156
X;9;2 9.539043621366773e-05
X;9;3 0.0
X;9;4 0.0
X;9;5 0.0
X;10;0 0.0
X;10;1 0.0006584404159323453
X;10;2 8.74412331958621e-05
X;10;3 0.0
X;10;4 0.00011071533711718706
X;10;5 0.0
X;11;0 0.0
X;11;1 0.0
X;11;2 0.000694095850366074
X;11;3 6.359362414244515e-05
X;11;4 0.00016253729022073387
X;11;5 0.0
X;12;0 0.0
X;12;1 0.0007233239862403454
X;12;2 7.15428271602508e-05
X;12;3 0.0
X;12;4 0.0
X;12;5 0.0
X;13;0 0.0
X;13;1 0.0
X;13;2 0.0
X;13;3 0.0
X;13;4 0.00020316226247178997
X;13;5 0.0
X;14;0 0.0
X;14;1 0.0
X;14;2 5.564442112463951e-05
X;14;3 0.0
X;14;4 0.00024110799541344845
X;14;5 0.002784620828732349
X;15;0 0.0
X;15;1 0.00011071533711718706
X;15;2 6.394113716589946e-05
X;15;3 4.7695218106833866e-05
X;15;4 0.0015129915490889577
X;15;5 0.0
X;16;0 0.0
X;16;1 0.0002194801386441151
X;16;2 1.5898406035611288e-05
X;16;3 0.0
X;16;4 0.0013739573889470001
X;16;5 0.0
X;17;0 0.0
X;17;1 0.0
X;17;2 0.0
X;17;3 0.0
X;17;4 0.0014906805445153103
X;17;5 0.0
X;18;0 0.0
X;18;1 0.0
X;18;2 0.0
X;18;3 0.0
X;18;4 0.0001680399999625634
X;18;5 0.0
X;19;0 0.0
X;19;1 0.00035608831177185997
X;19;2 0.0
X;19;3 5.564442112463951e-05
X;19;4 0.0
X;19;5 0.0
Y;0;0 0.0
Y;0;1 0.0
Y;0;2 0.0
Y;0;3 0.0
Y;0;4 0.0015129915490889577
Y;0;5 0.0
Y;1;0 0.0
Y;1;1 0.0
Y;1;2 0.0
Y;1;3 0.0
Y;1;4 0.0005535766855859353
Y;1;5 0.007848177280716491
Y;2;0 0.0011300494261759302
Y;2;1 0.0007750073598203095
Y;2;2 0.0
Y;2;3 1.5898406035611288e-05
Y;2;4 0.0
Y;2;5 0.0
Y;3;0 0.0017171874381007623
Y;3;1 0.000374201082021847
Y;3;2 0.0
Y;3;3 7.949203017805644e-06
Y;3;4 0.0
Y;3;5 0.0
Y;4;0 0.0
Y;4;1 0.00035608831177185997
Y;4;2 8.74412331958621e-05
Y;4;3 0.0
Y;4;4 0.0
Y;4;5 0.0
Y;5;0 0.0
Y;5;1 0.003862252264123419
Y;5;2 0.0
Y;5;3 7.949203017805644e-06
Y;5;4 0.0
Y;5;5 0.0
Y;6;0 0.0
Y;6;1 0.0008243744333682002
Y;6;2 0.0
Y;6;3 3.2325826044938384e-05
Y;6;4 0.0019847030596466214
Y;6;5 0.0
Y;7;0 0.0
Y;7;1 0.0
Y;7;2 2.3847609053416933e-05
Y;7;3 0.0
Y;7;4 0.0
Y;7;5 0.0
Y;8;0 0.0
Y;8;1 0.0002863711520306789
Y;8;2 0.0
Y;8;3 5.564442112463951e-05
Y;8;4 0.0
Y;8;5 0.0
Y;9;0 0.0
Y;9;1 0.0003968304558659099
Y;9;2 0.0
Y;9;3 7.949203017805644e-06
Y;9;4 0.0
Y;9;5 0.0
Y;10;0 0.0
Y;10;1 0.0007110679186512649
Y;10;2 0.0
Y;10;3 3.2325826044938384e-05
Y;10;4 0.0003599619303814013
Y;10;5 0.0
Y;11;0 0.0
Y;11;1 0.0008568409287991043
Y;11;2 0.0
Y;11;3 0.0
Y;11;4 0.0
Y;11;5 0.0
Y;12;0 0.0
Y;12;1 0.0
Y;12;2 8.74412331958621e-05
Y;12;3 0.0
Y;12;4 0.0
Y;12;5 0.0
Y;13;0 0.0
Y;13;1 0.0
Y;13;2 0.0
Y;13;3 0.0
Y;13;4 0.00024110799541344845
Y;13;5 0.0
Y;14;0 0.0
Y;14;1 0.0005043305163629859
Y;14;2 3.974601508902822e-05
Y;14;3 7.949203017805644e-05
Y;14;4 0.0
Y;14;5 0.0
Y;15;0 0.0
Y;15;1 0.00011071533711718706
Y;15;2 3.1796812071222575e-05
Y;15;3 0.0001446609830426072
Y;15;4 0.0015803480437836127
Y;15;5 0.0
Y;16;0 0.0
Y;16;1 0.0010941743054631125
Y;16;2 0.0
Y;16;3 2.3847609053416933e-05
Y;16;4 0.0016638266345457362
Y;16;5 0.0028231267004362576
Y;17;0 0.0
Y;17;1 0.0
Y;17;2 0.0
Y;17;3 0.0
Y;17;4 0.0002968619895101835
Y;17;5 0.0
Y;18;0 0.0
Y;18;1 0.00019847030596466215
Y;18;2 0.0
Y;18;3 9.539043621366773e-05
Y;18;4 0.0
Y;18;5 0.0
Y;19;0 0.0
Y;19;1 0.0004452929842652753
Y;19;2 0.0
Y;19;3 4.7695218106833866e-05
Y;19;4 0.00037637260902529513
Y;19;5 0.0
Z;0;0 0.0
Z;0;1 0.002194801386441151
Z;0;2 0.0
Z;0;3 0.0
Z;0;4 0.0
Z;0;5 0.0
Z;1;0 0.0
Z;1;1 0.00019847030596466215
Z;1;2 7.949203017805644e-05
Z;1;3 0.0
Z;1;4 0.0002089001846352183
Z;1;5 0.0
Z;2;0 0.0
Z;2;1 0.0004389602772882302
Z;2;2 4.7695218106833866e-05
Z;2;3 0.0
Z;2;4 0.0008243744333682002
Z;2;5 0.0
Z;3;0 0.0
Z;3;1 0.00027763834014642966
Z;3;2 0.0
Z;3;3 0.0
Z;3;4 0.0
Z;3;5 0.0
Z;4;0 0.0
Z;4;1 0.0
Z;4;2 0.0
Z;4;3 0.0
Z;4;4 0.0002194801386441151
Z;4;5 0.0
Z;5;0 0.0
Z;5;1 0.00048632241341570957
Z;5;2 0.00011128884224927902
Z;5;3 0.0
Z;5;4 0.0001680399999625634
Z;5;5 0.0
Z;6;0 0.0
Z;6;1 0.0
Z;6;2 2.4110163840434537e-05
Z;6;3 0.0
Z;6;4 0.0019434683810250074
Z;6;5 0.0
Z;7;0 0.0
Z;7;1 0.0
Z;7;2 0.0
Z;7;3 0.0
Z;7;4 0.0
Z;7;5 0.0
Z;8;0 0.0
Z;8;1 0.00025216525818149294
Z;8;2 0.0
Z;8;3 5.564442112463951e-05
Z;8;4 0.0
Z;8;5 0.0
Z;9;0 0.0
Z;9;1 0.00032224627274349656
Z;9;2 5.564442112463951e-05
Z;9;3 0.0
Z;9;4 0.0
Z;9;5 0.0
Z;10;0 0.00261083427715202
Z;10;1 0.0010086610327259718
Z;10;2 0.0003306920465549249
Z;10;3 3.2325826044938384e-05
Z;10;4 0.0
Z;10;5 0.0
Z;11;0 0.0
Z;11;1 0.0
Z;11;2 0.0
Z;11;3 0.00026521180224477994
Z;11;4 0.0
Z;11;5 0.0
Z;12;0 0.0033327937449656297
Z;12;1 0.0019319465710074342
Z;12;2 0.0
Z;12;3 0.0
Z;12;4 0.0009659732855037171
Z;12;5 0.0
Z;13;0 0.0
Z;13;1 0.0001680399999625634
Z;13;2 0.0
Z;13;3 0.0
Z;13;4 0.0
Z;13;5 0.0
Z;14;0 0.0
Z;14;1 0.0
Z;14;2 0.0
Z;14;3 0.0
Z;14;4 0.0010445009231760916
Z;14;5 0.0
Z;15;0 0.0
Z;15;1 0.0
Z;15;2 0.0
Z;15;3 7.15428271602508e-05
Z;15;4 0.0010086610327259718
Z;15;5 0.0
Z;16;0 0.0
Z;16;1 0.0
Z;16;2 0.0
Z;16;3 0.0
Z;16;4 0.0008568409287991043
Z;16;5 0.0
Z;17;0 0.0
Z;17;1 0.0
Z;17;2 0.0
Z;17;3 0.0
Z;17;4 0.0003163402641425669
Z;17;5 0.0
Z;18;0 0.0
Z;18;1 0.00012933137239975307
Z;18;2 0.0
Z;18;3 0.0
Z;18;4 0.0
Z;18;5 0.0
Z;19;0 0.0
Z;19;1 0.00025216525818149294
Z;19;2 0.0
Z;19;3 4.7695218106833866e-05
Z;19;4 0.0005267826812612042
Z;19;5 0.0
W;0;0 0.0
W;0;1 0.0
W;0;2 0.0
W;0;3 0.0
W;0;4 0.001422645096397284
W;0;5 0.0
W;1;0 0.0
W;1;1 0.00020316226247178997
W;1;2 0.0002078086957891733
W;1;3 0.0
W;1;4 0.0
W;1;5 0.0
W;2;0 0.0
W;2;1 0.0014134835184763882
W;2;2 0.0
W;2;3 0.00011189699004032407
W;2;4 0.0006906436499495939
W;2;5 0.0
W;3;0 0.0
W;3;1 0.0
W;3;2 7.949203017805644e-06
W;3;3 0.0
W;3;4 0.0008126490498871599
W;3;5 0.0
W;4;0 0.0
W;4;1 0.00115107274991599
W;4;2 0.0
W;4;3 0.0
W;4;4 0.00037637260902529513
W;4;5 0.0
W;5;0 0.0
W;5;1 0.0003471738842697328
W;5;2 0.00011923804526708468
W;5;3 0.0
W;5;4 0.0
W;5;5 0.0
W;6;0 0.0
W;6;1 0.0022143818489979684
W;6;2 1.5898406035611288e-05
W;6;3 1.5985284291474866e-05
W;6;4 0.0
W;6;5 0.0
W;7;0 0.0
W;7;1 0.00047116117282546276
W;7;2 0.0
W;7;3 0.0
W;7;4 0.0
W;7;5 0.0
W;8;0 0.0
W;8;1 0.0007901740218918063
W;8;2 0.0006691699138626939
W;8;3 0.0005553540259808944
W;8;4 0.0
W;8;5 0.0
W;9;0 0.0
W;9;1 0.0
W;9;2 0.0
W;9;3 0.0
W;9;4 0.00115107274991599
W;9;5 0.0
W;10;0 0.0
W;10;1 0.0
W;10;2 2.4110163840434537e-05
W;10;3 0.0003306920465549249
W;10;4 0.0011454846081227156
W;10;5 0.0024302171898881292
W;11;0 0.0
W;11;1 0.0006022260488595206
W;11;2 0.0
W;11;3 0.00011923804526708468
W;11;4 0.0
W;11;5 0.0
W;12;0 0.0
W;12;1 0.0
W;12;2 0.0
W;12;3 7.949203017805644e-05
W;12;4 0.0007233239862403454
W;12;5 0.0
W;13;0 0.0
W;13;1 0.0007564957745444788
W;13;2 0.0
W;13;3 0.0
W;13;4 0.0
W;13;5 0.0
W;14;0 0.0
W;14;1 0.00013881917007321483
W;14;2 0.0
W;14;3 7.949203017805644e-05
W;14;4 0.0008591134560920367
W;14;5 0.0
W;15;0 0.0
W;15;1 0.0008356007385408732
W;15;2 7.15428271602508e-05
W;15;3 0.0
W;15;4 0.0
W;15;5 0.0
W;16;0 0.0
W;16;1 0.0002194801386441151
W;16;2 1.5898406035611288e-05
W;16;3 0.0
W;16;4 0.0013739573889470001
W;16;5 0.0
W;17;0 0.0
W;17;1 0.0
W;17;2 0.0
W;17;3 0.0
W;17;4 0.0011454846081227156
W;17;5 0.0
W;18;0 0.0
W;18;1 7.48402164043694e-05
W;18;2 0.0
W;18;3 0.0
W;18;4 0.0
W;18;5 0.0
W;19;0 0.0
W;19;1 0.0006201847484999186
W;19;2 7.949203017805644e-05
W;19;3 0.0
W;19;4 0.0
W;19;5 0.0
