X;0;0 0.0011634618428211679
X;0;1 0.00130875020865614
X;0;2 0.0
X;0;3 0.0
X;0;4 0.0
X;0;5 0.0011179830316430223
X;1;0 0.0
X;1;1 0.00032284573989079196
X;1;2 9.213848952456542e-05
X;1;3 0.0
X;1;4 0.0
X;1;5 0.0
X;2;0 0.0
X;2;1 0.0005193963635206505
X;2;2 9.213848952456542e-05
X;2;3 1.8427697904913085e-05
X;2;4 0.0
X;2;5 0.0
X;3;0 0.0
X;3;1 0.0
X;3;2 6.1425659683043615e-06
X;3;3 7.98533575879567e-05
X;3;4 0.0009175734221223854
X;3;5 0.0
X;4;0 0.0
X;4;1 0.0001454166898506822
X;4;2 0.0
X;4;3 0.0
X;4;4 0.0
X;4;5 0.0
X;5;0 0.0
X;5;1 0.0
X;5;2 0.0
X;5;3 9.213848952456542e-05
X;5;4 0.0002303779023341843
X;5;5 0.0
X;6;0 0.0
X;6;1 0.0
X;6;2 0.0
X;6;3 0.0
X;6;4 0.00021456860094716375
X;6;5 0.0006428421088017617
X;7;0 0.0
X;7;1 0.0
X;7;2 3.7261162298853374e-05
X;7;3 0.0
X;7;4 0.00032317865158141467
X;7;5 0.0
X;8;0 0.0
X;8;1 0.0
X;8;2 0.0001333844265336616
X;8;3 0.0010409593736244106
X;8;4 0.00012984909088016263
X;8;5 0.0
X;9;0 0.0
X;9;1 0.00022128679929643368
X;9;2 1.8427697904913085e-05
X;9;3 0.0
X;9;4 0.00021233886920090002
X;9;5 0.0
X;10;0 0.0
X;10;1 0.0
X;10;2 3.0712829841521806e-05
X;10;3 0.0
X;10;4 0.00042776380249822277
X;10;5 0.003513530190763997
X;11;0 0.0
X;11;1 0.0
X;11;2 0.0
X;11;3 6.1425659683043615e-06
X;11;4 0.00021979474473031056
X;11;5 0.007773590933689653
X;12;0 0.001787673370473503
X;12;1 0.000931553618642869
X;12;2 4.299796177813053e-05
X;12;3 0.0
X;12;4 0.00021453871738587744
X;12;5 0.0
X;13;0 0.0
X;13;1 0.0009215116093367372
X;13;2 0.0
X;13;3 0.0
X;13;4 0.0
X;13;5 0.0
X;14;0 0.0
X;14;1 0.0
X;14;2 6.1425659683043615e-06
X;14;3 0.0
X;14;4 0.00018631072372857378
X;14;5 0.0
X;15;0 0.0
X;15;1 8.555276049964454e-05
X;15;2 7.411359080592893e-05
X;15;3 7.98533575879567e-05
X;15;4 0.00038970994446230726
X;15;5 0.0
X;16;0 0.0
X;16;1 0.0011871880226658952
X;16;2 3.0712829841521806e-05
X;16;3 0.0
X;16;4 0.00021233886920090002
X;16;5 0.0
X;17;0 0.0
X;17;1 0.0002908333797013644
X;17;2 0.0
X;17;3 0.0
X;17;4 0.0006911337070025529
X;17;5 0.0
X;18;0 0.0
X;18;1 0.0
X;18;2 0.0
X;18;3 0.0
X;18;4 0.0015581890905619514
X;18;5 0.002653835131610269
X;19;0 0.0
X;19;1 0.0005503183000110563
X;19;2 0.0
X;19;3 8.599592355626106e-05
X;19;4 0.00032284573989079196
X;19;5 0.0
Y;0;0 0.0
Y;0;1 0.00046009025473626227
Y;0;2 0.0
Y;0;3 0.0
Y;0;4 0.00038970994446230726
Y;0;5 0.0
Y;1;0 0.0
Y;1;1 0.0
Y;1;2 0.0
Y;1;3 0.0
Y;1;4 0.00017110552099928908
Y;1;5 0.0
Y;2;0 0.0
Y;2;1 0.00034221104199857815
Y;2;2 0.0
Y;2;3 1.2285131936608723e-05
Y;2;4 0.0
Y;2;5 0.0
Y;3;0 0.0
Y;3;1 0.0
Y;3;2 0.0
Y;3;3 0.00010442362146117415
Y;3;4 0.0001454166898506822
Y;3;5 0.0
Y;4;0 0.0
Y;4;1 0.00041273872500829223
Y;4;2 4.299796177813053e-05
Y;4;3 0.0
Y;4;4 0.0
Y;4;5 0.0012129001252016395
Y;5;0 0.0
Y;5;1 0.0002984467658640824
Y;5;2 0.0
Y;5;3 7.371079161965234e-05
Y;5;4 0.0010673583681039178
Y;5;5 0.0
Y;6;0 0.0
Y;6;1 0.0
Y;6;2 0.0
Y;6;3 0.00032472761617869923
Y;6;4 0.00046009025473626227
Y;6;5 0.0
Y;7;0 0.0
Y;7;1 0.0
Y;7;2 6.756822565134798e-05
Y;7;3 0.0
Y;7;4 0.0
Y;7;5 0.0
Y;8;0 0.0
Y;8;1 0.00022128679929643368
Y;8;2 0.0
Y;8;3 3.685539580982617e-05
Y;8;4 0.0006105890169163957
Y;8;5 0.0
Y;9;0 0.0
Y;9;1 0.00010221390529879497
Y;9;2 0.0
Y;9;3 4.299796177813053e-05
Y;9;4 0.003088724128346487
Y;9;5 0.0
Y;10;0 0.0
Y;10;1 0.0
Y;10;2 0.0
Y;10;3 0.00014987428439016887
Y;10;4 0.0013907620037463234
Y;10;5 0.0018661678809739673
Y;11;0 0.0
Y;11;1 0.0006621043540720351
Y;11;2 0.0
Y;11;3 0.0
Y;11;4 0.0
Y;11;5 0.0
Y;12;0 0.0
Y;12;1 0.0
Y;12;2 0.00010442362146117415
Y;12;3 0.0
Y;12;4 0.0
Y;12;5 0.0021815069957916537
Y;13;0 0.0
Y;13;1 0.0
Y;13;2 0.0
Y;13;3 0.0
Y;13;4 0.000931553618642869
Y;13;5 0.0
Y;14;0 0.0
Y;14;1 0.0009742748611557682
Y;14;2 9.828105549286978e-05
Y;14;3 6.1425659683043615e-06
Y;14;4 0.0
Y;14;5 0.0
Y;15;0 0.0
Y;15;1 0.00017110552099928908
Y;15;2 4.299796177813053e-05
Y;15;3 0.00024219755494254692
Y;15;4 0.0
Y;15;5 0.0
Y;16;0 0.0
Y;16;1 0.0
Y;16;2 0.0
Y;16;3 0.00010442362146117415
Y;16;4 0.0
Y;16;5 0.0
Y;17;0 0.0
Y;17;1 0.00016959828895227075
Y;17;2 0.0
Y;17;3 0.0
Y;17;4 0.00034409003329589455
Y;17;5 0.0
Y;18;0 0.0
Y;18;1 0.001840361018945049
Y;18;2 0.0
Y;18;3 1.8427697904913085e-05
Y;18;4 0.0
Y;18;5 0.0
Y;19;0 0.0009655603119869545
Y;19;1 0.00034409003329589455
Y;19;2 0.0
Y;19;3 4.299796177813053e-05
Y;19;4 0.0011633335188054577
Y;19;5 0.0
Z;0;0 0.0013269175658051345
Z;0;1 0.0
Z;0;2 0.0
Z;0;3 0.0
Z;0;4 0.0006488985709111599
Z;0;5 0.0
Z;1;0 0.0
Z;1;1 0.0
Z;1;2 3.0712829841521806e-05
Z;1;3 0.0
Z;1;4 0.0006456914797815839
Z;1;5 0.0
Z;2;0 0.0
Z;2;1 0.001356786311618166
Z;2;2 4.299796177813053e-05
Z;2;3 0.0
Z;2;4 0.00042467773840180003
Z;2;5 0.0
Z;3;0 0.0
Z;3;1 0.00010726935869293872
Z;3;2 0.0
Z;3;3 0.0
Z;3;4 0.0
Z;3;5 0.0
Z;4;0 0.0
Z;4;1 0.00020352967230546527
Z;4;2 0.0
Z;4;3 0.0
Z;4;4 0.0005087948668568123
Z;4;5 0.0
Z;5;0 0.0
Z;5;1 0.0
Z;5;2 4.914052774643489e-05
Z;5;3 0.0
Z;5;4 0.0009089436361611383
Z;5;5 0.0
Z;6;0 0.0
Z;6;1 0.0
Z;6;2 0.0001304140680459868
Z;6;3 0.0
Z;6;4 0.00010726935869293872
Z;6;5 0.0
Z;7;0 0.0
Z;7;1 0.000451664701630618
Z;7;2 0.0
Z;7;3 0.0
Z;7;4 0.0
Z;7;5 0.0
Z;8;0 0.0
Z;8;1 0.00019485497223115363
Z;8;2 0.0
Z;8;3 3.685539580982617e-05
Z;8;4 0.0006370166076027
Z;8;5 0.0
Z;9;0 0.0
Z;9;1 0.0004980169669672219
Z;9;2 6.756822565134798e-05
Z;9;3 0.0
Z;9;4 0.00016959828895227075
Z;9;5 0.0
Z;10;0 0.0034585077437598185
Z;10;1 0.0
Z;10;2 0.00015332085794819245
Z;10;3 4.995809479672296e-05
Z;10;4 0.002728170415859209
Z;10;5 0.0013269175658051345
Z;11;0 0.0
Z;11;1 0.0005236827161983134
Z;11;2 0.0
Z;11;3 0.0
Z;11;4 0.0
Z;11;5 0.0
Z;12;0 0.0
Z;12;1 0.0007464339024346905
Z;12;2 0.0
Z;12;3 0.0
Z;12;4 0.0
Z;12;5 0.0
Z;13;0 0.0013269175658051345
Z;13;1 0.0005193963635206505
Z;13;2 0.0
Z;13;3 0.0
Z;13;4 0.0001569890210009286
Z;13;5 0.0
Z;14;0 0.0
Z;14;1 0.000613453672981683
Z;14;2 0.0
Z;14;3 0.0
Z;14;4 0.00032284573989079196
Z;14;5 0.0
Z;15;0 0.0
Z;15;1 0.0008141186892218611
Z;15;2 0.0
Z;15;3 5.5283093714739256e-05
Z;15;4 0.0
Z;15;5 0.0
Z;16;0 0.0
Z;16;1 0.0
Z;16;2 0.0
Z;16;3 0.0
Z;16;4 0.0
Z;16;5 0.0
Z;17;0 0.0
Z;17;1 0.00017789306135065298
Z;17;2 0.0
Z;17;3 0.0
Z;17;4 0.00036666712434706616
Z;17;5 0.0
Z;18;0 0.0
Z;18;1 0.00019987575734507293
Z;18;2 0.0
Z;18;3 0.0
Z;18;4 0.00018631072372857378
Z;18;5 0.0
Z;19;0 0.0
Z;19;1 0.00019485497223115363
Z;19;2 0.0
Z;19;3 9.213848952456542e-05
Z;19;4 0.0
Z;19;5 0.0
W;0;0 0.0
W;0;1 0.0
W;0;2 0.0
W;0;3 0.0
W;0;4 0.00019987575734507293
W;0;5 0.0
W;1;0 0.0
W;1;1 7.84945105004643e-05
W;1;2 0.00011117038620889339
W;1;3 0.0
W;1;4 0.0004607558046683686
W;1;5 0.0
W;2;0 0.0
W;2;1 0.001456316352369612
W;2;2 0.0
W;2;3 4.940906053728595e-05
W;2;4 0.0
W;2;5 0.0
W;3;0 0.0
W;3;1 0.0003391965779045415
W;3;2 5.5283093714739256e-05
W;3;3 0.0
W;3;4 7.84945105004643e-05
W;3;5 0.0
W;4;0 0.0
W;4;1 0.0
W;4;2 0.0
W;4;3 0.0
W;4;4 0.0001454166898506822
W;4;5 0.0
W;5;0 0.0
W;5;1 0.0002682707287538844
W;5;2 3.0712829841521806e-05
W;5;3 0.0
W;5;4 0.0
W;5;5 0.0
W;6;0 0.0
W;6;1 0.0
W;6;2 8.599592355626106e-05
W;6;3 9.88181210745719e-05
W;6;4 0.0
W;6;5 0.0
W;7;0 0.0
W;7;1 0.0
W;7;2 0.0
W;7;3 0.0
W;7;4 0.0007515891843697329
W;7;5 0.0
W;8;0 0.0
W;8;1 0.0
W;8;2 0.00019390719094884877
W;8;3 0.0012874116056829825
W;8;4 7.152286698238791e-05
W;8;5 0.0
W;9;0 0.0023269236856423357
W;9;1 0.002156551511829262
W;9;2 0.0
W;9;3 0.0
W;9;4 0.0005336791840519589
W;9;5 0.0
W;10;0 0.0
W;10;1 0.0030308624725952538
W;10;2 3.7261162298853374e-05
W;10;3 0.00015332085794819245
W;10;4 0.0
W;10;5 0.003219248745046613
W;11;0 0.0
W;11;1 0.0004653564923005386
W;11;2 0.0
W;11;3 0.0
W;11;4 0.0
W;11;5 0.0
W;12;0 0.0
W;12;1 0.00018539959168890283
W;12;2 0.0
W;12;3 4.299796177813053e-05
W;12;4 0.000931553618642869
W;12;5 0.001787673370473503
W;13;0 0.0
W;13;1 0.0009742748611557682
W;13;2 0.0
W;13;3 0.0
W;13;4 0.0008851471971857347
W;13;5 0.0
W;14;0 0.0
W;14;1 0.0004290774347717549
W;14;2 0.0
W;14;3 4.299796177813053e-05
W;14;4 0.0008851471971857347
W;14;5 0.0
W;15;0 0.0
W;15;1 0.0
W;15;2 5.5283093714739256e-05
W;15;3 0.0
W;15;4 0.0009215116093367372
W;15;5 0.0
W;16;0 0.0021815069957916537
W;16;1 0.0010175897337136245
W;16;2 3.0712829841521806e-05
W;16;3 0.0
W;16;4 0.00021233886920090002
W;16;5 0.0
W;17;0 0.0
W;17;1 0.00018631072372857378
W;17;2 0.0
W;17;3 0.0
W;17;4 0.0
W;17;5 0.0
W;18;0 0.0
W;18;1 0.00011566215262493452
W;18;2 0.0
W;18;3 0.0
W;18;4 0.0007115722454026119
W;18;5 0.0
W;19;0 0.0
W;19;1 0.0007188505039430874
W;19;2 6.142565968304361e-05
W;19;3 0.0
W;19;4 0.00027515915000552815
W;19;5 0.0012129001252016395
