X;0;0 0.0
X;0;1 0.0006398334353430017
X;0;2 0.0
X;0;3 0.0
X;0;4 0.00035549651673955616
X;0;5 0.0
X;1;0 0.0
X;1;1 0.0008878257846996779
X;1;2 4.7297757955943585e-05
X;1;3 0.0
X;1;4 0.00047987507650725127
X;1;5 0.0
X;2;0 0.001026392334535682
X;2;1 0.0005713359998727156
X;2;2 6.756822565134798e-05
X;2;3 1.3513645130269595e-05
X;2;4 0.0005870471024571549
X;2;5 0.0
X;3;0 0.0
X;3;1 0.000564648219297654
X;3;2 5.405458052107838e-05
X;3;3 4.0540935390808783e-05
X;3;4 0.0
X;3;5 0.0
X;4;0 0.0
X;4;1 0.00031991671767150085
X;4;2 0.0
X;4;3 0.0
X;4;4 0.0007997917941787522
X;4;5 0.0
X;5;0 0.0
X;5;1 0.0002739093318319721
X;5;2 0.0
X;5;3 8.108187078161757e-05
X;5;4 0.0007602470777028082
X;5;5 0.0
X;6;0 0.0
X;6;1 0.0
X;6;2 0.0
X;6;3 0.0
X;6;4 0.000550726075764387
X;6;5 0.0007071263196819379
X;7;0 0.0
X;7;1 0.0
X;7;2 2.0493639264369357e-05
X;7;3 0.0
X;7;4 0.00035549651673955616
X;7;5 0.0
X;8;0 0.001459609322385648
X;8;1 0.000252332691083656
X;8;2 0.0003423533614363981
X;8;3 0.000508913471549712
X;8;4 0.0002856679999363578
X;8;5 0.0
X;9;0 0.0
X;9;1 0.0009736619169043084
X;9;2 0.0
X;9;3 0.0
X;9;4 0.0007007182683629701
X;9;5 0.0
X;10;0 0.0
X;10;1 0.0003731162356949957
X;10;2 4.0540935390808783e-05
X;10;3 0.0
X;10;4 0.000188216073099218
X;10;5 0.0
X;11;0 0.0
X;11;1 0.0
X;11;2 0.0001179962945622326
X;11;3 0.00010135233847702197
X;11;4 0.0001381566966876238
X;11;5 0.0
X;12;0 0.0
X;12;1 0.0
X;12;2 8.783869334675238e-05
X;12;3 0.0
X;12;4 0.0001179962945622326
X;12;5 0.0
X;13;0 0.0
X;13;1 0.0007602470777028082
X;13;2 0.0
X;13;3 0.0
X;13;4 0.0006907516924040859
X;13;5 0.0
X;14;0 0.0
X;14;1 0.0008197671844057247
X;14;2 2.0270467695404392e-05
X;14;3 0.0
X;14;4 0.002049417961014312
X;14;5 0.0011834638522112485
X;15;0 0.0
X;15;1 0.000470540182748045
X;15;2 9.511244153427547e-05
X;15;3 3.378411282567399e-05
X;15;4 0.000428680938908538
X;15;5 0.0021462420028032165
X;16;0 0.0
X;16;1 0.00018655811784749784
X;16;2 2.702729026053919e-05
X;16;3 0.0
X;16;4 0.0009342910244839602
X;16;5 0.0
X;17;0 0.0
X;17;1 0.0
X;17;2 0.0
X;17;3 0.0
X;17;4 0.001013662770270411
X;17;5 0.0
X;18;0 0.0
X;18;1 0.0005271570362249308
X;18;2 0.0
X;18;3 0.0
X;18;4 0.0001428339999681789
X;18;5 0.004378827967156944
X;19;0 0.0
X;19;1 0.001210700260024324
X;19;2 0.0
X;19;3 2.0270467695404392e-05
X;19;4 0.0
X;19;5 0.0
Y;0;0 0.0
Y;0;1 0.0006747990402798514
Y;0;2 0.0
Y;0;3 0.0
Y;0;4 0.000214340469454269
Y;0;5 0.0
Y;1;0 0.0
Y;1;1 0.0004540125975091215
Y;1;2 0.0
Y;1;3 0.0
Y;1;4 0.000470540182748045
Y;1;5 0.0
Y;2;0 0.0009605420122495407
Y;2;1 0.000470540182748045
Y;2;2 0.0
Y;2;3 2.0270467695404392e-05
Y;2;4 0.0004868309584521542
Y;2;5 0.0
Y;3;0 0.0
Y;3;1 0.000127228367887428
Y;3;2 0.0
Y;3;3 4.7297757955943585e-05
Y;3;4 0.0
Y;3;5 0.0
Y;4;0 0.0
Y;4;1 0.0004540125975091215
Y;4;2 3.378411282567399e-05
Y;4;3 0.0
Y;4;4 0.0014604928753564623
Y;4;5 0.0013341901377218034
Y;5;0 0.0
Y;5;1 0.0009848743273514718
Y;5;2 0.0
Y;5;3 4.7297757955943585e-05
Y;5;4 0.0007827294699428732
Y;5;5 0.0025596160542065696
Y;6;0 0.0
Y;6;1 0.0
Y;6;2 0.0
Y;6;3 0.00024729256924377866
Y;6;4 0.0003373995201399257
Y;6;5 0.0
Y;7;0 0.0
Y;7;1 0.0
Y;7;2 1.3513645130269595e-05
Y;7;3 0.0
Y;7;4 0.0016019479876065734
Y;7;5 0.0
Y;8;0 0.004850042520183642
Y;8;1 0.0002434154792260771
Y;8;2 0.0
Y;8;3 4.0540935390808783e-05
Y;8;4 0.0006716479186080354
Y;8;5 0.0
Y;9;0 0.0
Y;9;1 0.00022487059165734896
Y;9;2 0.0
Y;9;3 6.0811403086213175e-05
Y;9;4 0.0016987982705905678
Y;9;5 0.0
Y;10;0 0.0
Y;10;1 0.00017268792310102147
Y;10;2 0.0
Y;10;3 0.00024729256924377866
Y;10;4 0.0006119352816483822
Y;10;5 0.0
Y;11;0 0.0
Y;11;1 0.0
Y;11;2 0.0
Y;11;3 0.0
Y;11;4 0.002636625121997874
Y;11;5 0.0
Y;12;0 0.0
Y;12;1 0.0029132591579169548
Y;12;2 3.378411282567399e-05
Y;12;3 0.0
Y;12;4 0.0
Y;12;5 0.0
Y;13;0 0.0
Y;13;1 0.0006294012294450137
Y;13;2 0.0
Y;13;3 0.0
Y;13;4 0.0008197671844057247
Y;13;5 0.0
Y;14;0 0.0
Y;14;1 0.00214340469454269
Y;14;2 2.0270467695404392e-05
Y;14;3 2.0270467695404392e-05
Y;14;4 0.00040787910171558625
Y;14;5 0.0
Y;15;0 0.0009605420122495407
Y;15;1 0.000376432146198436
Y;15;2 5.405458052107838e-05
Y;15;3 0.00010246819632184678
Y;15;4 0.0002238826395360118
Y;15;5 0.0013937590000995066
Y;16;0 0.0
Y;16;1 0.0
Y;16;2 0.0
Y;16;3 4.0540935390808783e-05
Y;16;4 0.0014142526393638758
Y;16;5 0.0
Y;17;0 0.0
Y;17;1 0.0003731162356949957
Y;17;2 0.0
Y;17;3 0.0
Y;17;4 0.0007569980732509679
Y;17;5 0.0
Y;18;0 0.0
Y;18;1 0.0003373995201399257
Y;18;2 0.0
Y;18;3 3.378411282567399e-05
Y;18;4 0.000428680938908538
Y;18;5 0.0
Y;19;0 0.0
Y;19;1 0.00126166345541828
Y;19;2 0.0
Y;19;3 2.0270467695404392e-05
Y;19;4 0.0
Y;19;5 0.0
Z;0;0 0.0
Z;0;1 0.0007462324713899914
Z;0;2 0.0
Z;0;3 0.0
Z;0;4 0.0005098488771444828
Z;0;5 0.0027029194496155126
Z;1;0 0.0
Z;1;1 0.0006747990402798514
Z;1;2 4.7297757955943585e-05
Z;1;3 0.0
Z;1;4 0.00035513031387987115
Z;1;5 0.0
Z;2;0 0.0
Z;2;1 0.0
Z;2;2 7.432504821648277e-05
Z;2;3 0.0
Z;2;4 0.0007007182683629701
Z;2;5 0.0
Z;3;0 0.0
Z;3;1 0.0002359925891244652
Z;3;2 0.0
Z;3;3 0.0
Z;3;4 0.0012429560985795492
Z;3;5 0.0
Z;4;0 0.0013937590000995066
Z;4;1 0.0013432958372160708
Z;4;2 0.0
Z;4;3 0.0
Z;4;4 0.0005596743535424935
Z;4;5 0.0
Z;5;0 0.0
Z;5;1 0.0
Z;5;2 6.0811403086213175e-05
Z;5;3 0.0
Z;5;4 0.0001428339999681789
Z;5;5 0.0
Z;6;0 0.0
Z;6;1 0.001023784283061185
Z;6;2 0.00012296183558621612
Z;6;3 0.0
Z;6;4 0.0004719851782489304
Z;6;5 0.0027465307216702744
Z;7;0 0.0
Z;7;1 0.0
Z;7;2 0.0
Z;7;3 0.0
Z;7;4 0.0
Z;7;5 0.0
Z;8;0 0.004378827967156944
Z;8;1 0.000214340469454269
Z;8;2 0.0
Z;8;3 4.0540935390808783e-05
Z;8;4 0.0007007182683629701
Z;8;5 0.0
Z;9;0 0.0
Z;9;1 0.0016434559909918323
Z;9;2 6.0811403086213175e-05
Z;9;3 0.0
Z;9;4 0.0007462324713899914
Z;9;5 0.0
Z;10;0 0.00031702987651131674
Z;10;1 0.000643021408362807
Z;10;2 0.0003373058874860234
Z;10;3 0.000219815617105581
Z;10;4 0.001500493728722565
Z;10;5 0.0
Z;11;0 0.0
Z;11;1 0.0
Z;11;2 0.0
Z;11;3 0.0003483918674942791
Z;11;4 0.0009605420122495407
Z;11;5 0.0
Z;12;0 0.0
Z;12;1 0.0
Z;12;2 0.0
Z;12;3 0.0
Z;12;4 0.001642154585356319
Z;12;5 0.0
Z;13;0 0.0
Z;13;1 0.00042850199990453663
Z;13;2 0.0
Z;13;3 0.0
Z;13;4 0.0007770956539545965
Z;13;5 0.0
Z;14;0 0.0
Z;14;1 0.00016869976006996285
Z;14;2 0.0
Z;14;3 0.0
Z;14;4 0.0
Z;14;5 0.0
Z;15;0 0.0
Z;15;1 0.0
Z;15;2 0.0
Z;15;3 2.0270467695404392e-05
Z;15;4 0.000428680938908538
Z;15;5 0.0
Z;16;0 0.0
Z;16;1 0.0
Z;16;2 0.0
Z;16;3 0.0
Z;16;4 0.0007283147894792387
Z;16;5 0.0
Z;17;0 0.0
Z;17;1 0.0003913647349714366
Z;17;2 0.0
Z;17;3 0.0
Z;17;4 0.0009411122858241366
Z;17;5 0.0
Z;18;0 0.0
Z;18;1 0.0004397266661591605
Z;18;2 0.0
Z;18;3 0.0
Z;18;4 0.00040988359220286237
Z;18;5 0.0
Z;19;0 0.0
Z;19;1 0.0
Z;19;2 0.0
Z;19;3 3.378411282567399e-05
Z;19;4 0.001119413197680059
Z;19;5 0.0
W;0;0 0.0
W;0;1 0.0003913647349714366
W;0;2 0.0
W;0;3 0.0
W;0;4 0.00010993166653979012
W;0;5 0.0
W;1;0 0.0
W;1;1 0.00034537584620204293
W;1;2 0.00016304989977304363
W;1;3 0.0
W;1;4 0.00025341569256760277
W;1;5 0.0
W;2;0 0.0
W;2;1 0.0008009739938032867
W;2;2 0.0
W;2;3 0.00013587491647753638
W;2;4 0.0007827294699428732
W;2;5 0.0
W;3;0 0.0
W;3;1 0.001119348707084987
W;3;2 6.0811403086213175e-05
W;3;3 0.0
W;3;4 0.00017268792310102147
W;3;5 0.0012798080271032848
W;4;0 0.0
W;4;1 0.0009784118374285915
W;4;2 0.0
W;4;3 0.0
W;4;4 0.00031991671767150085
W;4;5 0.0
W;5;0 0.0
W;5;1 0.0008852934048878186
W;5;2 3.378411282567399e-05
W;5;3 0.0
W;5;4 0.0009597501530145025
W;5;5 0.0012798080271032848
W;6;0 0.002172594617559024
W;6;1 0.0005377784490423638
W;6;2 2.702729026053919e-05
W;6;3 8.152494988652182e-05
W;6;4 0.0006795193082362271
W;6;5 0.0
W;7;0 0.0
W;7;1 0.0
W;7;2 0.0
W;7;3 0.0
W;7;4 0.00041337405140335313
W;7;5 0.0
W;8;0 0.0012798080271032848
W;8;1 0.0004477652790720236
W;8;2 0.0004976951234353786
W;8;3 0.0006294012294450137
W;8;4 0.00015735030736125342
W;8;5 0.0
W;9;0 0.0
W;9;1 0.0005271570362249308
W;9;2 0.0
W;9;3 0.0
W;9;4 0.0007827294699428732
W;9;5 0.0
W;10;0 0.0
W;10;1 0.0020003692319128675
W;10;2 0.00014345547485058552
W;10;3 0.0002810882395716862
W;10;4 0.0009736619169043084
W;10;5 0.00029509780162927286
W;11;0 0.0
W;11;1 0.0
W;11;2 0.0
W;11;3 4.7297757955943585e-05
W;11;4 0.0
W;11;5 0.0
W;12;0 0.0
W;12;1 0.00010196977542889656
W;12;2 0.0
W;12;3 8.783869334675238e-05
W;12;4 0.0
W;12;5 0.0
W;13;0 0.0
W;13;1 0.0
W;13;2 0.0
W;13;3 0.0
W;13;4 0.0007302464376782312
W;13;5 0.0
W;14;0 0.0
W;14;1 0.0004719851782489304
W;14;2 0.0
W;14;3 2.0270467695404392e-05
W;14;4 0.002677570271486848
W;14;5 0.0
W;15;0 0.0
W;15;1 0.00035513031387987115
W;15;2 2.0270467695404392e-05
W;15;3 0.0
W;15;4 0.0
W;15;5 0.0
W;16;0 0.0
W;16;1 0.00018655811784749784
W;16;2 2.702729026053919e-05
W;16;3 0.0
W;16;4 0.0009342910244839602
W;16;5 0.0
W;17;0 0.0
W;17;1 0.0
W;17;2 0.0
W;17;3 0.0
W;17;4 0.0007302464376782312
W;17;5 0.0
W;18;0 0.0
W;18;1 0.000254456735774856
W;18;2 0.0
W;18;3 0.0
W;18;4 0.0001956823674857183
W;18;5 0.0
W;19;0 0.0
W;19;1 0.0
W;19;2 0.00012162280617242635
W;19;3 0.0
W;19;4 0.0
W;19;5 0.0
