X;0;0 0.0
X;0;1 0.0
X;0;2 0.0
X;0;3 0.0
X;0;4 0.0004739953556527415
X;0;5 0.0
X;1;0 0.0
X;1;1 0.0
X;1;2 4.504548376756532e-05
X;1;3 0.0
X;1;4 0.00021327781178100057
X;1;5 0.0015779518029483313
X;2;0 0.0
X;2;1 0.0
X;2;2 4.504548376756532e-05
X;2;3 7.207277402810451e-05
X;2;4 0.0005218196466285821
X;2;5 0.0
X;3;0 0.0
X;3;1 0.0
X;3;2 3.6036387014052253e-05
X;3;3 5.405458052107838e-05
X;3;4 0.0008411089702788534
X;3;5 0.0
X;4;0 0.0
X;4;1 0.0
X;4;2 0.0
X;4;3 0.0
X;4;4 0.0012796668706860034
X;4;5 0.0018583453334660087
X;5;0 0.0
X;5;1 0.0003652124424426294
X;5;2 0.0
X;5;3 5.405458052107838e-05
X;5;4 0.0
X;5;5 0.0
X;6;0 0.0
X;6;1 0.001874358598670447
X;6;2 0.0
X;6;3 0.0
X;6;4 0.00010490020490750229
X;6;5 0.0
X;7;0 0.0
X;7;1 0.0
X;7;2 0.00016394911411495486
X;7;3 0.0
X;7;4 0.00018959814226109662
X;7;5 0.0011287880523377586
X;8;0 0.0
X;8;1 0.0021868833227250187
X;8;2 6.521016408312345e-05
X;8;3 0.0
X;8;4 0.0001904453332909052
X;8;5 0.0
X;9;0 0.0
X;9;1 0.00032455397230143614
X;9;2 9.91000642886437e-05
X;9;3 0.0
X;9;4 0.0
X;9;5 0.0
X;10;0 0.0
X;10;1 0.0
X;10;2 4.504548376756532e-05
X;10;3 0.0
X;10;4 0.0
X;10;5 0.0
X;11;0 0.0
X;11;1 0.0
X;11;2 0.0
X;11;3 9.009096753513063e-06
X;11;4 0.0004144700900628714
X;11;5 0.004071880965266009
X;12;0 0.0
X;12;1 0.0
X;12;2 1.8018193507026127e-05
X;12;3 0.0
X;12;4 0.0009439703564978608
X;12;5 0.0
X;13;0 0.00243596798393263
X;13;1 0.001013662770270411
X;13;2 0.0
X;13;3 0.0
X;13;4 0.00011512528206734765
X;13;5 0.0
X;14;0 0.0
X;14;1 0.0
X;14;2 2.702729026053919e-05
X;14;3 0.0
X;14;4 0.0005465114562704832
X;14;5 0.0015779518029483313
X;15;0 0.0
X;15;1 0.00012547738206614535
X;15;2 7.246662212135273e-05
X;15;3 3.6036387014052253e-05
X;15;4 0.001714723755634152
X;15;5 0.0
X;16;0 0.0
X;16;1 0.0
X;16;2 9.009096753513063e-06
X;16;3 0.0
X;16;4 0.0
X;16;5 0.0
X;17;0 0.0
X;17;1 0.0
X;17;2 0.0
X;17;3 0.0
X;17;4 0.0
X;17;5 0.0
X;18;0 0.0
X;18;1 0.0003514380241499539
X;18;2 0.0
X;18;3 0.0
X;18;4 0.0001904453332909052
X;18;5 0.0
X;19;0 0.0
X;19;1 0.00020178337667072069
X;19;2 0.0
X;19;3 4.504548376756532e-05
X;19;4 0.0011837677129329038
X;19;5 0.0
Y;0;0 0.0
Y;0;1 0.00022493301342661713
Y;0;2 0.0
Y;0;3 0.0
Y;0;4 0.0
Y;0;5 0.0
Y;1;0 0.0
Y;1;1 0.0008071335066828827
Y;1;2 0.0
Y;1;3 0.0
Y;1;4 0.0002509547641322907
Y;1;5 0.0
Y;2;0 0.0
Y;2;1 0.0005019095282645814
Y;2;2 0.0
Y;2;3 4.504548376756532e-05
Y;2;4 0.0009736619169043084
Y;2;5 0.0
Y;3;0 0.0
Y;3;1 8.481891192495199e-05
Y;3;2 0.0
Y;3;3 8.108187078161757e-05
Y;3;4 0.00021327781178100057
Y;3;5 0.0
Y;4;0 0.0
Y;4;1 0.00020178337667072069
Y;4;2 9.91000642886437e-05
Y;4;3 0.0
Y;4;4 0.00032455397230143614
Y;4;5 0.0
Y;5;0 0.0
Y;5;1 0.002188609616336604
Y;5;2 0.0
Y;5;3 1.8018193507026127e-05
Y;5;4 0.0
Y;5;5 0.0
Y;6;0 0.002284033353271001
Y;6;1 0.001557151707473267
Y;6;2 0.0
Y;6;3 0.0
Y;6;4 0.0006747990402798514
Y;6;5 0.0015204577433758717
Y;7;0 0.0
Y;7;1 0.0006825228553741234
Y;7;2 2.702729026053919e-05
Y;7;3 0.0
Y;7;4 0.0005339826625355245
Y;7;5 0.0
Y;8;0 0.0
Y;8;1 0.00032455397230143614
Y;8;2 0.0
Y;8;3 0.0
Y;8;4 0.00029851018604801574
Y;8;5 0.0
Y;9;0 0.0
Y;9;1 0.00014991372777156597
Y;9;2 0.0
Y;9;3 4.504548376756532e-05
Y;9;4 0.0
Y;9;5 0.0
Y;10;0 0.0
Y;10;1 0.00011512528206734765
Y;10;2 0.0
Y;10;3 0.00036635936184263503
Y;10;4 0.0
Y;10;5 0.0
Y;11;0 0.0
Y;11;1 0.0
Y;11;2 0.0
Y;11;3 0.0
Y;11;4 0.0
Y;11;5 0.0
Y;12;0 0.0
Y;12;1 0.0
Y;12;2 6.306367727459145e-05
Y;12;3 0.0
Y;12;4 0.0008385324737809121
Y;12;5 0.0
Y;13;0 0.0
Y;13;1 0.0005245010245375114
Y;13;2 0.0
Y;13;3 0.0
Y;13;4 0.0005465114562704832
Y;13;5 0.0
Y;14;0 0.0
Y;14;1 0.0
Y;14;2 4.504548376756532e-05
Y;14;3 9.009096753513064e-05
Y;14;4 0.0
Y;14;5 0.0
Y;15;0 0.0
Y;15;1 0.00012547738206614535
Y;15;2 3.6036387014052253e-05
Y;15;3 0.00013662426176246238
Y;15;4 0.0014925509302400786
Y;15;5 0.0
Y;16;0 0.0
Y;16;1 0.0
Y;16;2 0.0
Y;16;3 0.00010810916104215676
Y;16;4 0.0
Y;16;5 0.0
Y;17;0 0.0
Y;17;1 0.0
Y;17;2 0.0
Y;17;3 0.0
Y;17;4 0.00016822179405577068
Y;17;5 0.0
Y;18;0 0.00243596798393263
Y;18;1 0.0008997320537064685
Y;18;2 0.0
Y;18;3 2.702729026053919e-05
Y;18;4 0.00028578729260569203
Y;18;5 0.0
Y;19;0 0.0
Y;19;1 0.00016822179405577068
Y;19;2 0.0
Y;19;3 3.6036387014052253e-05
Y;19;4 0.0010663890589050029
Y;19;5 0.0
Z;0;0 0.0
Z;0;1 0.0
Z;0;2 0.0
Z;0;3 0.0
Z;0;4 0.0006797985028593104
Z;0;5 0.0024025950663249004
Z;1;0 0.0
Z;1;1 0.00022493301342661713
Z;1;2 5.405458052107838e-05
Z;1;3 0.0
Z;1;4 0.00047350708517316157
Z;1;5 0.0
Z;2;0 0.0
Z;2;1 0.0002487441571299971
Z;2;2 5.405458052107838e-05
Z;2;3 0.0
Z;2;4 0.001557151707473267
Z;2;5 0.0
Z;3;0 0.0
Z;3;1 0.0007866419637482173
Z;3;2 0.0
Z;3;3 0.0
Z;3;4 0.00023675354258658078
Z;3;5 0.0
Z;4;0 0.0
Z;4;1 0.00029851018604801574
Z;4;2 0.0
Z;4;3 0.0
Z;4;4 0.0002487441571299971
Z;4;5 0.0
Z;5;0 0.0
Z;5;1 0.0005511654018711375
Z;5;2 3.6036387014052253e-05
Z;5;3 0.0
Z;5;4 0.0
Z;5;5 0.0
Z;6;0 0.0
Z;6;1 0.0
Z;6;2 2.732485235249248e-05
Z;6;3 0.0
Z;6;4 0.001730612320246078
Z;6;5 0.0
Z;7;0 0.0
Z;7;1 0.0
Z;7;2 0.0
Z;7;3 0.0
Z;7;4 0.0
Z;7;5 0.0
Z;8;0 0.0
Z;8;1 0.00028578729260569203
Z;8;2 0.0
Z;8;3 0.0
Z;8;4 0.00031143034149465343
Z;8;5 0.0
Z;9;0 0.0
Z;9;1 0.001826062212213147
Z;9;2 2.702729026053919e-05
Z;9;3 0.0
Z;9;4 0.0002487441571299971
Z;9;5 0.0
Z;10;0 0.0016908260080603559
Z;10;1 0.0022862983408455362
Z;10;2 0.00014991372777156597
Z;10;3 3.6635936184263504e-05
Z;10;4 0.0
Z;10;5 0.0
Z;11;0 0.0
Z;11;1 0.0
Z;11;2 0.0
Z;11;3 8.197455705747743e-05
Z;11;4 0.0
Z;11;5 0.0
Z;12;0 0.0
Z;12;1 0.0
Z;12;2 0.0
Z;12;3 0.0
Z;12;4 0.0
Z;12;5 0.0
Z;13;0 0.0
Z;13;1 0.0003808906665818104
Z;13;2 0.0
Z;13;3 0.0
Z;13;4 0.0004605011282693906
Z;13;5 0.0
Z;14;0 0.0
Z;14;1 0.00044986602685323425
Z;14;2 0.0
Z;14;3 0.0
Z;14;4 0.0
Z;14;5 0.0
Z;15;0 0.005336760550887214
Z;15;1 0.0008955305581440472
Z;15;2 0.0
Z;15;3 3.6036387014052253e-05
Z;15;4 0.00028578729260569203
Z;15;5 0.0
Z;16;0 0.0
Z;16;1 0.0
Z;16;2 0.0
Z;16;3 0.0
Z;16;4 0.0
Z;16;5 0.0
Z;17;0 0.0
Z;17;1 0.0
Z;17;2 0.0
Z;17;3 0.0
Z;17;4 0.00017925948301412124
Z;17;5 0.0
Z;18;0 0.0
Z;18;1 0.00029315111077277367
Z;18;2 0.0
Z;18;3 0.0
Z;18;4 0.0010930229125409663
Z;18;5 0.0020442982928945167
Z;19;0 0.0021555744534149527
Z;19;1 0.0011431491704227681
Z;19;2 0.0
Z;19;3 3.6036387014052253e-05
Z;19;4 0.00029851018604801574
Z;19;5 0.0
W;0;0 0.0
W;0;1 0.0015654589398857463
W;0;2 0.0
W;0;3 0.0
W;0;4 0.0004397266661591605
W;0;5 0.0
W;1;0 0.0
W;1;1 0.0006907516924040859
W;1;2 9.058327765169091e-05
W;1;3 0.0
W;1;4 0.0
W;1;5 0.0
W;2;0 0.0
W;2;1 0.0
W;2;2 0.0
W;2;3 0.00016304989977304363
W;2;4 0.00026090982331429107
W;2;5 0.0
W;3;0 0.0
W;3;1 0.0002487441571299971
W;3;2 2.702729026053919e-05
W;3;3 0.0
W;3;4 0.0009210022565387812
W;3;5 0.0
W;4;0 0.0
W;4;1 0.0018263687632000375
W;4;2 0.0
W;4;3 0.0
W;4;4 0.0
W;4;5 0.0
W;5;0 0.0
W;5;1 0.0
W;5;2 2.702729026053919e-05
W;5;3 0.0
W;5;4 0.0
W;5;5 0.0
W;6;0 0.0
W;6;1 0.0019718543131553336
W;6;2 2.702729026053919e-05
W;6;3 1.8116655530338183e-05
W;6;4 0.0
W;6;5 0.0
W;7;0 0.0
W;7;1 0.0005339826625355245
W;7;2 0.0
W;7;3 0.0
W;7;4 0.0
W;7;5 0.0
W;8;0 0.0017064107028043796
W;8;1 0.0
W;8;2 0.0
W;8;3 0.00010490020490750229
W;8;4 0.0
W;8;5 0.013004278982262231
W;9;0 0.0
W;9;1 0.0017571901207497694
W;9;2 0.0
W;9;3 0.0
W;9;4 0.0
W;9;5 0.0
W;10;0 0.0
W;10;1 0.0
W;10;2 2.732485235249248e-05
W;10;3 0.00014991372777156597
W;10;4 0.002596431778411489
W;10;5 0.0015738549420227887
W;11;0 0.0
W;11;1 0.0
W;11;2 0.0
W;11;3 3.6036387014052253e-05
W;11;4 0.0
W;11;5 0.0
W;12;0 0.0
W;12;1 0.0006797985028593104
W;12;2 0.0
W;12;3 1.8018193507026127e-05
W;12;4 0.0
W;12;5 0.0
W;13;0 0.0
W;13;1 0.00028578729260569203
W;13;2 0.0
W;13;3 0.0
W;13;4 0.0
W;13;5 0.0
W;14;0 0.0
W;14;1 0.0006293135709985739
W;14;2 0.0
W;14;3 2.702729026053919e-05
W;14;4 0.0
W;14;5 0.0
W;15;0 0.0
W;15;1 0.00023675354258658078
W;15;2 3.6036387014052253e-05
W;15;3 0.0
W;15;4 0.001351550360360548
W;15;5 0.0015204577433758717
W;16;0 0.0
W;16;1 0.0
W;16;2 9.009096753513063e-06
W;16;3 0.0
W;16;4 0.0
W;16;5 0.0
W;17;0 0.0
W;17;1 0.0
W;17;2 0.0
W;17;3 0.0
W;17;4 0.0
W;17;5 0.0
W;18;0 0.0
W;18;1 0.0005937323834746639
W;18;2 0.0
W;18;3 0.0
W;18;4 0.0
W;18;5 0.0
W;19;0 0.0
W;19;1 0.0003514380241499539
W;19;2 3.6036387014052253e-05
W;19;3 0.0
W;19;4 0.0008071335066828827
W;19;5 0.0017789201836290714
