X;0;0 0.0
X;0;1 0.00047987507650725127
X;0;2 0.0
X;0;3 0.0
X;0;4 0.00014219860669582244
X;0;5 0.0
X;1;0 0.0015332237196708876
X;1;1 0.0008878257846996779
X;1;2 4.7297757955943585e-05
X;1;3 0.0
X;1;4 0.00015995835883575042
X;1;5 0.0
X;2;0 0.0
X;2;1 0.0008570039998090733
X;2;2 6.756822565134798e-05
X;2;3 2.702729026053919e-05
X;2;4 0.0
X;2;5 0.0
X;3;0 0.0018269759879494724
X;3;1 9.4108036549609e-05
X;3;2 3.378411282567399e-05
X;3;3 8.108187078161757e-05
X;3;4 0.000126166345541828
X;3;5 0.0
X;4;0 0.0
X;4;1 0.0009597501530145025
X;4;2 0.0
X;4;3 0.0
X;4;4 0.00015995835883575042
X;4;5 0.0
X;5;0 0.0
X;5;1 0.0005478186636639442
X;5;2 0.0
X;5;3 4.7297757955943585e-05
X;5;4 0.0007602470777028082
X;5;5 0.0
X;6;0 0.0
X;6;1 0.0
X;6;2 0.0
X;6;3 0.0
X;6;4 0.00031470061472250684
X;6;5 0.0014142526393638758
X;7;0 0.0
X;7;1 0.0009926003212417597
X;7;2 0.00014345547485058552
X;7;3 0.0
X;7;4 0.00014219860669582244
X;7;5 0.0
X;8;0 0.0
X;8;1 0.000126166345541828
X;8;2 0.00039126098449874066
X;8;3 0.00044529928760599796
X;8;4 0.0005713359998727156
X;8;5 0.0
X;9;0 0.0
X;9;1 0.0
X;9;2 4.0540935390808783e-05
X;9;3 0.0
X;9;4 0.0004671455122419801
X;9;5 0.0
X;10;0 0.0
X;10;1 0.0005596743535424935
X;10;2 3.378411282567399e-05
X;10;3 0.0
X;10;4 0.0006587562558472631
X;10;5 0.0007729766419680794
X;11;0 0.0
X;11;1 0.0
X;11;2 0.0003539888836866978
X;11;3 8.108187078161757e-05
X;11;4 0.00017269587085952975
X;11;5 0.0
X;12;0 0.0
X;12;1 0.00020494179610143118
X;12;2 3.378411282567399e-05
X;12;3 0.0
X;12;4 0.000589981472811163
X;12;5 0.0
X;13;0 0.0
X;13;1 0.0012670784628380138
X;13;2 0.0
X;13;3 0.0
X;13;4 8.634396155051073e-05
X;13;5 0.0
X;14;0 0.0
X;14;1 0.0006148253883042935
X;14;2 4.7297757955943585e-05
X;14;3 0.0
X;14;4 0.00040988359220286237
X;14;5 0.0
X;15;0 0.0025596160542065696
X;15;1 0.001129296438595308
X;15;2 5.434996659101455e-05
X;15;3 1.3513645130269595e-05
X;15;4 0.0
X;15;5 0.0
X;16;0 0.0
X;16;1 0.0
X;16;2 6.0811403086213175e-05
X;16;3 0.0
X;16;4 0.0007007182683629701
X;16;5 0.0
X;17;0 0.0
X;17;1 0.00015995835883575042
X;17;2 0.0
X;17;3 0.0
X;17;4 0.0
X;17;5 0.0
X;18;0 0.0
X;18;1 0.001317892590562327
X;18;2 0.0
X;18;3 0.0
X;18;4 0.0002856679999363578
X;18;5 0.0
X;19;0 0.0
X;19;1 0.000302675065006081
X;19;2 0.0
X;19;3 2.0270467695404392e-05
X;19;4 0.0015980864124594202
X;19;5 0.005838437289542592
Y;0;0 0.0
Y;0;1 0.00016869976006996285
Y;0;2 0.0
Y;0;3 0.0
Y;0;4 0.000214340469454269
Y;0;5 0.0
Y;1;0 0.0
Y;1;1 0.0001513375325030405
Y;1;2 0.0
Y;1;3 0.0
Y;1;4 0.000470540182748045
Y;1;5 0.0013341901377218034
Y;2;0 0.0
Y;2;1 0.000564648219297654
Y;2;2 0.0
Y;2;3 2.702729026053919e-05
Y;2;4 0.0
Y;2;5 0.0
Y;3;0 0.0
Y;3;1 0.00019084255183114197
Y;3;2 0.0
Y;3;3 2.0270467695404392e-05
Y;3;4 0.0014396252295217537
Y;3;5 0.0
Y;4;0 0.0
Y;4;1 0.0001513375325030405
Y;4;2 4.7297757955943585e-05
Y;4;3 0.0
Y;4;4 0.0002434154792260771
Y;4;5 0.0
Y;5;0 0.0
Y;5;1 0.0
Y;5;2 0.0
Y;5;3 1.3513645130269595e-05
Y;5;4 0.0007827294699428732
Y;5;5 0.0
Y;6;0 0.0
Y;6;1 0.00023357275612099004
Y;6;2 0.0
Y;6;3 0.00016486171282918577
Y;6;4 0.0005060992802098885
Y;6;5 0.0011403433075319038
Y;7;0 0.0
Y;7;1 0.0015356764245917775
Y;7;2 2.0270467695404392e-05
Y;7;3 0.0
Y;7;4 0.0008009739938032867
Y;7;5 0.0
Y;8;0 0.0
Y;8;1 0.0002434154792260771
Y;8;2 0.0
Y;8;3 4.7297757955943585e-05
Y;8;4 0.0
Y;8;5 0.0
Y;9;0 0.0
Y;9;1 0.0003373058874860234
Y;9;2 0.0
Y;9;3 6.756822565134798e-05
Y;9;4 0.00033975965411811354
Y;9;5 0.0
Y;10;0 0.0
Y;10;1 0.0002590318846515322
Y;10;2 0.0
Y;10;3 8.243085641459288e-05
Y;10;4 0.002141773485769338
Y;10;5 0.0
Y;11;0 0.0
Y;11;1 0.0
Y;11;2 0.0
Y;11;3 0.0
Y;11;4 0.0
Y;11;5 0.0
Y;12;0 0.0
Y;12;1 0.0
Y;12;2 7.432504821648277e-05
Y;12;3 0.0
Y;12;4 0.0006288993553356841
Y;12;5 0.0
Y;13;0 0.0
Y;13;1 0.00015735030736125342
Y;13;2 0.0
Y;13;3 0.0
Y;13;4 0.0006148253883042935
Y;13;5 0.0
Y;14;0 0.0
Y;14;1 0.000643021408362807
Y;14;2 5.405458052107838e-05
Y;14;3 3.378411282567399e-05
Y;14;4 0.00040787910171558625
Y;14;5 0.0
Y;15;0 0.0019210840244990814
Y;15;1 0.0013175125116945262
Y;15;2 1.3513645130269595e-05
Y;15;3 4.0987278528738714e-05
Y;15;4 0.0
Y;15;5 0.0
Y;16;0 0.0
Y;16;1 0.0
Y;16;2 0.0
Y;16;3 5.405458052107838e-05
Y;16;4 0.0
Y;16;5 0.0
Y;17;0 0.0
Y;17;1 0.0
Y;17;2 0.0
Y;17;3 0.0
Y;17;4 0.000504665382167312
Y;17;5 0.0015332237196708876
Y;18;0 0.0
Y;18;1 0.0003373995201399257
Y;18;2 0.0
Y;18;3 5.405458052107838e-05
Y;18;4 0.000857361877817076
Y;18;5 0.001459609322385648
Y;19;0 0.0
Y;19;1 0.00037849903662548397
Y;19;2 0.0
Y;19;3 2.702729026053919e-05
Y;19;4 0.001119708511850253
Y;19;5 0.0033000201954627648
Z;0;0 0.0
Z;0;1 0.00018655811784749784
Z;0;2 0.0
Z;0;3 0.0
Z;0;4 0.0
Z;0;5 0.0
Z;1;0 0.0
Z;1;1 0.0006747990402798514
Z;1;2 4.0540935390808783e-05
Z;1;3 0.0
Z;1;4 0.0007102606277597423
Z;1;5 0.0
Z;2;0 0.004378827967156944
Z;2;1 0.00018655811784749784
Z;2;2 3.378411282567399e-05
Z;2;3 0.0
Z;2;4 0.0011678637806049501
Z;2;5 0.0016166808400612143
Z;3;0 0.0
Z;3;1 0.0003539888836866978
Z;3;2 0.0
Z;3;3 0.0
Z;3;4 0.0012429560985795492
Z;3;5 0.0
Z;4;0 0.0
Z;4;1 0.0002238826395360118
Z;4;2 0.0
Z;4;3 0.0
Z;4;4 0.00018655811784749784
Z;4;5 0.0
Z;5;0 0.0
Z;5;1 0.0
Z;5;2 2.0270467695404392e-05
Z;5;3 0.0
Z;5;4 0.0005713359998727156
Z;5;5 0.0
Z;6;0 0.0
Z;6;1 0.0
Z;6;2 0.0001844427533793242
Z;6;3 0.0
Z;6;4 0.000589981472811163
Z;6;5 0.0006866326804175686
Z;7;0 0.0
Z;7;1 0.002484155858968399
Z;7;2 0.0
Z;7;3 0.0
Z;7;4 0.0006107821447899013
Z;7;5 0.0
Z;8;0 0.0
Z;8;1 0.000214340469454269
Z;8;2 0.0
Z;8;3 4.7297757955943585e-05
Z;8;4 0.0
Z;8;5 0.0
Z;9;0 0.0
Z;9;1 0.0005478186636639442
Z;9;2 6.0811403086213175e-05
Z;9;3 0.0
Z;9;4 0.00018655811784749784
Z;9;5 0.0
Z;10;0 0.0019021792590679003
Z;10;1 0.000857361877817076
Z;10;2 0.00011243529582867448
Z;10;3 0.000219815617105581
Z;10;4 0.0
Z;10;5 0.0
Z;11;0 0.0
Z;11;1 0.0011521019756362894
Z;11;2 0.0
Z;11;3 4.0987278528738714e-05
Z;11;4 0.0
Z;11;5 0.0
Z;12;0 0.0
Z;12;1 0.0
Z;12;2 0.0
Z;12;3 0.0
Z;12;4 0.0008210772926781595
Z;12;5 0.0
Z;13;0 0.0
Z;13;1 0.00042850199990453663
Z;13;2 0.0
Z;13;3 0.0
Z;13;4 8.634396155051073e-05
Z;13;5 0.0
Z;14;0 0.0
Z;14;1 0.0003373995201399257
Z;14;2 0.0
Z;14;3 0.0
Z;14;4 0.0005326954708198067
Z;14;5 0.0
Z;15;0 0.0
Z;15;1 0.0
Z;15;2 0.0
Z;15;3 4.7297757955943585e-05
Z;15;4 0.000857361877817076
Z;15;5 0.0
Z;16;0 0.0
Z;16;1 0.0
Z;16;2 0.0
Z;16;3 0.0
Z;16;4 0.0
Z;16;5 0.0
Z;17;0 0.0
Z;17;1 0.0
Z;17;2 0.0
Z;17;3 0.0
Z;17;4 0.0005377784490423638
Z;17;5 0.0015332237196708876
Z;18;0 0.0
Z;18;1 0.00032979499961937036
Z;18;2 0.0
Z;18;3 0.0
Z;18;4 0.001024708980507156
Z;18;5 0.0
Z;19;0 0.0
Z;19;1 0.000643021408362807
Z;19;2 0.0
Z;19;3 9.459551591188717e-05
Z;19;4 0.0002238826395360118
Z;19;5 0.0
W;0;0 0.0
W;0;1 0.0005870471024571549
W;0;2 0.0
W;0;3 0.0
W;0;4 0.00032979499961937036
W;0;5 0.0
W;1;0 0.0
W;1;1 0.0004317198077525537
W;1;2 6.793745823876819e-05
W;1;3 0.0
W;1;4 0.00025341569256760277
W;1;5 0.0
W;2;0 0.0
W;2;1 0.0
W;2;2 0.0
W;2;3 0.00020381237471630455
W;2;4 0.0003913647349714366
W;2;5 0.0
W;3;0 0.0
W;3;1 0.00018655811784749784
W;3;2 6.0811403086213175e-05
W;3;3 0.0
W;3;4 0.00034537584620204293
W;3;5 0.0012798080271032848
W;4;0 0.0
W;4;1 0.0001956823674857183
W;4;2 0.0
W;4;3 0.0
W;4;4 0.0009597501530145025
W;4;5 0.0
W;5;0 0.0
W;5;1 0.0005901956032585457
W;5;2 5.405458052107838e-05
W;5;3 0.0
W;5;4 0.00031991671767150085
W;5;5 0.0
W;6;0 0.0
W;6;1 0.0008066676735635455
W;6;2 2.702729026053919e-05
W;6;3 0.00013587491647753638
W;6;4 0.0
W;6;5 0.0
W;7;0 0.004799315390741638
W;7;1 0.00120146099070493
W;7;2 0.0
W;7;3 0.0
W;7;4 0.0008267481028067063
W;7;5 0.0
W;8;0 0.0
W;8;1 0.0002238826395360118
W;8;2 0.0005687944267832898
W;8;3 0.000550726075764387
W;8;4 0.00031470061472250684
W;8;5 0.0
W;9;0 0.0
W;9;1 0.0002635785181124654
W;9;2 0.0
W;9;3 0.0
W;9;4 0.0009784118374285915
W;9;5 0.0
W;10;0 0.0
W;10;1 0.0
W;10;2 0.00016394911411495486
W;10;3 0.00011243529582867448
W;10;4 0.0009736619169043084
W;10;5 0.0017705868097756372
W;11;0 0.0
W;11;1 0.001023784283061185
W;11;2 0.0
W;11;3 4.0540935390808783e-05
W;11;4 0.0
W;11;5 0.0
W;12;0 0.0
W;12;1 0.0005098488771444828
W;12;2 0.0
W;12;3 3.378411282567399e-05
W;12;4 0.00020494179610143118
W;12;5 0.0
W;13;0 0.0
W;13;1 0.000428680938908538
W;13;2 0.0
W;13;3 0.0
W;13;4 0.0017039083545825396
W;13;5 0.0
W;14;0 0.0
W;14;1 0.0003539888836866978
W;14;2 0.0
W;14;3 5.405458052107838e-05
W;14;4 0.0004868309584521542
W;14;5 0.0
W;15;0 0.0
W;15;1 0.002841042511038969
W;15;2 1.3513645130269595e-05
W;15;3 0.0
W;15;4 0.0
W;15;5 0.0
W;16;0 0.0
W;16;1 0.0
W;16;2 6.0811403086213175e-05
W;16;3 0.0
W;16;4 0.0007007182683629701
W;16;5 0.0
W;17;0 0.0
W;17;1 0.0008197671844057247
W;17;2 0.0
W;17;3 0.0
W;17;4 0.0009736619169043084
W;17;5 0.0
W;18;0 0.0
W;18;1 0.000254456735774856
W;18;2 0.0
W;18;3 0.0
W;18;4 0.0009784118374285915
W;18;5 0.0
W;19;0 0.0
W;19;1 0.0023722066630121885
W;19;2 3.378411282567399e-05
W;19;3 0.0
W;19;4 0.0004540125975091215
W;19;5 0.0
