X;0;0 0.0015056565024744526
X;0;1 0.00037637260902529513
X;0;2 0.0
X;0;3 0.0
X;0;4 0.00033458495693134695
X;0;5 0.0014468015703615583
X;1;0 0.0
X;1;1 0.0
X;1;2 6.359362414244515e-05
X;1;3 0.0
X;1;4 0.0011291178270758854
X;1;5 0.0
X;2;0 0.0
X;2;1 0.0005041199998876901
X;2;2 3.974601508902822e-05
X;2;3 3.1796812071222575e-05
X;2;4 0.0009208581999327919
X;2;5 0.0012941255668481432
X;3;0 0.0
X;3;1 0.00022143067423437411
X;3;2 4.7695218106833866e-05
X;3;3 5.564442112463951e-05
X;3;4 0.0002968619895101835
X;3;5 0.0
X;4;0 0.0
X;4;1 0.0005645589135379427
X;4;2 0.0
X;4;3 0.0
X;4;4 0.0005645589135379427
X;4;5 0.0
X;5;0 0.0
X;5;1 0.0
X;5;2 0.0
X;5;3 1.5898406035611288e-05
X;5;4 0.0005962722178061241
X;5;5 0.0
X;6;0 0.0
X;6;1 0.0008269229111781384
X;6;2 0.0
X;6;3 0.0
X;6;4 0.0
X;6;5 0.0
X;7;0 0.0
X;7;1 0.0
X;7;2 0.00021699147456391083
X;7;3 0.0
X;7;4 8.364623923283674e-05
X;7;5 0.0
X;8;0 0.0
X;8;1 0.0017811719370611013
X;8;2 0.00023015352029337685
X;8;3 7.48402164043694e-05
X;8;4 0.0
X;8;5 0.0
X;9;0 0.0
X;9;1 0.0
X;9;2 6.359362414244515e-05
X;9;3 0.0
X;9;4 0.0005495829555788001
X;9;5 0.0017171874381007623
X;10;0 0.0
X;10;1 0.0006584404159323453
X;10;2 6.359362414244515e-05
X;10;3 0.0
X;10;4 0.00011071533711718706
X;10;5 0.0009093842846683286
X;11;0 0.0
X;11;1 0.0
X;11;2 0.0
X;11;3 2.3847609053416933e-05
X;11;4 0.0004876118706622016
X;11;5 0.0014371344583291798
X;12;0 0.0
X;12;1 0.0004822159908268969
X;12;2 2.3847609053416933e-05
X;12;3 0.0
X;12;4 0.00027763834014642966
X;12;5 0.0
X;13;0 0.0
X;13;1 0.0
X;13;2 0.0
X;13;3 0.0
X;13;4 0.00010158113123589498
X;13;5 0.0
X;14;0 0.0036075852227550297
X;14;1 0.0
X;14;2 5.564442112463951e-05
X;14;3 0.0
X;14;4 0.0
X;14;5 0.0013923104143661745
X;15;0 0.0
X;15;1 0.0
X;15;2 0.0
X;15;3 4.7695218106833866e-05
X;15;4 0.0027738178399964227
X;15;5 0.0
X;16;0 0.0
X;16;1 0.0002194801386441151
X;16;2 3.974601508902822e-05
X;16;3 0.0
X;16;4 0.0
X;16;5 0.0
X;17;0 0.0
X;17;1 0.00018818630451264756
X;17;2 0.0
X;17;3 0.0
X;17;4 0.00029813610890306203
X;17;5 0.0
X;18;0 0.0
X;18;1 0.0006201847484999186
X;18;2 0.0
X;18;3 0.0
X;18;4 0.000840199999812817
X;18;5 0.0
X;19;0 0.0
X;19;1 0.00035608831177185997
X;19;2 0.0
X;19;3 1.5898406035611288e-05
X;19;4 0.0008356007385408732
X;19;5 0.0
Y;0;0 0.0
Y;0;1 0.0003969406119293243
Y;0;2 0.0
Y;0;3 0.0
Y;0;4 0.00025216525818149294
Y;0;5 0.0
Y;1;0 0.0
Y;1;1 0.00035608831177185997
Y;1;2 0.0
Y;1;3 0.0
Y;1;4 0.00022143067423437411
Y;1;5 0.0
Y;2;0 0.0
Y;2;1 0.0003321460113515612
Y;2;2 0.0
Y;2;3 3.1796812071222575e-05
Y;2;4 0.0011454846081227156
Y;2;5 0.0
Y;3;0 0.0
Y;3;1 0.0002993608656174776
Y;3;2 0.0
Y;3;3 3.974601508902822e-05
Y;3;4 0.00037637260902529513
Y;3;5 0.0
Y;4;0 0.0
Y;4;1 0.0
Y;4;2 2.3847609053416933e-05
Y;4;3 0.0
Y;4;4 0.0011454846081227156
Y;4;5 0.0
Y;5;0 0.0
Y;5;1 0.0003862252264123419
Y;5;2 0.0
Y;5;3 2.3847609053416933e-05
Y;5;4 0.00023021454998319797
Y;5;5 0.0
Y;6;0 0.0
Y;6;1 0.0005495829555788001
Y;6;2 0.0
Y;6;3 0.00032325826044938384
Y;6;4 0.0
Y;6;5 0.0
Y;7;0 0.0
Y;7;1 0.0018066781465785617
Y;7;2 4.7695218106833866e-05
Y;7;3 0.0
Y;7;4 0.0
Y;7;5 0.0
Y;8;0 0.0
Y;8;1 0.0005727423040613578
Y;8;2 0.0
Y;8;3 7.949203017805644e-06
Y;8;4 0.0
Y;8;5 0.0
Y;9;0 0.0
Y;9;1 0.00026455363724393996
Y;9;2 0.0
Y;9;3 3.974601508902822e-05
Y;9;4 0.0
Y;9;5 0.0015056565024744526
Y;10;0 0.0
Y;10;1 0.0005079056561794749
Y;10;2 0.0
Y;10;3 9.697747813481515e-05
Y;10;4 0.0
Y;10;5 0.0012075203935713907
Y;11;0 0.0
Y;11;1 0.0
Y;11;2 0.0
Y;11;3 0.0
Y;11;4 0.0
Y;11;5 0.0
Y;12;0 0.0
Y;12;1 0.0
Y;12;2 3.974601508902822e-05
Y;12;3 0.0
Y;12;4 0.0
Y;12;5 0.0
Y;13;0 0.0017171874381007623
Y;13;1 0.0002776770129904472
Y;13;2 0.0
Y;13;3 0.0
Y;13;4 0.0004822159908268969
Y;13;5 0.0
Y;14;0 0.0
Y;14;1 0.0005043305163629859
Y;14;2 2.3847609053416933e-05
Y;14;3 5.564442112463951e-05
Y;14;4 0.0005998222084052739
Y;14;5 0.0
Y;15;0 0.0
Y;15;1 0.0
Y;15;2 0.0
Y;15;3 7.23304915213036e-05
Y;15;4 0.0036874787688284294
Y;15;5 0.0
Y;16;0 0.0
Y;16;1 0.0
Y;16;2 0.0
Y;16;3 7.15428271602508e-05
Y;16;4 0.0
Y;16;5 0.0
Y;17;0 0.0
Y;17;1 0.0002194801386441151
Y;17;2 0.0
Y;17;3 0.0
Y;17;4 0.00014843099475509176
Y;17;5 0.0
Y;18;0 0.0
Y;18;1 0.0003969406119293243
Y;18;2 0.0
Y;18;3 3.974601508902822e-05
Y;18;4 0.0010086610327259718
Y;18;5 0.0
Y;19;0 0.0
Y;19;1 0.001187447958040734
Y;19;2 0.0
Y;19;3 1.5898406035611288e-05
Y;19;4 0.0007527452180505903
Y;19;5 0.0
Z;0;0 0.0
Z;0;1 0.0004389602772882302
Z;0;2 0.0
Z;0;3 0.0
Z;0;4 0.0009597155334484382
Z;0;5 0.0010599684116139266
Z;1;0 0.0
Z;1;1 0.0
Z;1;2 1.5898406035611288e-05
Z;1;3 0.0
Z;1;4 0.0004178003692704366
Z;1;5 0.0
Z;2;0 0.0
Z;2;1 0.0
Z;2;2 6.359362414244515e-05
Z;2;3 0.0
Z;2;4 0.0
Z;2;5 0.0
Z;3;0 0.0
Z;3;1 0.00013881917007321483
Z;3;2 0.0
Z;3;3 0.0
Z;3;4 0.0004178003692704366
Z;3;5 0.0
Z;4;0 0.0
Z;4;1 0.0010535653625224084
Z;4;2 0.0
Z;4;3 0.0
Z;4;4 0.0
Z;4;5 0.0
Z;5;0 0.0
Z;5;1 0.0009726448268314191
Z;5;2 3.974601508902822e-05
Z;5;3 0.0
Z;5;4 0.0001680399999625634
Z;5;5 0.0
Z;6;0 0.0
Z;6;1 0.0
Z;6;2 0.0001928813107234763
Z;6;3 0.0
Z;6;4 0.00013881917007321483
Z;6;5 0.0
Z;7;0 0.0
Z;7;1 0.0017535217828012228
Z;7;2 0.0
Z;7;3 0.0
Z;7;4 0.0
Z;7;5 0.0
Z;8;0 0.0
Z;8;1 0.0010086610327259718
Z;8;2 0.0
Z;8;3 7.949203017805644e-06
Z;8;4 0.0
Z;8;5 0.0
Z;9;0 0.0
Z;9;1 0.0006444925454869931
Z;9;2 9.539043621366773e-05
Z;9;3 0.0
Z;9;4 0.0
Z;9;5 0.0
Z;10;0 0.002983810602459451
Z;10;1 0.0007564957745444788
Z;10;2 0.00026455363724393996
Z;10;3 6.465165208987677e-05
Z;10;4 0.0
Z;10;5 0.0
Z;11;0 0.0
Z;11;1 0.0
Z;11;2 0.0
Z;11;3 0.00033754229376608354
Z;11;4 0.0
Z;11;5 0.0
Z;12;0 0.0
Z;12;1 0.0
Z;12;2 0.0
Z;12;3 0.0
Z;12;4 0.0
Z;12;5 0.0
Z;13;0 0.0017171874381007623
Z;13;1 0.0001680399999625634
Z;13;2 0.0
Z;13;3 0.0
Z;13;4 0.00030474339370768495
Z;13;5 0.0
Z;14;0 0.0
Z;14;1 0.00019847030596466215
Z;14;2 0.0
Z;14;3 0.0
Z;14;4 0.0004178003692704366
Z;14;5 0.0
Z;15;0 0.0
Z;15;1 0.0007901740218918063
Z;15;2 0.0
Z;15;3 1.5898406035611288e-05
Z;15;4 0.0
Z;15;5 0.0
Z;16;0 0.0
Z;16;1 0.0
Z;16;2 0.0
Z;16;3 0.0
Z;16;4 0.0008568409287991043
Z;16;5 0.0
Z;17;0 0.0
Z;17;1 0.00023021454998319797
Z;17;2 0.0
Z;17;3 0.0
Z;17;4 0.0003163402641425669
Z;17;5 0.0
Z;18;0 0.0
Z;18;1 0.00025866274479950614
Z;18;2 0.0
Z;18;3 0.0
Z;18;4 0.0
Z;18;5 0.0
Z;19;0 0.0
Z;19;1 0.0005043305163629859
Z;19;2 0.0
Z;19;3 7.15428271602508e-05
Z;19;4 0.0
Z;19;5 0.0
W;0;0 0.0
W;0;1 0.00046042909996639594
W;0;2 0.0
W;0;3 0.0
W;0;4 0.0
W;0;5 0.0
W;1;0 0.0
W;1;1 0.00030474339370768495
W;1;2 0.0001438675586232738
W;1;3 0.0
W;1;4 0.0008944083267091861
W;1;5 0.0
W;2;0 0.0
W;2;1 0.0009423223456509255
W;2;2 0.0
W;2;3 0.0001438675586232738
W;2;4 0.0
W;2;5 0.0
W;3;0 0.0
W;3;1 0.0004389602772882302
W;3;2 1.5898406035611288e-05
W;3;3 0.0
W;3;4 0.00010158113123589498
W;3;5 0.0
W;4;0 0.0
W;4;1 0.0006906436499495939
W;4;2 0.0
W;4;3 0.0
W;4;4 0.0007527452180505903
W;4;5 0.0
W;5;0 0.0
W;5;1 0.0010415216528091983
W;5;2 3.974601508902822e-05
W;5;3 0.0
W;5;4 0.00037637260902529513
W;5;5 0.0
W;6;0 0.0
W;6;1 0.0
W;6;2 7.15428271602508e-05
W;6;3 0.00012788227433179893
W;6;4 0.0
W;6;5 0.0
W;7;0 0.0
W;7;1 0.0
W;7;2 0.0
W;7;3 0.0
W;7;4 0.0038905793073256765
W;7;5 0.0
W;8;0 0.0
W;8;1 0.0
W;8;2 8.364623923283674e-05
W;8;3 0.0
W;8;4 0.001480944069282385
W;8;5 0.0
W;9;0 0.0015056565024744526
W;9;1 0.0006201847484999186
W;9;2 0.0
W;9;3 0.0
W;9;4 0.0
W;9;5 0.0
W;10;0 0.0
W;10;1 0.0
W;10;2 4.8220327680869075e-05
W;10;3 0.00026455363724393996
W;10;4 0.0011454846081227156
W;10;5 0.0024302171898881292
W;11;0 0.0
W;11;1 0.0
W;11;2 0.0
W;11;3 1.5898406035611288e-05
W;11;4 0.0
W;11;5 0.0
W;12;0 0.0
W;12;1 0.00023992888336210955
W;12;2 0.0
W;12;3 2.3847609053416933e-05
W;12;4 0.0004822159908268969
W;12;5 0.0
W;13;0 0.0023134596559068864
W;13;1 0.0
W;13;2 0.0
W;13;3 0.0
W;13;4 0.0
W;13;5 0.0
W;14;0 0.0
W;14;1 0.0008329150204392889
W;14;2 0.0
W;14;3 2.3847609053416933e-05
W;14;4 0.0005727423040613578
W;14;5 0.0
W;15;0 0.0
W;15;1 0.0
W;15;2 3.1796812071222575e-05
W;15;3 0.0
W;15;4 0.0008944083267091861
W;15;5 0.0
W;16;0 0.0
W;16;1 0.0002194801386441151
W;16;2 3.974601508902822e-05
W;16;3 0.0
W;16;4 0.0
W;16;5 0.0
W;17;0 0.0019019774588955461
W;17;1 0.0
W;17;2 0.0
W;17;3 0.0
W;17;4 0.0002863711520306789
W;17;5 0.0
W;18;0 0.0
W;18;1 0.0002993608656174776
W;18;2 0.0
W;18;3 0.0
W;18;4 0.00046042909996639594
W;18;5 0.0
W;19;0 0.0
W;19;1 0.0
W;19;2 7.15428271602508e-05
W;19;3 0.0
W;19;4 0.00035608831177185997
W;19;5 0.0
