X;0;0 0.0
X;0;1 0.0
X;0;2 0.0
X;0;3 0.0
X;0;4 0.00021876708722434222
X;0;5 0.0
X;1;0 0.004717611445141193
X;1;1 0.0008195314935689335
X;1;2 4.158044655467568e-05
X;1;3 0.0
X;1;4 0.00024608978282423144
X;1;5 0.0
X;2;0 0.0
X;2;1 0.0010987230766782991
X;2;2 5.1975558193344604e-05
X;2;3 2.079022327733784e-05
X;2;4 0.0003010497961318743
X;2;5 0.0
X;3;0 0.0
X;3;1 0.0007239079734585309
X;3;2 5.1975558193344604e-05
X;3;3 2.079022327733784e-05
X;3;4 0.00019410207006435078
X;3;5 0.0
X;4;0 0.0
X;4;1 0.0004921795656484629
X;4;2 0.0
X;4;3 0.0
X;4;4 0.0007382693484726943
X;4;5 0.0021442446155377024
X;5;0 0.0
X;5;1 0.0016855958881967512
X;5;2 0.0
X;5;3 2.079022327733784e-05
X;5;4 0.0003898702962578504
X;5;5 0.0
X;6;0 0.0
X;6;1 0.001081360730002181
X;6;2 0.0
X;6;3 0.0
X;6;4 0.00012103869797019495
X;6;5 0.0
X;7;0 0.0
X;7;1 0.001527077417295015
X;7;2 0.0003152867579133747
X;7;3 0.0
X;7;4 0.00010938354361217111
X;7;5 0.0
X;8;0 0.0
X;8;1 0.0007764082802574031
X;8;2 0.0004514549821139316
X;8;3 0.00019573595059604307
X;8;4 0.00021974461533565986
X;8;5 0.0
X;9;0 0.0
X;9;1 0.0003744853526555032
X;9;2 1.039511163866892e-05
X;9;3 0.0
X;9;4 0.0
X;9;5 0.0
X;10;0 0.0
X;10;1 0.0017220749339769033
X;10;2 4.158044655467568e-05
X;10;3 0.0
X;10;4 0.0
X;10;5 0.0
X;11;0 0.0
X;11;1 0.0
X;11;2 0.00036306552172994644
X;11;3 5.1975558193344604e-05
X;11;4 0.0003188231462022088
X;11;5 0.0
X;12;0 0.0
X;12;1 0.0006305901418505576
X;12;2 5.1975558193344604e-05
X;12;3 0.0
X;12;4 0.00036306552172994644
X;12;5 0.0022455528036702276
X;13;0 0.0
X;13;1 0.0015594811850314016
X;13;2 0.0
X;13;3 0.0
X;13;4 0.0
X;13;5 0.0
X;14;0 0.0
X;14;1 0.0009458852127758363
X;14;2 6.237066983201352e-05
X;14;3 0.0
X;14;4 0.0
X;14;5 0.0
X;15;0 0.0
X;15;1 0.00014478159469170617
X;15;2 6.27114999127091e-05
X;15;3 7.276578147068243e-05
X;15;4 0.0006595091367823662
X;15;5 0.0
X;16;0 0.0
X;16;1 0.0005740249779923011
X;16;2 1.039511163866892e-05
X;16;3 0.0
X;16;4 0.0021560562103476004
X;16;5 0.0
X;17;0 0.0
X;17;1 0.0
X;17;2 0.0
X;17;3 0.0
X;17;4 0.0007797405925157008
X;17;5 0.0
X;18;0 0.0
X;18;1 0.0012165162374421481
X;18;2 0.0
X;18;3 0.0
X;18;4 0.0
X;18;5 0.0
X;19;0 0.0
X;19;1 0.00023282697308160078
X;19;2 0.0
X;19;3 8.316089310935136e-05
X;19;4 0.0005463543290459556
X;19;5 0.0
Y;0;0 0.0
Y;0;1 0.0
Y;0;2 0.0
Y;0;3 0.0
Y;0;4 0.0009892637051735493
Y;0;5 0.0030252933961859283
Y;1;0 0.0
Y;1;1 0.00023282697308160078
Y;1;2 0.0
Y;1;3 0.0
Y;1;4 0.0004343447840751185
Y;1;5 0.0041052004237593955
Y;2;0 0.0014777569419223702
Y;2;1 0.0007239079734585309
Y;2;2 0.0
Y;2;3 2.079022327733784e-05
Y;2;4 0.0003744853526555032
Y;2;5 0.0
Y;3;0 0.0
Y;3;1 0.0004893398764901077
Y;3;2 0.0
Y;3;3 1.039511163866892e-05
Y;3;4 0.00024608978282423144
Y;3;5 0.0
Y;4;0 0.0024872012924018684
Y;4;1 0.0009313078923264031
Y;4;2 5.1975558193344604e-05
Y;4;3 0.0
Y;4;4 0.0003744853526555032
Y;4;5 0.0
Y;5;0 0.0
Y;5;1 0.0005050637576161395
Y;5;2 0.0
Y;5;3 4.158044655467568e-05
Y;5;4 0.0
Y;5;5 0.0
Y;6;0 0.0
Y;6;1 0.0003593427017246001
Y;6;2 0.0
Y;6;3 4.2272234058765585e-05
Y;6;4 0.0
Y;6;5 0.0
Y;7;0 0.0
Y;7;1 0.002362579114756581
Y;7;2 9.355600474802028e-05
Y;7;3 0.0
Y;7;4 0.0
Y;7;5 0.0
Y;8;0 0.0
Y;8;1 0.0003744853526555032
Y;8;2 0.0
Y;8;3 5.1975558193344604e-05
Y;8;4 0.0017221741502770139
Y;8;5 0.0
Y;9;0 0.0
Y;9;1 8.648868909898037e-05
Y;9;2 0.0
Y;9;3 3.118533491600676e-05
Y;9;4 0.0
Y;9;5 0.0
Y;10;0 0.0
Y;10;1 0.0007970211835431761
Y;10;2 0.0
Y;10;3 8.454446811753117e-05
Y;10;4 0.0
Y;10;5 0.0
Y;11;0 0.0
Y;11;1 0.0
Y;11;2 0.0
Y;11;3 0.0
Y;11;4 0.0
Y;11;5 0.0
Y;12;0 0.0
Y;12;1 0.0011204842915065211
Y;12;2 1.039511163866892e-05
Y;12;3 0.0
Y;12;4 0.0
Y;12;5 0.0
Y;13;0 0.0
Y;13;1 0.0
Y;13;2 0.0
Y;13;3 0.0
Y;13;4 0.0015764753546263937
Y;13;5 0.0
Y;14;0 0.0
Y;14;1 0.0
Y;14;2 4.158044655467568e-05
Y;14;3 6.237066983201352e-05
Y;14;4 0.0004706297327487534
Y;14;5 0.0
Y;15;0 0.0
Y;15;1 0.00014478159469170617
Y;15;2 4.158044655467568e-05
Y;15;3 0.0002522294063306998
Y;15;4 0.0
Y;15;5 0.0
Y;16;0 0.0
Y;16;1 0.0014308433225286856
Y;16;2 0.0
Y;16;3 4.158044655467568e-05
Y;16;4 0.0021757732913290397
Y;16;5 0.0
Y;17;0 0.0
Y;17;1 0.00028701248899615055
Y;17;2 0.0
Y;17;3 0.0
Y;17;4 0.0011646124203861046
Y;17;5 0.0
Y;18;0 0.0
Y;18;1 0.0
Y;18;2 0.0
Y;18;3 7.276578147068243e-05
Y;18;4 0.0016487728419559155
Y;18;5 0.0
Y;19;0 0.0
Y;19;1 0.00019410207006435078
Y;19;2 0.0
Y;19;3 6.237066983201352e-05
Y;19;4 0.00024608978282423144
Y;19;5 0.0
Z;0;0 0.0
Z;0;1 0.0014350624449807527
Z;0;2 0.0
Z;0;3 0.0
Z;0;4 0.0003137531551658356
Z;0;5 0.0
Z;1;0 0.0030252933961859283
Z;1;1 0.0002595380924153275
Z;1;2 2.079022327733784e-05
Z;1;3 0.0
Z;1;4 0.0010927086580919112
Z;1;5 0.0030252933961859283
Z;2;0 0.0
Z;2;1 0.00028701248899615055
Z;2;2 2.079022327733784e-05
Z;2;3 0.0
Z;2;4 0.0014373708068984004
Z;2;5 0.0
Z;3;0 0.0
Z;3;1 0.0010891965651898393
Z;3;2 0.0
Z;3;3 0.0
Z;3;4 0.0002731771645229778
Z;3;5 0.0
Z;4;0 0.0
Z;4;1 0.0003444348300554028
Z;4;2 0.0
Z;4;3 0.0
Z;4;4 0.0011480499559846022
Z;4;5 0.002635423099928078
Z;5;0 0.0
Z;5;1 0.0
Z;5;2 2.079022327733784e-05
Z;5;3 0.0
Z;5;4 0.0010987230766782991
Z;5;5 0.0
Z;6;0 0.0
Z;6;1 0.002362579114756581
Z;6;2 0.0002522294063306998
Z;6;3 0.0
Z;6;4 0.00018153276086497322
Z;6;5 0.0
Z;7;0 0.0
Z;7;1 0.0007643556489133536
Z;7;2 0.0
Z;7;3 0.0
Z;7;4 0.0
Z;7;5 0.0
Z;8;0 0.0
Z;8;1 0.0003297545683911831
Z;8;2 0.0
Z;8;3 5.1975558193344604e-05
Z;8;4 0.0017967135086230004
Z;8;5 0.0
Z;9;0 0.0
Z;9;1 0.0004213989720491878
Z;9;2 9.355600474802028e-05
Z;9;3 0.0
Z;9;4 0.00028701248899615055
Z;9;5 0.0
Z;10;0 0.0019509530862234876
Z;10;1 0.0019785274103470986
Z;10;2 0.00017297737819796074
Z;10;3 4.2272234058765585e-05
Z;10;4 0.0
Z;10;5 0.0
Z;11;0 0.0
Z;11;1 0.0
Z;11;2 0.0
Z;11;3 6.305735158267495e-05
Z;11;4 0.0
Z;11;5 0.0
Z;12;0 0.0
Z;12;1 0.0025263916697789526
Z;12;2 0.0
Z;12;3 0.0
Z;12;4 0.0012631958348894763
Z;12;5 0.0
Z;13;0 0.0
Z;13;1 0.0004394892306713197
Z;13;2 0.0
Z;13;3 0.0
Z;13;4 0.0
Z;13;5 0.0
Z;14;0 0.0
Z;14;1 0.00103815236966131
Z;14;2 0.0
Z;14;3 0.0
Z;14;4 0.0
Z;14;5 0.0
Z;15;0 0.0
Z;15;1 0.0003444348300554028
Z;15;2 0.0
Z;15;3 3.118533491600676e-05
Z;15;4 0.0003297545683911831
Z;15;5 0.0
Z;16;0 0.0
Z;16;1 0.0
Z;16;2 0.0
Z;16;3 0.0
Z;16;4 0.0
Z;16;5 0.0
Z;17;0 0.0
Z;17;1 0.0003010497961318743
Z;17;2 0.0
Z;17;3 0.0
Z;17;4 0.0014478650551140563
Z;17;5 0.0
Z;18;0 0.0
Z;18;1 0.00016912564083044636
Z;18;2 0.0
Z;18;3 0.0
Z;18;4 0.0
Z;18;5 0.0
Z;19;0 0.0
Z;19;1 0.0003297545683911831
Z;19;2 0.0
Z;19;3 7.276578147068243e-05
Z;19;4 0.0003444348300554028
Z;19;5 0.0
W;0;0 0.0
W;0;1 0.0
W;0;2 0.0
W;0;3 0.0
W;0;4 0.0006765025633217854
W;0;5 0.004974402584803737
W;1;0 0.0
W;1;1 0.0
W;1;2 0.00010451916652118183
W;1;3 0.0
W;1;4 0.0007797405925157008
W;1;5 0.0
W;2;0 0.0
W;2;1 0.0
W;2;2 0.0
W;2;3 0.00010451916652118183
W;2;4 0.0003010497961318743
W;2;5 0.0
W;3;0 0.0
W;3;1 0.0
W;3;2 2.079022327733784e-05
W;3;3 0.0
W;3;4 0.00039851059177158804
W;3;5 0.0
W;4;0 0.0020526002118796977
W;4;1 0.000903149388395623
W;4;2 0.0
W;4;3 0.0
W;4;4 0.0004921795656484629
W;4;5 0.0
W;5;0 0.0
W;5;1 0.0
W;5;2 3.118533491600676e-05
W;5;3 0.0
W;5;4 0.0009843591312969258
W;5;5 0.0
W;6;0 0.0
W;6;1 0.00020683786501629375
W;6;2 2.079022327733784e-05
W;6;3 0.0001881344997381273
W;6;4 0.0005227071601817131
W;6;5 0.0
W;7;0 0.0
W;7;1 0.0012322676827742874
W;7;2 0.0
W;7;3 0.0
W;7;4 0.0006359600790820818
W;7;5 0.0
W;8;0 0.0
W;8;1 0.0013777393202216112
W;8;2 0.0006563012616730268
W;8;3 0.0002420773959403899
W;8;4 0.00012103869797019495
W;8;5 0.0
W;9;0 0.0
W;9;1 0.00040550541248071605
W;9;2 0.0
W;9;3 0.0
W;9;4 0.0
W;9;5 0.0
W;10;0 0.0
W;10;1 0.0
W;10;2 3.1528675791337475e-05
W;10;3 0.00017297737819796074
W;10;4 0.002246912115933019
W;10;5 0.0018159864715647561
W;11;0 0.0
W;11;1 0.000787526371585527
W;11;2 0.0
W;11;3 5.1975558193344604e-05
W;11;4 0.0
W;11;5 0.0
W;12;0 0.0024872012924018684
W;12;1 0.0003137531551658356
W;12;2 0.0
W;12;3 5.1975558193344604e-05
W;12;4 0.0006305901418505576
W;12;5 0.0
W;13;0 0.0
W;13;1 0.0
W;13;2 0.0
W;13;3 0.0
W;13;4 0.0003744853526555032
W;13;5 0.0
W;14;0 0.0
W;14;1 0.0010891965651898393
W;14;2 0.0
W;14;3 3.118533491600676e-05
W;14;4 0.0
W;14;5 0.0
W;15;0 0.0
W;15;1 0.0002731771645229778
W;15;2 4.158044655467568e-05
W;15;3 0.0
W;15;4 0.0
W;15;5 0.0
W;16;0 0.0
W;16;1 0.0005740249779923011
W;16;2 1.039511163866892e-05
W;16;3 0.0
W;16;4 0.0021560562103476004
W;16;5 0.0
W;17;0 0.0
W;17;1 0.0006305901418505576
W;17;2 0.0
W;17;3 0.0
W;17;4 0.001872426763277516
W;17;5 0.0
W;18;0 0.0
W;18;1 9.786797529802153e-05
W;18;2 0.0
W;18;3 0.0
W;18;4 0.0
W;18;5 0.0
W;19;0 0.0
W;19;1 0.00040550541248071605
W;19;2 6.237066983201352e-05
W;19;3 0.0
W;19;4 0.00023282697308160078
W;19;5 0.0
