X;0;0 0.0
X;0;1 0.0005816667594027288
X;0;2 0.0
X;0;3 0.0
X;0;4 0.00038781438189769754
X;0;5 0.0
X;1;0 0.0013938397451553522
X;1;1 0.0006456914797815839
X;1;2 6.142565968304361e-05
X;1;3 0.0
X;1;4 0.0005816667594027288
X;1;5 0.0
X;2;0 0.0009330839404869837
X;2;1 0.0009089436361611383
X;2;2 4.299796177813053e-05
X;2;3 2.4570263873217446e-05
X;2;4 0.0005336791840519589
X;2;5 0.0
X;3;0 0.0
X;3;1 0.00025665828149893364
X;3;2 4.299796177813053e-05
X;3;3 4.299796177813053e-05
X;3;4 0.0004587867110611927
X;3;5 0.0009655603119869545
X;4;0 0.0
X;4;1 0.0002908333797013644
X;4;2 0.0
X;4;3 0.0
X;4;4 0.0005816667594027288
X;4;5 0.0
X;5;0 0.0
X;5;1 0.0012450424174180548
X;5;2 0.0
X;5;3 4.914052774643489e-05
X;5;4 0.0002303779023341843
X;5;5 0.0
X;6;0 0.0
X;6;1 0.0003194929429551898
X;6;2 0.0
X;6;3 0.0
X;6;4 0.0004291372018943275
X;6;5 0.0
X;7;0 0.0
X;7;1 0.0
X;7;2 9.315290574713344e-05
X;7;3 0.0
X;7;4 0.0004524501122139805
X;7;5 0.0007696282175030172
X;8;0 0.0
X;8;1 0.00022939335553059635
X;8;2 0.0003112303285785437
X;8;3 0.0005783107631246727
X;8;4 0.00038954727264048784
X;8;5 0.0
X;9;0 0.0
X;9;1 0.0
X;9;2 9.213848952456542e-05
X;9;3 0.0
X;9;4 0.0
X;9;5 0.0
X;10;0 0.0
X;10;1 0.000678393155809083
X;10;2 4.299796177813053e-05
X;10;3 0.0
X;10;4 0.0005988693234975118
X;10;5 0.0
X;11;0 0.0
X;11;1 0.0
X;11;2 0.00021453871738587744
X;11;3 8.599592355626106e-05
X;11;4 0.00018839549548312336
X;11;5 0.0
X;12;0 0.0
X;12;1 0.0
X;12;2 9.828105549286978e-05
X;12;3 0.0
X;12;4 0.00032180807607881613
X;12;5 0.0
X;13;0 0.0
X;13;1 0.0002303779023341843
X;13;2 0.0
X;13;3 0.0
X;13;4 0.0003139780420018572
X;13;5 0.0
X;14;0 0.0
X;14;1 0.0
X;14;2 3.0712829841521806e-05
X;14;3 0.0
X;14;4 0.00018631072372857378
X;14;5 0.0
X;15;0 0.0
X;15;1 0.00025665828149893364
X;15;2 0.00011117038620889339
X;15;3 4.299796177813053e-05
X;15;4 0.0005845649166934609
X;15;5 0.0
X;16;0 0.0
X;16;1 0.0005087948668568123
X;16;2 4.299796177813053e-05
X;16;3 0.0
X;16;4 0.0008493554768036001
X;16;5 0.0
X;17;0 0.0
X;17;1 0.0002908333797013644
X;17;2 0.0
X;17;3 0.0
X;17;4 0.00161264531633929
X;17;5 0.0
X;18;0 0.0
X;18;1 0.0004792336692953916
X;18;2 0.0
X;18;3 0.0
X;18;4 0.00025969818176032526
X;18;5 0.0
X;19;0 0.002000012239674403
X;19;1 0.0006878978750138204
X;19;2 0.0
X;19;3 1.8427697904913085e-05
X;19;4 0.00016142286994539598
X;19;5 0.0013269175658051345
Y;0;0 0.0
Y;0;1 0.0003067268364908415
Y;0;2 0.0
Y;0;3 0.0
Y;0;4 0.0
Y;0;5 0.0
Y;1;0 0.0
Y;1;1 0.0005503183000110563
Y;1;2 0.0
Y;1;3 0.0
Y;1;4 0.00042776380249822277
Y;1;5 0.0012129001252016395
Y;2;0 0.000873220011135946
Y;2;1 0.0010266331259957346
Y;2;2 0.0
Y;2;3 2.4570263873217446e-05
Y;2;4 0.0006638603978893011
Y;2;5 0.0
Y;3;0 0.0
Y;3;1 0.0
Y;3;2 0.0
Y;3;3 3.0712829841521806e-05
Y;3;4 0.0001454166898506822
Y;3;5 0.0
Y;4;0 0.0
Y;4;1 0.00013757957500276408
Y;4;2 4.299796177813053e-05
Y;4;3 0.0
Y;4;4 0.00044257359859286736
Y;4;5 0.0
Y;5;0 0.0
Y;5;1 0.0
Y;5;2 0.0
Y;5;3 0.00010442362146117415
Y;5;4 0.0005336791840519589
Y;5;5 0.0
Y;6;0 0.0
Y;6;1 0.00021233886920090002
Y;6;2 0.0
Y;6;3 0.0002248114265852533
Y;6;4 0.0015336341824542076
Y;6;5 0.0
Y;7;0 0.0
Y;7;1 0.0004653564923005386
Y;7;2 0.00011056618742947851
Y;7;3 0.0
Y;7;4 0.0
Y;7;5 0.0
Y;8;0 0.0
Y;8;1 0.0006638603978893011
Y;8;2 0.0
Y;8;3 4.299796177813053e-05
Y;8;4 0.00020352967230546527
Y;8;5 0.0
Y;9;0 0.0
Y;9;1 0.00015332085794819245
Y;9;2 0.0
Y;9;3 4.914052774643489e-05
Y;9;4 0.0015443620641732434
Y;9;5 0.0
Y;10;0 0.0
Y;10;1 0.00039247255250232156
Y;10;2 0.0
Y;10;3 0.0001248952369918074
Y;10;4 0.0011126096029970586
Y;10;5 0.0
Y;11;0 0.0
Y;11;1 0.0
Y;11;2 0.0
Y;11;3 0.0
Y;11;4 0.001917545543271181
Y;11;5 0.0
Y;12;0 0.0
Y;12;1 0.0
Y;12;2 4.299796177813053e-05
Y;12;3 0.0
Y;12;4 0.0011434533733376074
Y;12;5 0.0
Y;13;0 0.0
Y;13;1 0.00014304573396477582
Y;13;2 0.0
Y;13;3 0.0
Y;13;4 0.00037262144745714757
Y;13;5 0.0
Y;14;0 0.0
Y;14;1 0.00038970994446230726
Y;14;2 6.142565968304361e-05
Y;14;3 3.0712829841521806e-05
Y;14;4 0.0004634989792222571
Y;14;5 0.0
Y;15;0 0.0
Y;15;1 0.00025665828149893364
Y;15;2 5.5283093714739256e-05
Y;15;3 0.0001304140680459868
Y;15;4 0.0006105890169163957
Y;15;5 0.0
Y;16;0 0.0
Y;16;1 0.0025364949808463063
Y;16;2 0.0
Y;16;3 5.5283093714739256e-05
Y;16;4 0.0
Y;16;5 0.0
Y;17;0 0.0
Y;17;1 0.0008479914447613538
Y;17;2 0.0
Y;17;3 0.0
Y;17;4 0.0004587867110611927
Y;17;5 0.0027876794903107043
Y;18;0 0.0
Y;18;1 0.0003067268364908415
Y;18;2 0.0
Y;18;3 5.5283093714739256e-05
Y;18;4 0.00038970994446230726
Y;18;5 0.0
Y;19;0 0.001931120623973909
Y;19;1 0.0010322700998876837
Y;19;2 0.0
Y;19;3 1.8427697904913085e-05
Y;19;4 0.0
Y;19;5 0.0
Z;0;0 0.0
Z;0;1 0.000678393155809083
Z;0;2 0.0
Z;0;3 0.0
Z;0;4 0.0002780993875333542
Z;0;5 0.0
Z;1;0 0.0
Z;1;1 0.0007668170912271038
Z;1;2 7.371079161965234e-05
Z;1;3 0.0
Z;1;4 0.00032284573989079196
Z;1;5 0.0
Z;2;0 0.0
Z;2;1 0.000678393155809083
Z;2;2 5.5283093714739256e-05
Z;2;3 0.0
Z;2;4 0.0006370166076027
Z;2;5 0.0
Z;3;0 0.0
Z;3;1 0.00032180807607881613
Z;3;2 0.0
Z;3;3 0.0
Z;3;4 0.0006456914797815839
Z;3;5 0.0012129001252016395
Z;4;0 0.0
Z;4;1 0.00040705934461093054
Z;4;2 0.0
Z;4;3 0.0
Z;4;4 0.00016959828895227075
Z;4;5 0.0
Z;5;0 0.0
Z;5;1 0.0
Z;5;2 1.2285131936608723e-05
Z;5;3 0.0
Z;5;4 0.0022074345449627645
Z;5;5 0.0
Z;6;0 0.0
Z;6;1 0.0
Z;6;2 0.00016767523034484018
Z;6;3 0.0
Z;6;4 0.0
Z;6;5 0.0
Z;7;0 0.0
Z;7;1 0.0
Z;7;2 0.0
Z;7;3 0.0
Z;7;4 0.0005552564952635467
Z;7;5 0.0
Z;8;0 0.0
Z;8;1 0.0005845649166934609
Z;8;2 0.0
Z;8;3 4.914052774643489e-05
Z;8;4 0.0
Z;8;5 0.0
Z;9;0 0.0
Z;9;1 0.0007470254504508329
Z;9;2 4.914052774643489e-05
Z;9;3 0.0
Z;9;4 0.00016959828895227075
Z;9;5 0.0
Z;10;0 0.004899552636993076
Z;10;1 0.0
Z;10;2 0.0
Z;10;3 4.995809479672296e-05
Z;10;4 0.0013640852079296044
Z;10;5 0.0013269175658051345
Z;11;0 0.0
Z;11;1 0.0005236827161983134
Z;11;2 0.0
Z;11;3 0.0001304140680459868
Z;11;4 0.0
Z;11;5 0.0
Z;12;0 0.0
Z;12;1 0.0
Z;12;2 0.0
Z;12;3 0.0
Z;12;4 0.0007464339024346905
Z;12;5 0.0
Z;13;0 0.0
Z;13;1 0.0006492454544008132
Z;13;2 0.0
Z;13;3 0.0
Z;13;4 0.0002354835315013929
Z;13;5 0.0
Z;14;0 0.0
Z;14;1 0.0
Z;14;2 0.0
Z;14;3 0.0
Z;14;4 0.00016142286994539598
Z;14;5 0.0
Z;15;0 0.0
Z;15;1 0.0
Z;15;2 0.0
Z;15;3 5.5283093714739256e-05
Z;15;4 0.0
Z;15;5 0.0
Z;16;0 0.0
Z;16;1 0.0
Z;16;2 0.0
Z;16;3 0.0
Z;16;4 0.0
Z;16;5 0.0
Z;17;0 0.0
Z;17;1 0.0010673583681039178
Z;17;2 0.0
Z;17;3 0.0
Z;17;4 0.0004888894991294216
Z;17;5 0.0013938397451553522
Z;18;0 0.0
Z;18;1 0.0002998136360176094
Z;18;2 0.0
Z;18;3 0.0
Z;18;4 0.00018631072372857378
Z;18;5 0.0
Z;19;0 0.0
Z;19;1 0.00038970994446230726
Z;19;2 0.0
Z;19;3 3.685539580982617e-05
Z;19;4 0.00040705934461093054
Z;19;5 0.0
W;0;0 0.0
W;0;1 0.00035578612270130596
W;0;2 0.0
W;0;3 0.0
W;0;4 0.0004996893933626824
W;0;5 0.0
W;1;0 0.0
W;1;1 7.84945105004643e-05
W;1;2 0.0002099885072834653
W;1;3 0.0
W;1;4 0.0
W;1;5 0.0
W;2;0 0.0
W;2;1 0.000728158176184806
W;2;2 0.0
W;2;3 0.00013587491647753638
W;2;4 0.00017789306135065298
W;2;5 0.0
W;3;0 0.0
W;3;1 0.0005087948668568123
W;3;2 1.8427697904913085e-05
W;3;3 0.0
W;3;4 0.00039247255250232156
W;3;5 0.0011634618428211679
W;4;0 0.0
W;4;1 0.0007115722454026119
W;4;2 0.0
W;4;3 0.0
W;4;4 0.0002908333797013644
W;4;5 0.0
W;5;0 0.0
W;5;1 0.0002682707287538844
W;5;2 3.0712829841521806e-05
W;5;3 0.0
W;5;4 0.0008725001391040932
W;5;5 0.0
W;6;0 0.0
W;6;1 0.0
W;6;2 1.2285131936608723e-05
W;6;3 0.0002099885072834653
W;6;4 0.0009266172385039459
W;6;5 0.0
W;7;0 0.0
W;7;1 0.000728158176184806
W;7;2 0.0
W;7;3 0.0
W;7;4 0.0
W;7;5 0.0
W;8;0 0.0
W;8;1 0.00040705934461093054
W;8;2 0.00038781438189769754
W;8;3 0.0007152286698238792
W;8;4 0.00028609146792955164
W;8;5 0.0
W;9;0 0.0
W;9;1 0.0009584673385907832
W;9;2 0.0
W;9;3 0.0
W;9;4 0.00017789306135065298
W;9;5 0.0
W;10;0 0.0
W;10;1 0.0018185174835571522
W;10;2 3.7261162298853374e-05
W;10;3 0.0
W;10;4 0.0
W;10;5 0.004560602388816035
W;11;0 0.0
W;11;1 0.0
W;11;2 0.0
W;11;3 3.685539580982617e-05
W;11;4 0.0030785128700120687
W;11;5 0.0
W;12;0 0.0
W;12;1 0.0002780993875333542
W;12;2 0.0
W;12;3 9.828105549286978e-05
W;12;4 0.0
W;12;5 0.0
W;13;0 0.0
W;13;1 0.0009742748611557682
W;13;2 0.0
W;13;3 0.0
W;13;4 0.0
W;13;5 0.0
W;14;0 0.001469709854601104
W;14;1 0.0004290774347717549
W;14;2 0.0
W;14;3 5.5283093714739256e-05
W;14;4 0.00022128679929643368
W;14;5 0.0
W;15;0 0.0
W;15;1 0.0
W;15;2 5.5283093714739256e-05
W;15;3 0.0
W;15;4 0.0
W;15;5 0.0
W;16;0 0.0
W;16;1 0.0005087948668568123
W;16;2 4.299796177813053e-05
W;16;3 0.0
W;16;4 0.0008493554768036001
W;16;5 0.0
W;17;0 0.0
W;17;1 0.0007452428949142951
W;17;2 0.0
W;17;3 0.0
W;17;4 0.0017702943943714695
W;17;5 0.0
W;18;0 0.0
W;18;1 0.00023132430524986904
W;18;2 0.0
W;18;3 0.0
W;18;4 0.00017789306135065298
W;18;5 0.0
W;19;0 0.0
W;19;1 0.0
W;19;2 1.8427697904913085e-05
W;19;3 0.0
W;19;4 0.0012382161750248769
W;19;5 0.0012129001252016395
