X;0;0 0.0
X;0;1 0.0004921795656484629
X;0;2 0.0
X;0;3 0.0
X;0;4 0.00010938354361217111
X;0;5 0.0
X;1;0 0.0
X;1;1 0.0002731771645229778
X;1;2 5.717311401267906e-05
X;1;3 0.0
X;1;4 0.00036913467423634717
X;1;5 0.0
X;2;0 0.0
X;2;1 0.00021974461533565986
X;2;2 5.1975558193344604e-05
X;2;3 6.237066983201352e-05
X;2;4 0.0003010497961318743
X;2;5 0.0
X;3;0 0.0
X;3;1 0.00021717239203755925
X;3;2 2.079022327733784e-05
X;3;3 8.316089310935136e-05
X;3;4 0.00029115310509652615
X;3;5 0.0
X;4;0 0.0
X;4;1 0.00024608978282423144
X;4;2 0.0
X;4;3 0.0
X;4;4 0.0004921795656484629
X;4;5 0.0
X;5;0 0.0012436006462009342
X;5;1 0.0010534974301229696
X;5;2 0.0
X;5;3 5.1975558193344604e-05
X;5;4 0.000974675740644626
X;5;5 0.0
X;6;0 0.0015126466980929642
X;6;1 0.0016220410950032716
X;6;2 0.0
X;6;3 0.0
X;6;4 0.0006657128388360722
X;6;5 0.0005439433228322599
X;7;0 0.0
X;7;1 0.002290616125942522
X;7;2 9.458602737401242e-05
X;7;3 0.0
X;7;4 0.0006016094898669412
X;7;5 0.0
X;8;0 0.0
X;8;1 0.00029115310509652615
X;8;2 0.00033859123658544867
X;8;3 0.0004893398764901077
X;8;4 0.0004394892306713197
X;8;5 0.0
X;9;0 0.0
X;9;1 0.0007489707053110064
X;9;2 4.158044655467568e-05
X;9;3 0.0
X;9;4 0.0003593427017246001
X;9;5 0.0
X;10;0 0.0
X;10;1 0.0007175312224903764
X;10;2 2.5987779096672302e-05
X;10;3 0.0
X;10;4 0.0007962987708043839
X;10;5 0.0005945974168985226
X;11;0 0.0
X;11;1 0.0010263001059398489
X;11;2 0.0005445982825949197
X;11;3 3.118533491600676e-05
X;11;4 0.0003453917417190595
X;11;5 0.0
X;12;0 0.0
X;12;1 0.0009458852127758363
X;12;2 8.316089310935136e-05
X;12;3 0.0
X;12;4 9.076638043248661e-05
X;12;5 0.0
X;13;0 0.0
X;13;1 0.000974675740644626
X;13;2 0.0
X;13;3 0.0
X;13;4 0.00039851059177158804
X;13;5 0.0
X;14;0 0.0
X;14;1 0.0006305901418505576
X;14;2 4.158044655467568e-05
X;14;3 0.0
X;14;4 0.0011035327482384757
X;14;5 0.0009103568093932681
X;15;0 0.0
X;15;1 0.00028956318938341233
X;15;2 0.0001254229998254182
X;15;3 4.677800237401014e-05
X;15;4 0.00016487728419559155
X;15;5 0.0
X;16;0 0.0
X;16;1 0.0005740249779923011
X;16;2 0.00010395111638668921
X;16;3 0.0
X;16;4 0.0
X;16;5 0.0
X;17;0 0.0
X;17;1 0.00024608978282423144
X;17;2 0.0
X;17;3 0.0
X;17;4 0.0005848054443867756
X;17;5 0.0
X;18;0 0.002635423099928078
X;18;1 0.00101376353120179
X;18;2 0.0
X;18;3 0.0
X;18;4 0.00010987230766782993
X;18;5 0.0
X;19;0 0.0
X;19;1 0.00046565394616320156
X;19;2 0.0
X;19;3 4.677800237401014e-05
X;19;4 0.0001365885822614889
X;19;5 0.0
Y;0;0 0.0
Y;0;1 0.00012976904620766374
Y;0;2 0.0
Y;0;3 0.0
Y;0;4 0.0016487728419559155
Y;0;5 0.0
Y;1;0 0.0
Y;1;1 0.0003492404596224012
Y;1;2 0.0
Y;1;3 0.0
Y;1;4 0.00014478159469170617
Y;1;5 0.0
Y;2;0 0.0
Y;2;1 0.00014478159469170617
Y;2;2 0.0
Y;2;3 6.237066983201352e-05
Y;2;4 0.0003744853526555032
Y;2;5 0.0
Y;3;0 0.0
Y;3;1 0.00019573595059604307
Y;3;2 0.0
Y;3;3 6.756822565134798e-05
Y;3;4 0.0004921795656484629
Y;3;5 0.0
Y;4;0 0.0
Y;4;1 0.00046565394616320156
Y;4;2 2.5987779096672302e-05
Y;4;3 0.0
Y;4;4 0.0007489707053110064
Y;4;5 0.0
Y;5;0 0.0028107322891530347
Y;5;1 0.0012626593940403487
Y;5;2 0.0
Y;5;3 5.717311401267906e-05
Y;5;4 0.0003010497961318743
Y;5;5 0.0009844677131563729
Y;6;0 0.002635423099928078
Y;6;1 0.0010780281051738002
Y;6;2 0.0
Y;6;3 0.0002747695213819763
Y;6;4 0.00012976904620766374
Y;6;5 0.0
Y;7;0 0.0
Y;7;1 0.0019688159289638174
Y;7;2 3.118533491600676e-05
Y;7;3 0.0
Y;7;4 0.00030806692069357185
Y;7;5 0.0
Y;8;0 0.0
Y;8;1 0.0003744853526555032
Y;8;2 0.0
Y;8;3 2.5987779096672302e-05
Y;8;4 0.0003444348300554028
Y;8;5 0.0011227764018351138
Y;9;0 0.0
Y;9;1 0.0002594660672969411
Y;9;2 0.0
Y;9;3 6.756822565134798e-05
Y;9;4 0.0005227071601817131
Y;9;5 0.0
Y;10;0 0.0
Y;10;1 0.0004649290237335194
Y;10;2 0.0
Y;10;3 8.454446811753117e-05
Y;10;4 0.0023535972371091624
Y;10;5 0.0
Y;11;0 0.0
Y;11;1 0.0
Y;11;2 0.0
Y;11;3 0.0
Y;11;4 0.004056346341535191
Y;11;5 0.0
Y;12;0 0.0
Y;12;1 0.0005602421457532606
Y;12;2 0.00011434622802535812
Y;12;3 0.0
Y;12;4 0.0
Y;12;5 0.00184589053490063
Y;13;0 0.0011227764018351138
Y;13;1 0.0004236354428956823
Y;13;2 0.0
Y;13;3 0.0
Y;13;4 0.0011035327482384757
Y;13;5 0.0
Y;14;0 0.0014053661445765173
Y;14;1 0.0008243864209779578
Y;14;2 4.158044655467568e-05
Y;14;3 4.677800237401014e-05
Y;14;4 0.0002353148663743767
Y;14;5 0.0
Y;15;0 0.0
Y;15;1 0.00028956318938341233
Y;15;2 5.717311401267906e-05
Y;15;3 0.00015764337895668735
Y;15;4 0.0001722174150277014
Y;15;5 0.0
Y;16;0 0.004358268743416592
Y;16;1 0.0
Y;16;2 0.0
Y;16;3 6.756822565134798e-05
Y;16;4 0.0
Y;16;5 0.0
Y;17;0 0.0010721223077688512
Y;17;1 0.0004305187334942258
Y;17;2 0.0
Y;17;3 0.0
Y;17;4 0.00029115310509652615
Y;17;5 0.0
Y;18;0 0.0
Y;18;1 0.0002595380924153275
Y;18;2 0.0
Y;18;3 5.1975558193344604e-05
Y;18;4 0.00016487728419559155
Y;18;5 0.0011227764018351138
Y;19;0 0.0
Y;19;1 0.00038820414012870157
Y;19;2 0.0
Y;19;3 3.638289073534122e-05
Y;19;4 0.00036913467423634717
Y;19;5 0.0
Z;0;0 0.0
Z;0;1 0.0005740249779923011
Z;0;2 0.0
Z;0;3 0.0
Z;0;4 0.0002353148663743767
Z;0;5 0.0
Z;1;0 0.0
Z;1;1 0.00012976904620766374
Z;1;2 9.355600474802028e-05
Z;1;3 0.0
Z;1;4 0.0005463543290459556
Z;1;5 0.0
Z;2;0 0.0
Z;2;1 0.0004305187334942258
Z;2;2 6.237066983201352e-05
Z;2;3 0.0
Z;2;4 0.00017967135086230005
Z;2;5 0.0
Z;3;0 0.0
Z;3;1 0.00036306552172994644
Z;3;2 0.0
Z;3;3 0.0
Z;3;4 0.0010927086580919112
Z;3;5 0.0
Z;4;0 0.0
Z;4;1 0.0006888696601108056
Z;4;2 0.0
Z;4;3 0.0
Z;4;4 0.0005740249779923011
Z;4;5 0.0
Z;5;0 0.0
Z;5;1 0.0019078802372462453
Z;5;2 5.1975558193344604e-05
Z;5;3 0.0
Z;5;4 0.0004394892306713197
Z;5;5 0.0
Z;6;0 0.0
Z;6;1 0.0003937631857927635
Z;6;2 6.305735158267495e-05
Z;6;3 0.0
Z;6;4 0.0009984301847573529
Z;6;5 0.0
Z;7;0 0.0
Z;7;1 0.0011465334733700304
Z;7;2 0.0
Z;7;3 0.0
Z;7;4 0.0
Z;7;5 0.0
Z;8;0 0.0
Z;8;1 0.0003297545683911831
Z;8;2 0.0
Z;8;3 3.118533491600676e-05
Z;8;4 0.0003593427017246001
Z;8;5 0.0009844677131563729
Z;9;0 0.0
Z;9;1 0.0002106994860245939
Z;9;2 5.717311401267906e-05
Z;9;3 0.0
Z;9;4 0.0008610374669884516
Z;9;5 0.0
Z;10;0 0.0031702987651131675
Z;10;1 0.00016487728419559155
Z;10;2 0.0003027104118464313
Z;10;3 0.00010568058514691396
Z;10;4 0.0
Z;10;5 0.0
Z;11;0 0.0
Z;11;1 0.005317393733705951
Z;11;2 0.0
Z;11;3 0.0001261147031653499
Z;11;4 0.0
Z;11;5 0.0
Z;12;0 0.0
Z;12;1 0.0
Z;12;2 0.0
Z;12;3 0.0
Z;12;4 0.0012631958348894763
Z;12;5 0.0
Z;13;0 0.0011227764018351138
Z;13;1 0.0004394892306713197
Z;13;2 0.0
Z;13;3 0.0
Z;13;4 0.00026567372784772536
Z;13;5 0.0022455528036702276
Z;14;0 0.0015126466980929642
Z;14;1 0.0007786142772459824
Z;14;2 0.0
Z;14;3 0.0
Z;14;4 0.0005463543290459556
Z;14;5 0.0
Z;15;0 0.0
Z;15;1 0.0008610870751385069
Z;15;2 0.0
Z;15;3 6.756822565134798e-05
Z;15;4 0.00016487728419559155
Z;15;5 0.0
Z;16;0 0.0
Z;16;1 0.0
Z;16;2 0.0
Z;16;3 0.0
Z;16;4 0.0
Z;16;5 0.0
Z;17;0 0.0011227764018351138
Z;17;1 0.0006020995922637486
Z;17;2 0.0
Z;17;3 0.0
Z;17;4 0.00020683786501629375
Z;17;5 0.0
Z;18;0 0.0
Z;18;1 0.0
Z;18;2 0.0
Z;18;3 0.0
Z;18;4 0.0006305901418505576
Z;18;5 0.0
Z;19;0 0.0
Z;19;1 0.0004946318525867747
Z;19;2 0.0
Z;19;3 9.355600474802028e-05
Z;19;4 0.0001722174150277014
Z;19;5 0.0
W;0;0 0.0
W;0;1 0.0007526244903296857
W;0;2 0.0
W;0;3 0.0
W;0;4 0.0004228141020761159
W;0;5 0.0
W;1;0 0.0
W;1;1 6.641843196193134e-05
W;1;2 1.0451916652118184e-05
W;1;3 0.0
W;1;4 0.0005848054443867756
W;1;5 0.0
W;2;0 0.0
W;2;1 0.0009242007620807155
W;2;2 0.0
W;2;3 0.00011497108317330001
W;2;4 0.0004515746941978115
W;2;5 0.0
W;3;0 0.0011227764018351138
W;3;1 0.0008610374669884516
W;3;2 2.5987779096672302e-05
W;3;3 0.0
W;3;4 0.00013283686392386268
W;3;5 0.0
W;4;0 0.0
W;4;1 0.0006020995922637486
W;4;2 0.0
W;4;3 0.0
W;4;4 0.00024608978282423144
W;4;5 0.0
W;5;0 0.0
W;5;1 0.0011349915447279725
W;5;2 2.5987779096672302e-05
W;5;3 0.0
W;5;4 0.0004921795656484629
W;5;5 0.0
W;6;0 0.0029246466005602247
W;6;1 0.0005170946625407344
W;6;2 2.5987779096672302e-05
W;6;3 7.316341656482729e-05
W;6;4 0.0005227071601817131
W;6;5 0.0
W;7;0 0.0
W;7;1 0.0006161338413871437
W;7;2 0.0
W;7;3 0.0
W;7;4 0.0006359600790820818
W;7;5 0.0
W;8;0 0.0
W;8;1 0.0005166522450831041
W;8;2 0.0004922259462547701
W;8;3 0.0006051934898509747
W;8;4 0.0002420773959403899
W;8;5 0.0
W;9;0 0.0
W;9;1 0.0024330324748842963
W;9;2 0.0
W;9;3 0.0
W;9;4 0.0007526244903296857
W;9;5 0.0
W;10;0 0.0
W;10;1 0.000512915187669966
W;10;2 6.305735158267495e-05
W;10;3 0.00034595475639592147
W;10;4 0.0
W;10;5 0.002950978016292729
W;11;0 0.0
W;11;1 0.004331395043720398
W;11;2 0.0
W;11;3 3.118533491600676e-05
W;11;4 0.000651223876348707
W;11;5 0.0
W;12;0 0.0
W;12;1 7.84382887914589e-05
W;12;2 0.0
W;12;3 8.316089310935136e-05
W;12;4 0.0009458852127758363
W;12;5 0.0
W;13;0 0.0
W;13;1 0.0
W;13;2 0.0
W;13;3 0.0
W;13;4 0.0005617280289832548
W;13;5 0.0
W;14;0 0.0
W;14;1 0.00036306552172994644
W;14;2 0.0
W;14;3 3.118533491600676e-05
W;14;4 0.0011234560579665095
W;14;5 0.0
W;15;0 0.0
W;15;1 0.0001365885822614889
W;15;2 6.756822565134798e-05
W;15;3 0.0
W;15;4 0.000974675740644626
W;15;5 0.0
W;16;0 0.0
W;16;1 0.0005740249779923011
W;16;2 0.00010395111638668921
W;16;3 0.0
W;16;4 0.0
W;16;5 0.0
W;17;0 0.0
W;17;1 0.0001576475354626394
W;17;2 0.0
W;17;3 0.0
W;17;4 0.0007489707053110064
W;17;5 0.0
W;18;0 0.0
W;18;1 0.0
W;18;2 0.0
W;18;3 0.0
W;18;4 0.00015052489806593715
W;18;5 0.0
W;19;0 0.0
W;19;1 0.00020275270624035802
W;19;2 9.355600474802028e-05
W;19;3 0.0
W;19;4 0.0003492404596224012
W;19;5 0.0
