X;0;0 0.0
X;0;1 0.0006398334353430017
X;0;2 0.0
X;0;3 0.0
X;0;4 0.00021329791004373366
X;0;5 0.0
X;1;0 0.0015332237196708876
X;1;1 0.0012429560985795492
X;1;2 2.0270467695404392e-05
X;1;3 0.0
X;1;4 0.00015995835883575042
X;1;5 0.0
X;2;0 0.001026392334535682
X;2;1 0.0009998379997772523
X;2;2 2.0270467695404392e-05
X;2;3 4.0540935390808783e-05
X;2;4 0.0005870471024571549
X;2;5 0.0
X;3;0 0.0
X;3;1 0.0
X;3;2 8.108187078161757e-05
X;3;3 4.0540935390808783e-05
X;3;4 0.000252332691083656
X;3;5 0.0
X;4;0 0.0
X;4;1 0.00015995835883575042
X;4;2 0.0
X;4;3 0.0
X;4;4 0.0006398334353430017
X;4;5 0.0
X;5;0 0.0
X;5;1 0.0
X;5;2 0.0
X;5;3 2.0270467695404392e-05
X;5;4 0.001013662770270411
X;5;5 0.0
X;6;0 0.0
X;6;1 0.0014057689490028352
X;6;2 0.0
X;6;3 0.0
X;6;4 0.00031470061472250684
X;6;5 0.0014142526393638758
X;7;0 0.0
X;7;1 0.0
X;7;2 6.148091779310806e-05
X;7;3 0.0
X;7;4 0.0002843972133916449
X;7;5 0.001693182078506638
X;8;0 0.0
X;8;1 0.000126166345541828
X;8;2 0.000586891476748111
X;8;3 0.00019084255183114197
X;8;4 0.0005713359998727156
X;8;5 0.0
X;9;0 0.0
X;9;1 0.0017039083545825396
X;9;2 4.7297757955943585e-05
X;9;3 0.0
X;9;4 0.0004671455122419801
X;9;5 0.0
X;10;0 0.0
X;10;1 0.0016790230606274804
X;10;2 2.702729026053919e-05
X;10;3 0.0
X;10;4 0.000282324109648827
X;10;5 0.0007729766419680794
X;11;0 0.0
X;11;1 0.0
X;11;2 0.0007079777673733956
X;11;3 5.405458052107838e-05
X;11;4 0.00017269587085952975
X;11;5 0.0006107821447899013
X;12;0 0.0
X;12;1 0.00040988359220286237
X;12;2 7.432504821648277e-05
X;12;3 0.0
X;12;4 0.0
X;12;5 0.0
X;13;0 0.0
X;13;1 0.0012670784628380138
X;13;2 0.0
X;13;3 0.0
X;13;4 0.0004317198077525537
X;13;5 0.0
X;14;0 0.0
X;14;1 0.00020494179610143118
X;14;2 4.0540935390808783e-05
X;14;3 0.0
X;14;4 0.00020494179610143118
X;14;5 0.002366927704422497
X;15;0 0.0012798080271032848
X;15;1 0.000376432146198436
X;15;2 0.00013587491647753638
X;15;3 3.378411282567399e-05
X;15;4 0.0
X;15;5 0.0
X;16;0 0.0
X;16;1 0.0003731162356949957
X;16;2 6.756822565134798e-05
X;16;3 0.0
X;16;4 0.0007007182683629701
X;16;5 0.0
X;17;0 0.0
X;17;1 0.0006398334353430017
X;17;2 0.0
X;17;3 0.0
X;17;4 0.001013662770270411
X;17;5 0.0
X;18;0 0.0
X;18;1 0.0002635785181124654
X;18;2 0.0
X;18;3 0.0
X;18;4 0.0005713359998727156
X;18;5 0.0
X;19;0 0.0011000067318209217
X;19;1 0.0001513375325030405
X;19;2 0.0
X;19;3 8.783869334675238e-05
X;19;4 0.0
X;19;5 0.0
Y;0;0 0.0
Y;0;1 0.0005060992802098885
Y;0;2 0.0
Y;0;3 0.0
Y;0;4 0.000214340469454269
Y;0;5 0.0
Y;1;0 0.0
Y;1;1 0.0001513375325030405
Y;1;2 0.0
Y;1;3 0.0
Y;1;4 0.0006587562558472631
Y;1;5 0.0013341901377218034
Y;2;0 0.0009605420122495407
Y;2;1 0.0006587562558472631
Y;2;2 0.0
Y;2;3 4.0540935390808783e-05
Y;2;4 0.0007302464376782312
Y;2;5 0.0
Y;3;0 0.0
Y;3;1 0.00019084255183114197
Y;3;2 0.0
Y;3;3 3.378411282567399e-05
Y;3;4 0.00031991671767150085
Y;3;5 0.0
Y;4;0 0.0
Y;4;1 0.000302675065006081
Y;4;2 3.378411282567399e-05
Y;4;3 0.0
Y;4;4 0.0004868309584521542
Y;4;5 0.0
Y;5;0 0.0
Y;5;1 0.0016414572122524533
Y;5;2 0.0
Y;5;3 6.7568225651347975e-06
Y;5;4 0.0007827294699428732
Y;5;5 0.0
Y;6;0 0.0
Y;6;1 0.0025693003173308904
Y;6;2 0.0
Y;6;3 5.495390427639525e-05
Y;6;4 0.0008434988003498142
Y;6;5 0.0
Y;7;0 0.0
Y;7;1 0.001023784283061185
Y;7;2 6.0811403086213175e-05
Y;7;3 0.0
Y;7;4 0.0008009739938032867
Y;7;5 0.0
Y;8;0 0.0
Y;8;1 0.0002434154792260771
Y;8;2 0.0
Y;8;3 1.3513645130269595e-05
Y;8;4 0.001119413197680059
Y;8;5 0.0
Y;9;0 0.0017130250149532506
Y;9;1 0.0006183941270577096
Y;9;2 0.0
Y;9;3 2.0270467695404392e-05
Y;9;4 0.0006795193082362271
Y;9;5 0.0
Y;10;0 0.0
Y;10;1 0.0009497835770556181
Y;10;2 0.0
Y;10;3 8.243085641459288e-05
Y;10;4 0.0006119352816483822
Y;10;5 0.001026392334535682
Y;11;0 0.0
Y;11;1 0.0014566295789584774
Y;11;2 0.0
Y;11;3 0.0
Y;11;4 0.0010546500487991497
Y;11;5 0.0
Y;12;0 0.0
Y;12;1 0.0
Y;12;2 8.783869334675238e-05
Y;12;3 0.0
Y;12;4 0.0006288993553356841
Y;12;5 0.0
Y;13;0 0.002919218644771296
Y;13;1 0.00031470061472250684
Y;13;2 0.0
Y;13;3 0.0
Y;13;4 0.0006148253883042935
Y;13;5 0.0
Y;14;0 0.0
Y;14;1 0.000214340469454269
Y;14;2 5.405458052107838e-05
Y;14;3 6.0811403086213175e-05
Y;14;4 0.00020393955085779312
Y;14;5 0.0
Y;15;0 0.0
Y;15;1 0.000564648219297654
Y;15;2 6.0811403086213175e-05
Y;15;3 8.197455705747743e-05
Y;15;4 0.0002238826395360118
Y;15;5 0.0
Y;16;0 0.0
Y;16;1 0.0
Y;16;2 0.0
Y;16;3 8.108187078161757e-05
Y;16;4 0.0007071263196819379
Y;16;5 0.0
Y;17;0 0.0
Y;17;1 0.0007462324713899914
Y;17;2 0.0
Y;17;3 0.0
Y;17;4 0.00037849903662548397
Y;17;5 0.0
Y;18;0 0.0
Y;18;1 0.0005060992802098885
Y;18;2 0.0
Y;18;3 4.7297757955943585e-05
Y;18;4 0.000428680938908538
Y;18;5 0.0
Y;19;0 0.00106211634318565
Y;19;1 0.000504665382167312
Y;19;2 0.0
Y;19;3 1.3513645130269595e-05
Y;19;4 0.0007997917941787522
Y;19;5 0.0033000201954627648
Z;0;0 0.0
Z;0;1 0.0007462324713899914
Z;0;2 0.0
Z;0;3 0.0
Z;0;4 0.0006118186525733793
Z;0;5 0.0
Z;1;0 0.0
Z;1;1 0.0005060992802098885
Z;1;2 5.405458052107838e-05
Z;1;3 0.0
Z;1;4 0.00035513031387987115
Z;1;5 0.0
Z;2;0 0.0
Z;2;1 0.0007462324713899914
Z;2;2 2.702729026053919e-05
Z;2;3 0.0
Z;2;4 0.0004671455122419801
Z;2;5 0.0
Z;3;0 0.0
Z;3;1 0.0002359925891244652
Z;3;2 0.0
Z;3;3 0.0
Z;3;4 0.0
Z;3;5 0.0
Z;4;0 0.0
Z;4;1 0.0004477652790720236
Z;4;2 0.0
Z;4;3 0.0
Z;4;4 0.0003731162356949957
Z;4;5 0.0
Z;5;0 0.0
Z;5;1 0.0008267481028067063
Z;5;2 6.756822565134798e-05
Z;5;3 0.0
Z;5;4 0.0007141699998408945
Z;5;5 0.0
Z;6;0 0.0
Z;6;1 0.001023784283061185
Z;6;2 2.0493639264369357e-05
Z;6;3 0.0
Z;6;4 0.0002359925891244652
Z;6;5 0.007552959484593255
Z;7;0 0.0
Z;7;1 0.0
Z;7;2 0.0
Z;7;3 0.0
Z;7;4 0.0
Z;7;5 0.0
Z;8;0 0.0
Z;8;1 0.000214340469454269
Z;8;2 0.0
Z;8;3 1.3513645130269595e-05
Z;8;4 0.0011678637806049501
Z;8;5 0.0
Z;9;0 0.0
Z;9;1 0.0002739093318319721
Z;9;2 3.378411282567399e-05
Z;9;3 0.0
Z;9;4 0.001305906824932485
Z;9;5 0.0
Z;10;0 0.004121388394647117
Z;10;1 0.000214340469454269
Z;10;2 0.00022487059165734896
Z;10;3 5.495390427639525e-05
Z;10;4 0.0
Z;10;5 0.0
Z;11;0 0.0
Z;11;1 0.0011521019756362894
Z;11;2 0.0
Z;11;3 0.00014345547485058552
Z;11;4 0.0
Z;11;5 0.0
Z;12;0 0.0
Z;12;1 0.0
Z;12;2 0.0
Z;12;3 0.0
Z;12;4 0.0
Z;12;5 0.0
Z;13;0 0.0
Z;13;1 0.00042850199990453663
Z;13;2 0.0
Z;13;3 0.0
Z;13;4 0.00034537584620204293
Z;13;5 0.002919218644771296
Z;14;0 0.0
Z;14;1 0.0006747990402798514
Z;14;2 0.0
Z;14;3 0.0
Z;14;4 0.0
Z;14;5 0.0
Z;15;0 0.0
Z;15;1 0.0008955305581440472
Z;15;2 0.0
Z;15;3 3.378411282567399e-05
Z;15;4 0.000857361877817076
Z;15;5 0.0
Z;16;0 0.0
Z;16;1 0.0
Z;16;2 0.0
Z;16;3 0.0
Z;16;4 0.0007283147894792387
Z;16;5 0.0
Z;17;0 0.0
Z;17;1 0.0005870471024571549
Z;17;2 0.0
Z;17;3 0.0
Z;17;4 0.00040333383678177275
Z;17;5 0.0
Z;18;0 0.0
Z;18;1 0.00010993166653979012
Z;18;2 0.0
Z;18;3 0.0
Z;18;4 0.0006148253883042935
Z;18;5 0.0
Z;19;0 0.0
Z;19;1 0.001286042816725614
Z;19;2 0.0
Z;19;3 2.702729026053919e-05
Z;19;4 0.0013432958372160708
Z;19;5 0.0016166808400612143
W;0;0 0.0
W;0;1 0.0005870471024571549
W;0;2 0.0
W;0;3 0.0
W;0;4 0.0004397266661591605
W;0;5 0.0
W;1;0 0.0
W;1;1 0.00034537584620204293
W;1;2 9.511244153427547e-05
W;1;3 0.0
W;1;4 0.0005068313851352055
W;1;5 0.0
W;2;0 0.0
W;2;1 0.0008009739938032867
W;2;2 0.0
W;2;3 9.511244153427547e-05
W;2;4 0.0005870471024571549
W;2;5 0.0
W;3;0 0.0
W;3;1 0.0
W;3;2 7.432504821648277e-05
W;3;3 0.0
W;3;4 0.00017268792310102147
W;3;5 0.0
W;4;0 0.0
W;4;1 0.0007827294699428732
W;4;2 0.0
W;4;3 0.0
W;4;4 0.00015995835883575042
W;4;5 0.0
W;5;0 0.0
W;5;1 0.00029509780162927286
W;5;2 5.405458052107838e-05
W;5;3 0.0
W;5;4 0.00031991671767150085
W;5;5 0.0
W;6;0 0.005974635198287315
W;6;1 0.0002688892245211819
W;6;2 6.7568225651347975e-06
W;6;3 4.076247494326091e-05
W;6;4 0.0010192789623543405
W;6;5 0.0
W;7;0 0.0
W;7;1 0.0
W;7;2 0.0
W;7;3 0.0
W;7;4 0.0
W;7;5 0.0
W;8;0 0.0
W;8;1 0.0002238826395360118
W;8;2 0.0008531916401749347
W;8;3 0.0002360254610418801
W;8;4 0.00031470061472250684
W;8;5 0.0
W;9;0 0.0
W;9;1 0.0002635785181124654
W;9;2 0.0
W;9;3 0.0
W;9;4 0.0005870471024571549
W;9;5 0.0
W;10;0 0.0
W;10;1 0.0
W;10;2 8.197455705747743e-05
W;10;3 0.00011243529582867448
W;10;4 0.0002434154792260771
W;10;5 0.003836271421180547
W;11;0 0.0
W;11;1 0.0
W;11;2 0.0
W;11;3 7.432504821648277e-05
W;11;4 0.0
W;11;5 0.0
W;12;0 0.0
W;12;1 0.0
W;12;2 0.0
W;12;3 7.432504821648277e-05
W;12;4 0.00040988359220286237
W;12;5 0.0
W;13;0 0.0
W;13;1 0.000643021408362807
W;13;2 0.0
W;13;3 0.0
W;13;4 0.0
W;13;5 0.0
W;14;0 0.0
W;14;1 0.0008259740619356282
W;14;2 0.0
W;14;3 2.702729026053919e-05
W;14;4 0.0
W;14;5 0.0
W;15;0 0.0
W;15;1 0.0007102606277597423
W;15;2 3.378411282567399e-05
W;15;3 0.0
W;15;4 0.001013662770270411
W;15;5 0.0
W;16;0 0.0
W;16;1 0.0003731162356949957
W;16;2 6.756822565134798e-05
W;16;3 0.0
W;16;4 0.0007007182683629701
W;16;5 0.0
W;17;0 0.0
W;17;1 0.0
W;17;2 0.0
W;17;3 0.0
W;17;4 0.0
W;17;5 0.0
W;18;0 0.0
W;18;1 0.000127228367887428
W;18;2 0.0
W;18;3 0.0
W;18;4 0.0001956823674857183
W;18;5 0.0
W;19;0 0.0013937590000995066
W;19;1 0.0021086281448997233
W;19;2 2.0270467695404392e-05
W;19;3 0.0
W;19;4 0.000605350130012162
W;19;5 0.0013341901377218034
