X;0;0 0.0
X;0;1 0.00035546301963500096
X;0;2 0.0
X;0;3 0.0
X;0;4 0.0003159969037684943
X;0;5 0.0
X;1;0 0.0
X;1;1 0.0003945892376443013
X;1;2 4.504548376756532e-05
X;1;3 0.0
X;1;4 0.0
X;1;5 0.0
X;2;0 0.0
X;2;1 0.0006348177776363507
X;2;2 6.006064502342043e-05
X;2;3 4.504548376756532e-05
X;2;4 0.0
X;2;5 0.0
X;3;0 0.0
X;3;1 0.0
X;3;2 0.00010510612879098575
X;3;3 1.5015161255855107e-05
X;3;4 0.0002803696567596178
X;3;5 0.0
X;4;0 0.0
X;4;1 0.0
X;4;2 0.0
X;4;3 0.0
X;4;4 0.0007109260392700019
X;4;5 0.0
X;5;0 0.0
X;5;1 0.0006086874040710491
X;5;2 0.0
X;5;3 9.009096753513064e-05
X;5;4 0.0
X;5;5 0.0
X;6;0 0.0
X;6;1 0.0007809827494460196
X;6;2 0.0
X;6;3 0.0
X;6;4 0.0
X;6;5 0.0
X;7;0 0.0
X;7;1 0.0
X;7;2 0.00018216568234994985
X;7;3 0.0
X;7;4 0.00015799845188424716
X;7;5 0.0
X;8;0 0.0
X;8;1 0.0002803696567596178
X;8;2 0.0002173672136104115
X;8;3 0.0008481891192495198
X;8;4 0.0
X;8;5 0.0
X;9;0 0.0
X;9;1 0.0
X;9;2 6.006064502342043e-05
X;9;3 0.0
X;9;4 0.0010381011383155112
X;9;5 0.0
X;10;0 0.0
X;10;1 0.0
X;10;2 4.504548376756532e-05
X;10;3 0.0
X;10;4 0.0004182579402204845
X;10;5 0.0
X;11;0 0.0
X;11;1 0.0
X;11;2 0.0005244279758321449
X;11;3 7.507580627927553e-05
X;11;4 0.00015350744076402645
X;11;5 0.0
X;12;0 0.0
X;12;1 0.00045542621355873595
X;12;2 4.504548376756532e-05
X;12;3 0.0
X;12;4 0.0002622139879160724
X;12;5 0.0
X;13;0 0.0
X;13;1 0.0
X;13;2 0.0
X;13;3 0.0
X;13;4 0.00019187547011224608
X;13;5 0.0
X;14;0 0.0
X;14;1 0.0
X;14;2 3.0030322511710215e-05
X;14;3 0.0
X;14;4 0.0
X;14;5 0.005259839343161104
X;15;0 0.0
X;15;1 0.0
X;15;2 3.019442588389697e-05
X;15;3 6.006064502342043e-05
X;15;4 0.0019052486173712802
X;15;5 0.0
X;16;0 0.0
X;16;1 0.0004145735952166619
X;16;2 1.5015161255855107e-05
X;16;3 0.0
X;16;4 0.001557151707473267
X;16;5 0.0
X;17;0 0.0
X;17;1 0.00035546301963500096
X;17;2 0.0
X;17;3 0.0
X;17;4 0.0
X;17;5 0.0
X;18;0 0.0
X;18;1 0.0
X;18;2 0.0
X;18;3 0.0
X;18;4 0.00031740888881817534
X;18;5 0.0
X;19;0 0.0
X;19;1 0.00033630562778453444
X;19;2 0.0
X;19;3 6.006064502342043e-05
X;19;4 0.0
X;19;5 0.0
Y;0;0 0.0
Y;0;1 0.0
Y;0;2 0.0
Y;0;3 0.0
Y;0;4 0.00047631215434282005
Y;0;5 0.0
Y;1;0 0.0
Y;1;1 0.00033630562778453444
Y;1;2 0.0
Y;1;3 0.0
Y;1;4 0.0004182579402204845
Y;1;5 0.0
Y;2;0 0.0
Y;2;1 0.0004182579402204845
Y;2;2 0.0
Y;2;3 4.504548376756532e-05
Y;2;4 0.0
Y;2;5 0.0
Y;3;0 0.0
Y;3;1 0.0002827297064165066
Y;3;2 0.0
Y;3;3 3.0030322511710215e-05
Y;3;4 0.0
Y;3;5 0.0
Y;4;0 0.0
Y;4;1 0.0006726112555690689
Y;4;2 4.504548376756532e-05
Y;4;3 0.0
Y;4;4 0.0
Y;4;5 0.0
Y;5;0 0.0
Y;5;1 0.0
Y;5;2 0.0
Y;5;3 4.504548376756532e-05
Y;5;4 0.0004348497055238184
Y;5;5 0.0
Y;6;0 0.0
Y;6;1 0.0005190505691577556
Y;6;2 0.0
Y;6;3 0.00030529946820219585
Y;6;4 0.0
Y;6;5 0.0
Y;7;0 0.0
Y;7;1 0.0
Y;7;2 9.009096753513064e-05
Y;7;3 0.0
Y;7;4 0.0
Y;7;5 0.0
Y;8;0 0.0
Y;8;1 0.0
Y;8;2 0.0
Y;8;3 9.009096753513064e-05
Y;8;4 0.0004975169767466929
Y;8;5 0.0
Y;9;0 0.0
Y;9;1 0.00012492810647630497
Y;9;2 0.0
Y;9;3 3.0030322511710215e-05
Y;9;4 0.0007550214535958079
Y;9;5 0.0028440178380072993
Y;10;0 0.0
Y;10;1 0.0
Y;10;2 0.0
Y;10;3 0.0002442395745617567
Y;10;4 0.0006799280907204248
Y;10;5 0.0
Y;11;0 0.0
Y;11;1 0.001618477309953864
Y;11;2 0.0
Y;11;3 0.0
Y;11;4 0.0011718333875546107
Y;11;5 0.0
Y;12;0 0.0
Y;12;1 0.0
Y;12;2 3.0030322511710215e-05
Y;12;3 0.0
Y;12;4 0.001397554122968187
Y;12;5 0.0
Y;13;0 0.0
Y;13;1 0.0
Y;13;2 0.0
Y;13;3 0.0
Y;13;4 0.0
Y;13;5 0.0
Y;14;0 0.0
Y;14;1 0.00047631215434282005
Y;14;2 1.5015161255855107e-05
Y;14;3 7.507580627927553e-05
Y;14;4 0.00045319900190620696
Y;14;5 0.0
Y;15;0 0.0
Y;15;1 0.0
Y;15;2 3.0030322511710215e-05
Y;15;3 0.00013662426176246238
Y;15;4 0.0019900679069867716
Y;15;5 0.0
Y;16;0 0.0
Y;16;1 0.0
Y;16;2 0.0
Y;16;3 4.504548376756532e-05
Y;16;4 0.0
Y;16;5 0.0
Y;17;0 0.0
Y;17;1 0.0
Y;17;2 0.0
Y;17;3 0.0
Y;17;4 0.0005607393135192356
Y;17;5 0.0
Y;18;0 0.0
Y;18;1 0.0007497767114220571
Y;18;2 0.0
Y;18;3 6.006064502342043e-05
Y;18;4 0.0
Y;18;5 0.0
Y;19;0 0.0
Y;19;1 0.0005607393135192356
Y;19;2 0.0
Y;19;3 4.504548376756532e-05
Y;19;4 0.00035546301963500096
Y;19;5 0.0
Z;0;0 0.0
Z;0;1 0.0
Z;0;2 0.0
Z;0;3 0.0
Z;0;4 0.00045319900190620696
Z;0;5 0.0
Z;1;0 0.0
Z;1;1 0.00037488835571102854
Z;1;2 6.006064502342043e-05
Z;1;3 0.0
Z;1;4 0.0003945892376443013
Z;1;5 0.0
Z;2;0 0.0
Z;2;1 0.0004145735952166619
Z;2;2 7.507580627927553e-05
Z;2;3 0.0
Z;2;4 0.0005190505691577556
Z;2;5 0.0
Z;3;0 0.0
Z;3;1 0.0
Z;3;2 0.0
Z;3;3 0.0
Z;3;4 0.0007891784752886026
Z;3;5 0.0
Z;4;0 0.0
Z;4;1 0.0
Z;4;2 0.0
Z;4;3 0.0
Z;4;4 0.0008291471904333238
Z;4;5 0.0
Z;5;0 0.0
Z;5;1 0.0
Z;5;2 9.009096753513064e-05
Z;5;3 0.0
Z;5;4 0.0
Z;5;5 0.0
Z;6;0 0.0
Z;6;1 0.0
Z;6;2 0.00022770710293743728
Z;6;3 0.0
Z;6;4 0.0
Z;6;5 0.0
Z;7;0 0.0
Z;7;1 0.0011040692706526217
Z;7;2 0.0
Z;7;3 0.0
Z;7;4 0.0
Z;7;5 0.0
Z;8;0 0.0
Z;8;1 0.0
Z;8;2 0.0
Z;8;3 7.507580627927553e-05
Z;8;4 0.0005190505691577556
Z;8;5 0.0
Z;9;0 0.0
Z;9;1 0.0006086874040710491
Z;9;2 6.006064502342043e-05
Z;9;3 0.0
Z;9;4 0.0004145735952166619
Z;9;5 0.0
Z;10;0 0.0
Z;10;1 0.0
Z;10;2 0.00024985621295260993
Z;10;3 0.00036635936184263503
Z;10;4 0.0016672152541361833
Z;10;5 0.0
Z;11;0 0.0
Z;11;1 0.003840339918787631
Z;11;2 0.0
Z;11;3 9.108284117497492e-05
Z;11;4 0.0
Z;11;5 0.0
Z;12;0 0.0
Z;12;1 0.0018246162059514658
Z;12;2 0.0
Z;12;3 0.0
Z;12;4 0.0
Z;12;5 0.0
Z;13;0 0.0
Z;13;1 0.00031740888881817534
Z;13;2 0.0
Z;13;3 0.0
Z;13;4 0.0
Z;13;5 0.0
Z;14;0 0.0
Z;14;1 0.00037488835571102854
Z;14;2 0.0
Z;14;3 0.0
Z;14;4 0.0007891784752886026
Z;14;5 0.0
Z;15;0 0.0
Z;15;1 0.0009950339534933858
Z;15;2 0.0
Z;15;3 1.5015161255855107e-05
Z;15;4 0.0
Z;15;5 0.0
Z;16;0 0.0
Z;16;1 0.0022057784916483547
Z;16;2 0.0
Z;16;3 0.0
Z;16;4 0.0
Z;16;5 0.0
Z;17;0 0.0
Z;17;1 0.0
Z;17;2 0.0
Z;17;3 0.0
Z;17;4 0.0005975316100470708
Z;17;5 0.0
Z;18;0 0.0
Z;18;1 0.0002442925923106447
Z;18;2 0.0
Z;18;3 0.0
Z;18;4 0.0
Z;18;5 0.0
Z;19;0 0.0
Z;19;1 0.0
Z;19;2 0.0
Z;19;3 6.006064502342043e-05
Z;19;4 0.0004975169767466929
Z;19;5 0.0
W;0;0 0.0
W;0;1 0.0004348497055238184
W;0;2 0.0
W;0;3 0.0
W;0;4 0.0007328777769319341
W;0;5 0.0
W;1;0 0.0
W;1;1 0.00038375094022449215
W;1;2 0.00015097212941948484
W;1;3 0.0
W;1;4 0.0
W;1;5 0.0
W;2;0 0.0
W;2;1 0.0
W;2;2 0.0
W;2;3 0.00012077770353558789
W;2;4 0.0008696994110476368
W;2;5 0.0
W;3;0 0.0
W;3;1 0.0
W;3;2 6.006064502342043e-05
W;3;3 0.0
W;3;4 0.00019187547011224608
W;3;5 0.0
W;4;0 0.0
W;4;1 0.0008696994110476368
W;4;2 0.0
W;4;3 0.0
W;4;4 0.0
W;4;5 0.0
W;5;0 0.0
W;5;1 0.0
W;5;2 4.504548376756532e-05
W;5;3 0.0
W;5;4 0.00035546301963500096
W;5;5 0.0
W;6;0 0.0
W;6;1 0.0
W;6;2 6.006064502342043e-05
W;6;3 0.00015097212941948484
W;6;4 0.0
W;6;5 0.0
W;7;0 0.0
W;7;1 0.0
W;7;2 0.0
W;7;3 0.0
W;7;4 0.0
W;7;5 0.0
W;8;0 0.0
W;8;1 0.0004975169767466929
W;8;2 0.0003159969037684943
W;8;3 0.0010490020490750227
W;8;4 0.0
W;8;5 0.0
W;9;0 0.0
W;9;1 0.0005857300402499231
W;9;2 0.0
W;9;3 0.0
W;9;4 0.0
W;9;5 0.0
W;10;0 0.0
W;10;1 0.001481754986602124
W;10;2 0.0003187899441124122
W;10;3 0.00012492810647630497
W;10;4 0.0
W;10;5 0.0
W;11;0 0.0
W;11;1 0.0011375380922902056
W;11;2 0.0
W;11;3 7.507580627927553e-05
W;11;4 0.0
W;11;5 0.0
W;12;0 0.0
W;12;1 0.00022659950095310348
W;12;2 0.0
W;12;3 4.504548376756532e-05
W;12;4 0.00045542621355873595
W;12;5 0.0
W;13;0 0.0
W;13;1 0.00047631215434282005
W;13;2 0.0
W;13;3 0.0
W;13;4 0.0
W;13;5 0.0
W;14;0 0.0
W;14;1 0.0007866419637482173
W;14;2 0.0
W;14;3 3.0030322511710215e-05
W;14;4 0.0005409232871690601
W;14;5 0.0
W;15;0 0.0
W;15;1 0.0
W;15;2 4.504548376756532e-05
W;15;3 0.0
W;15;4 0.001689437950450685
W;15;5 0.0
W;16;0 0.0
W;16;1 0.0004145735952166619
W;16;2 1.5015161255855107e-05
W;16;3 0.0
W;16;4 0.001557151707473267
W;16;5 0.0
W;17;0 0.0
W;17;1 0.00045542621355873595
W;17;2 0.0
W;17;3 0.0
W;17;4 0.0
W;17;5 0.0
W;18;0 0.0
W;18;1 0.0001413648532082533
W;18;2 0.0
W;18;3 0.0
W;18;4 0.0
W;18;5 0.0
W;19;0 0.0
W;19;1 0.0005857300402499231
W;19;2 6.006064502342043e-05
W;19;3 0.0
W;19;4 0.0
W;19;5 0.0
