X;0;0 0.0
X;0;1 0.0005331945294525014
X;0;2 0.0
X;0;3 0.0
X;0;4 0.00015799845188424716
X;0;5 0.0
X;1;0 0.0
X;1;1 0.0
X;1;2 6.006064502342043e-05
X;1;3 0.0
X;1;4 0.00035546301963500096
X;1;5 0.0
X;2;0 0.0
X;2;1 0.0
X;2;2 3.7537903139637766e-05
X;2;3 7.507580627927553e-05
X;2;4 0.0
X;2;5 0.003666689106069739
X;3;0 0.0
X;3;1 0.0004182579402204845
X;3;2 7.507580627927553e-05
X;3;3 3.0030322511710215e-05
X;3;4 0.0
X;3;5 0.0
X;4;0 0.0
X;4;1 0.00017773150981750048
X;4;2 0.0
X;4;3 0.0
X;4;4 0.0
X;4;5 0.0
X;5;0 0.0
X;5;1 0.0
X;5;2 0.0
X;5;3 4.504548376756532e-05
X;5;4 0.0
X;5;5 0.0
X;6;0 0.0
X;6;1 0.0003904913747230098
X;6;2 0.0
X;6;3 0.0
X;6;4 0.00017483367484583714
X;6;5 0.0
X;7;0 0.0
X;7;1 0.0
X;7;2 0.00022770710293743728
X;7;3 0.0
X;7;4 0.00015799845188424716
X;7;5 0.0
X;8;0 0.0
X;8;1 0.0022429572540769425
X;8;2 5.4341803402602875e-05
X;8;3 0.0
X;8;4 0.00015870444440908767
X;8;5 0.0
X;9;0 0.0
X;9;1 0.00027046164358453007
X;9;2 0.00010510612879098575
X;9;3 0.0
X;9;4 0.0
X;9;5 0.0
X;10;0 0.0
X;10;1 0.00020728679760833094
X;10;2 9.759854816305818e-05
X;10;3 0.0
X;10;4 0.00010456448505512112
X;10;5 0.0
X;11;0 0.0
X;11;1 0.0014824334863575595
X;11;2 0.0017043909214544707
X;11;3 2.252274188378266e-05
X;11;4 3.837686019100661e-05
X;11;5 0.0
X;12;0 0.0
X;12;1 0.0
X;12;2 1.5015161255855107e-05
X;12;3 0.0
X;12;4 0.0
X;12;5 0.0
X;13;0 0.0
X;13;1 0.0
X;13;2 0.0
X;13;3 0.0
X;13;4 0.0
X;13;5 0.0
X;14;0 0.0
X;14;1 0.001366278640676208
X;14;2 5.2553064395492875e-05
X;14;3 0.0
X;14;4 0.00022771310677936797
X;14;5 0.0
X;15;0 0.0
X;15;1 0.00010456448505512112
X;15;2 1.5097212941948486e-05
X;15;3 6.756822565134798e-05
X;15;4 0.00166709254019987
X;15;5 0.0
X;16;0 0.0
X;16;1 0.0
X;16;2 8.258338690720309e-05
X;16;3 0.0
X;16;4 0.0
X;16;5 0.0
X;17;0 0.0
X;17;1 0.0
X;17;2 0.0
X;17;3 0.0
X;17;4 0.0
X;17;5 0.0
X;18;0 0.0
X;18;1 0.0
X;18;2 0.0
X;18;3 0.0
X;18;4 0.0
X;18;5 0.0
X;19;0 0.0
X;19;1 0.00016815281389226722
X;19;2 0.0
X;19;3 4.504548376756532e-05
X;19;4 0.0009864730941107531
X;19;5 0.0016217881359840533
Y;0;0 0.0
Y;0;1 0.0
Y;0;2 0.0
Y;0;3 0.0
Y;0;4 0.00047631215434282005
Y;0;5 0.0
Y;1;0 0.0
Y;1;1 0.0
Y;1;2 0.0
Y;1;3 0.0
Y;1;4 0.00031369345516536333
Y;1;5 0.0
Y;2;0 0.0
Y;2;1 0.00020912897011024224
Y;2;2 0.0
Y;2;3 6.006064502342043e-05
Y;2;4 0.0
Y;2;5 0.0
Y;3;0 0.0
Y;3;1 0.0004240945596247599
Y;3;2 0.0
Y;3;3 2.252274188378266e-05
Y;3;4 0.0
Y;3;5 0.0
Y;4;0 0.0
Y;4;1 0.000840764069461336
Y;4;2 7.507580627927553e-05
Y;4;3 0.0
Y;4;4 0.00027046164358453007
Y;4;5 0.0
Y;5;0 0.0
Y;5;1 0.00036476826938943406
Y;5;2 0.0
Y;5;3 6.006064502342043e-05
Y;5;4 0.0
Y;5;5 0.0
Y;6;0 0.0
Y;6;1 0.0023357275612099003
Y;6;2 0.0
Y;6;3 3.052994682021959e-05
Y;6;4 0.00018744417785551427
Y;6;5 0.0
Y;7;0 0.0
Y;7;1 0.0022750761845804113
Y;7;2 7.507580627927553e-05
Y;7;3 0.0
Y;7;4 0.0
Y;7;5 0.0
Y;8;0 0.0
Y;8;1 0.0
Y;8;2 0.0
Y;8;3 6.006064502342043e-05
Y;8;4 0.00024875848837334645
Y;8;5 0.0
Y;9;0 0.0
Y;9;1 0.0006246405323815248
Y;9;2 0.0
Y;9;3 2.252274188378266e-05
Y;9;4 0.0
Y;9;5 0.0
Y;10;0 0.0
Y;10;1 0.0008634396155051074
Y;10;2 0.0
Y;10;3 6.105989364043918e-05
Y;10;4 0.0
Y;10;5 0.0
Y;11;0 0.0
Y;11;1 0.0
Y;11;2 0.0
Y;11;3 0.0
Y;11;4 0.005273250243995748
Y;11;5 0.0
Y;12;0 0.0
Y;12;1 0.0
Y;12;2 8.258338690720309e-05
Y;12;3 0.0
Y;12;4 0.0
Y;12;5 0.0
Y;13;0 0.0
Y;13;1 0.00017483367484583714
Y;13;2 0.0
Y;13;3 0.0
Y;13;4 0.00022771310677936797
Y;13;5 0.0
Y;14;0 0.0
Y;14;1 0.00023815607717141002
Y;14;2 9.759854816305818e-05
Y;14;3 2.252274188378266e-05
Y;14;4 0.00011329975047655174
Y;14;5 0.0
Y;15;0 0.0
Y;15;1 0.00010456448505512112
Y;15;2 7.507580627927554e-06
Y;15;3 0.0001593949720562061
Y;15;4 0.002238826395360118
Y;15;5 0.0
Y;16;0 0.0
Y;16;1 0.0
Y;16;2 0.0
Y;16;3 7.507580627927553e-05
Y;16;4 0.004714175464546252
Y;16;5 0.0
Y;17;0 0.0
Y;17;1 0.0
Y;17;2 0.0
Y;17;3 0.0
Y;17;4 0.0001401848283798089
Y;17;5 0.0
Y;18;0 0.0
Y;18;1 0.0005623325335665428
Y;18;2 0.0
Y;18;3 1.5015161255855107e-05
Y;18;4 0.0
Y;18;5 0.0
Y;19;0 0.0
Y;19;1 0.0001401848283798089
Y;19;2 0.0
Y;19;3 4.504548376756532e-05
Y;19;4 0.0008886575490875023
Y;19;5 0.0012222297020232464
Z;0;0 0.0
Z;0;1 0.0006218603928249928
Z;0;2 0.0
Z;0;3 0.0
Z;0;4 0.00022659950095310348
Z;0;5 0.0
Z;1;0 0.0
Z;1;1 0.00037488835571102854
Z;1;2 3.0030322511710215e-05
Z;1;3 0.0
Z;1;4 0.0011837677129329038
Z;1;5 0.0
Z;2;0 0.0
Z;2;1 0.0004145735952166619
Z;2;2 5.2553064395492875e-05
Z;2;3 0.0
Z;2;4 0.0
Z;2;5 0.0
Z;3;0 0.0
Z;3;1 0.0
Z;3;2 0.0
Z;3;3 0.0
Z;3;4 0.0007891784752886026
Z;3;5 0.0
Z;4;0 0.0
Z;4;1 0.00024875848837334645
Z;4;2 0.0
Z;4;3 0.0
Z;4;4 0.0008291471904333238
Z;4;5 0.0
Z;5;0 0.0
Z;5;1 0.0009186090031185625
Z;5;2 0.00010510612879098575
Z;5;3 0.0
Z;5;4 0.0
Z;5;5 0.0
Z;6;0 0.0
Z;6;1 0.0
Z;6;2 2.277071029374373e-05
Z;6;3 0.0
Z;6;4 0.001966604909370543
Z;6;5 0.0007629252004639651
Z;7;0 0.0
Z;7;1 0.0
Z;7;2 0.0
Z;7;3 0.0
Z;7;4 0.0
Z;7;5 0.0
Z;8;0 0.0
Z;8;1 0.0
Z;8;2 0.0
Z;8;3 6.006064502342043e-05
Z;8;4 0.0002595252845788778
Z;8;5 0.0
Z;9;0 0.0
Z;9;1 0.0
Z;9;2 2.252274188378266e-05
Z;9;3 0.0
Z;9;4 0.00020728679760833094
Z;9;5 0.0
Z;10;0 0.0
Z;10;1 0.0038104972347425604
Z;10;2 0.0
Z;10;3 6.105989364043918e-05
Z;10;4 0.0
Z;10;5 0.0
Z;11;0 0.0
Z;11;1 0.0006400566531312719
Z;11;2 0.0
Z;11;3 6.831213088123119e-05
Z;11;4 0.0
Z;11;5 0.0
Z;12;0 0.0
Z;12;1 0.004561540514878664
Z;12;2 0.0
Z;12;3 0.0
Z;12;4 0.0
Z;12;5 0.0
Z;13;0 0.0
Z;13;1 0.0
Z;13;2 0.0
Z;13;3 0.0
Z;13;4 9.593773505612304e-05
Z;13;5 0.0016217881359840533
Z;14;0 0.0
Z;14;1 0.00018744417785551427
Z;14;2 0.0
Z;14;3 0.0
Z;14;4 0.00019729461882215065
Z;14;5 0.0
Z;15;0 0.0014824334863575595
Z;15;1 0.0009950339534933858
Z;15;2 0.0
Z;15;3 3.7537903139637766e-05
Z;15;4 0.00023815607717141002
Z;15;5 0.0
Z;16;0 0.0
Z;16;1 0.0
Z;16;2 0.0
Z;16;3 0.0
Z;16;4 0.0
Z;16;5 0.0
Z;17;0 0.0
Z;17;1 0.0
Z;17;2 0.0
Z;17;3 0.0
Z;17;4 0.0001493829025117677
Z;17;5 0.0
Z;18;0 0.0
Z;18;1 0.0
Z;18;2 0.0
Z;18;3 0.0
Z;18;4 0.0018217048542349438
Z;18;5 0.0
Z;19;0 0.0017963120445124603
Z;19;1 0.0009526243086856401
Z;19;2 0.0
Z;19;3 3.7537903139637766e-05
Z;19;4 0.00024875848837334645
Z;19;5 0.0
W;0;0 0.0
W;0;1 0.0
W;0;2 0.0
W;0;3 0.0
W;0;4 0.00036643888846596705
W;0;5 0.0
W;1;0 0.0
W;1;1 0.0
W;1;2 3.019442588389697e-05
W;1;3 0.0
W;1;4 0.00028157299174178083
W;1;5 0.0
W;2;0 0.0
W;2;1 0.0017799422084517483
W;2;2 0.0
W;2;3 3.019442588389697e-05
W;2;4 0.0
W;2;5 0.0
W;3;0 0.0
W;3;1 0.00020728679760833094
W;3;2 0.00010510612879098575
W;3;3 0.0
W;3;4 0.0
W;3;5 0.0
W;4;0 0.0
W;4;1 0.0
W;4;2 0.0
W;4;3 0.0
W;4;4 0.0005331945294525014
W;4;5 0.0
W;5;0 0.0
W;5;1 0.0006557728925094952
W;5;2 0.00010510612879098575
W;5;3 0.0
W;5;4 0.0
W;5;5 0.0
W;6;0 0.007845480563407585
W;6;1 0.00044814870753530307
W;6;2 7.507580627927554e-06
W;6;3 1.5097212941948486e-05
W;6;4 0.0
W;6;5 0.0
W;7;0 0.0
W;7;1 0.0
W;7;2 0.0
W;7;3 0.0
W;7;4 0.0
W;7;5 0.0
W;8;0 0.0014220089190036497
W;8;1 0.0
W;8;2 0.0
W;8;3 8.741683742291857e-05
W;8;4 0.0002622505122687557
W;8;5 0.01083689915188519
W;9;0 0.0
W;9;1 0.00029286502012496155
W;9;2 0.0
W;9;3 0.0
W;9;4 0.0
W;9;5 0.0
W;10;0 0.0
W;10;1 0.0
W;10;2 4.554142058748746e-05
W;10;3 0.0
W;10;4 0.004327386297352481
W;10;5 0.0
W;11;0 0.0
W;11;1 0.0
W;11;2 0.0
W;11;3 0.00010510612879098575
W;11;4 0.0
W;11;5 0.0
W;12;0 0.0
W;12;1 0.0
W;12;2 0.0
W;12;3 1.5015161255855107e-05
W;12;4 0.0
W;12;5 0.0
W;13;0 0.0
W;13;1 0.0
W;13;2 0.0
W;13;3 0.0
W;13;4 0.0
W;13;5 0.0
W;14;0 0.0
W;14;1 0.0001311069939580362
W;14;2 0.0
W;14;3 6.006064502342043e-05
W;14;4 0.0013523082179226504
W;14;5 0.0
W;15;0 0.0
W;15;1 0.00019729461882215065
W;15;2 3.7537903139637766e-05
W;15;3 0.0
W;15;4 0.0011262919669671233
W;15;5 0.001267048119479893
W;16;0 0.0
W;16;1 0.0
W;16;2 8.258338690720309e-05
W;16;3 0.0
W;16;4 0.0
W;16;5 0.0
W;17;0 0.0
W;17;1 0.0
W;17;2 0.0
W;17;3 0.0
W;17;4 0.0
W;17;5 0.0
W;18;0 0.0
W;18;1 0.0
W;18;2 0.0
W;18;3 0.0
W;18;4 0.0
W;18;5 0.0
W;19;0 0.0015486211112216738
W;19;1 0.0
W;19;2 3.7537903139637766e-05
W;19;3 0.0
W;19;4 0.0006726112555690689
W;19;5 0.0014824334863575595
