X;0;0 0.0
X;0;1 0.0008886575490875023
X;0;2 0.0
X;0;3 0.0
X;0;4 0.0
X;0;5 0.0
X;1;0 0.0
X;1;1 0.0005918838564664519
X;1;2 6.756822565134798e-05
X;1;3 0.0
X;1;4 0.00017773150981750048
X;1;5 0.0
X;2;0 0.0
X;2;1 0.00047611333322726296
X;2;2 6.756822565134798e-05
X;2;3 4.504548376756532e-05
X;2;4 0.0
X;2;5 0.0
X;3;0 0.0
X;3;1 0.0006273869103307267
X;3;2 9.009096753513064e-05
X;3;3 0.0
X;3;4 0.0
X;3;5 0.0
X;4;0 0.0
X;4;1 0.0
X;4;2 0.0
X;4;3 0.0
X;4;4 0.00017773150981750048
X;4;5 0.0
X;5;0 0.0
X;5;1 0.0
X;5;2 0.0
X;5;3 9.009096753513064e-05
X;5;4 0.0
X;5;5 0.0
X;6;0 0.0
X;6;1 0.0007809827494460196
X;6;2 0.0
X;6;3 0.0
X;6;4 0.00017483367484583714
X;6;5 0.0
X;7;0 0.0
X;7;1 0.0
X;7;2 0.00011385355146871864
X;7;3 0.0
X;7;4 0.00023699767782637074
X;7;5 0.0
X;8;0 0.0
X;8;1 0.0
X;8;2 0.0001630254102078086
X;8;3 0.0008481891192495198
X;8;4 0.00047611333322726296
X;8;5 0.0
X;9;0 0.0
X;9;1 0.0016227698615071805
X;9;2 6.006064502342043e-05
X;9;3 0.0
X;9;4 0.0
X;9;5 0.0
X;10;0 0.0
X;10;1 0.0014510075832583165
X;10;2 5.2553064395492875e-05
X;10;3 0.0
X;10;4 0.00010456448505512112
X;10;5 0.0
X;11;0 0.0
X;11;1 0.0
X;11;2 0.0
X;11;3 0.00011261370941891329
X;11;4 0.00011513058057301983
X;11;5 0.0
X;12;0 0.0
X;12;1 0.0
X;12;2 1.5015161255855107e-05
X;12;3 0.0
X;12;4 0.0
X;12;5 0.0
X;13;0 0.0
X;13;1 0.0
X;13;2 0.0
X;13;3 0.0
X;13;4 9.593773505612304e-05
X;13;5 0.0
X;14;0 0.0
X;14;1 0.0015939917474555758
X;14;2 7.507580627927553e-05
X;14;3 0.0
X;14;4 0.0
X;14;5 0.0
X;15;0 0.0
X;15;1 0.00010456448505512112
X;15;2 0.00021136098118727881
X;15;3 1.5015161255855107e-05
X;15;4 0.00023815607717141002
X;15;5 0.0
X;16;0 0.0
X;16;1 0.0
X;16;2 2.252274188378266e-05
X;16;3 0.0
X;16;4 0.0
X;16;5 0.0
X;17;0 0.0
X;17;1 0.0
X;17;2 0.0
X;17;3 0.0
X;17;4 0.0
X;17;5 0.0
X;18;0 0.0
X;18;1 0.0
X;18;2 0.0
X;18;3 0.0
X;18;4 0.0
X;18;5 0.0
X;19;0 0.0
X;19;1 0.00016815281389226722
X;19;2 0.0
X;19;3 0.00010510612879098575
X;19;4 0.00019729461882215065
X;19;5 0.0
Y;0;0 0.0
Y;0;1 0.0005623325335665428
Y;0;2 0.0
Y;0;3 0.0
Y;0;4 0.0
Y;0;5 0.0
Y;1;0 0.0
Y;1;1 0.0
Y;1;2 0.0
Y;1;3 0.0
Y;1;4 0.0005228224252756056
Y;1;5 0.0
Y;2;0 0.0010672689024994895
Y;2;1 0.00020912897011024224
Y;2;2 0.0
Y;2;3 3.0030322511710215e-05
Y;2;4 0.0
Y;2;5 0.0
Y;3;0 0.0
Y;3;1 0.0004947769862288866
Y;3;2 0.0
Y;3;3 0.0
Y;3;4 0.0
Y;3;5 0.0
Y;4;0 0.0
Y;4;1 0.00016815281389226722
Y;4;2 0.00012012129004684086
Y;4;3 0.0
Y;4;4 0.0
Y;4;5 0.0
Y;5;0 0.0
Y;5;1 0.0
Y;5;2 0.0
Y;5;3 6.006064502342043e-05
Y;5;4 0.0
Y;5;5 0.0
Y;6;0 0.0
Y;6;1 0.0007785758537366335
Y;6;2 0.0
Y;6;3 9.158984046065876e-05
Y;6;4 0.0007497767114220571
Y;6;5 0.0
Y;7;0 0.0
Y;7;1 0.0017063071384353084
Y;7;2 0.00010510612879098575
Y;7;3 0.0
Y;7;4 0.0
Y;7;5 0.0
Y;8;0 0.0
Y;8;1 0.0
Y;8;2 0.0
Y;8;3 0.00012762887067476839
Y;8;4 0.0
Y;8;5 0.0
Y;9;0 0.001903361127725834
Y;9;1 0.0006246405323815248
Y;9;2 0.0
Y;9;3 7.507580627927554e-06
Y;9;4 0.0
Y;9;5 0.0
Y;10;0 0.0
Y;10;1 0.0009593773505612303
Y;10;2 0.0
Y;10;3 6.105989364043918e-05
Y;10;4 0.0
Y;10;5 0.0
Y;11;0 0.0
Y;11;1 0.0
Y;11;2 0.0
Y;11;3 0.0
Y;11;4 0.0
Y;11;5 0.0
Y;12;0 0.0
Y;12;1 0.0
Y;12;2 6.756822565134798e-05
Y;12;3 0.0
Y;12;4 0.001397554122968187
Y;12;5 0.0
Y;13;0 0.0
Y;13;1 8.741683742291857e-05
Y;13;2 0.0
Y;13;3 0.0
Y;13;4 0.0
Y;13;5 0.0
Y;14;0 0.0
Y;14;1 0.0
Y;14;2 4.504548376756532e-05
Y;14;3 7.507580627927553e-05
Y;14;4 0.00022659950095310348
Y;14;5 0.0
Y;15;0 0.0
Y;15;1 0.000836515880440969
Y;15;2 4.504548376756532e-05
Y;15;3 6.831213088123119e-05
Y;15;4 0.00024875848837334645
Y;15;5 0.0
Y;16;0 0.0
Y;16;1 0.0010333868440484952
Y;16;2 0.0
Y;16;3 3.0030322511710215e-05
Y;16;4 0.0
Y;16;5 0.0
Y;17;0 0.0
Y;17;1 0.0
Y;17;2 0.0
Y;17;3 0.0
Y;17;4 0.0005607393135192356
Y;17;5 0.0
Y;18;0 0.0
Y;18;1 0.0
Y;18;2 0.0
Y;18;3 0.00011261370941891329
Y;18;4 0.00047631215434282005
Y;18;5 0.0
Y;19;0 0.0
Y;19;1 0.0001401848283798089
Y;19;2 0.0
Y;19;3 0.00010510612879098575
Y;19;4 0.00017773150981750048
Y;19;5 0.0
Z;0;0 0.0
Z;0;1 0.0008291471904333238
Z;0;2 0.0
Z;0;3 0.0
Z;0;4 0.0
Z;0;5 0.0
Z;1;0 0.0
Z;1;1 0.00018744417785551427
Z;1;2 3.7537903139637766e-05
Z;1;3 0.0
Z;1;4 0.0
Z;1;5 0.0
Z;2;0 0.0
Z;2;1 0.00020728679760833094
Z;2;2 6.756822565134798e-05
Z;2;3 0.0
Z;2;4 0.0002595252845788778
Z;2;5 0.0
Z;3;0 0.0
Z;3;1 0.0
Z;3;2 0.0
Z;3;3 0.0
Z;3;4 0.0
Z;3;5 0.0
Z;4;0 0.0
Z;4;1 0.0
Z;4;2 0.0
Z;4;3 0.0
Z;4;4 0.0
Z;4;5 0.0
Z;5;0 0.0
Z;5;1 0.0
Z;5;2 9.759854816305818e-05
Z;5;3 0.0
Z;5;4 0.0
Z;5;5 0.0
Z;6;0 0.0
Z;6;1 0.0
Z;6;2 2.277071029374373e-05
Z;6;3 0.0
Z;6;4 0.0015732839274964347
Z;6;5 0.0
Z;7;0 0.0
Z;7;1 0.0
Z;7;2 0.0
Z;7;3 0.0
Z;7;4 0.0
Z;7;5 0.0
Z;8;0 0.0
Z;8;1 0.0
Z;8;2 0.0
Z;8;3 0.00012762887067476839
Z;8;4 0.0
Z;8;5 0.0
Z;9;0 0.0
Z;9;1 0.0
Z;9;2 2.252274188378266e-05
Z;9;3 0.0
Z;9;4 0.0016582943808666475
Z;9;5 0.0
Z;10;0 0.0
Z;10;1 0.0
Z;10;2 6.246405323815248e-05
Z;10;3 6.105989364043918e-05
Z;10;4 0.006668861016544733
Z;10;5 0.011352516951888374
Z;11;0 0.0
Z;11;1 0.0012801133062625438
Z;11;2 0.0
Z;11;3 0.000250477813231181
Z;11;4 0.0
Z;11;5 0.0
Z;12;0 0.0
Z;12;1 0.0009123081029757329
Z;12;2 0.0
Z;12;3 0.0
Z;12;4 0.0
Z;12;5 0.0
Z;13;0 0.0
Z;13;1 0.00047611333322726296
Z;13;2 0.0
Z;13;3 0.0
Z;13;4 9.593773505612304e-05
Z;13;5 0.0
Z;14;0 0.0
Z;14;1 0.0
Z;14;2 0.0
Z;14;3 0.0
Z;14;4 0.0003945892376443013
Z;14;5 0.0
Z;15;0 0.0
Z;15;1 0.0007462754651200393
Z;15;2 0.0
Z;15;3 3.0030322511710215e-05
Z;15;4 0.0
Z;15;5 0.0016217881359840533
Z;16;0 0.0
Z;16;1 0.0011028892458241773
Z;16;2 0.0
Z;16;3 0.0
Z;16;4 0.000809238654976932
Z;16;5 0.0
Z;17;0 0.0
Z;17;1 0.0
Z;17;2 0.0
Z;17;3 0.0
Z;17;4 0.0005975316100470708
Z;17;5 0.0
Z;18;0 0.0
Z;18;1 0.0004885851846212894
Z;18;2 0.0
Z;18;3 0.0
Z;18;4 0.0
Z;18;5 0.0
Z;19;0 0.0
Z;19;1 0.00047631215434282005
Z;19;2 0.0
Z;19;3 3.0030322511710215e-05
Z;19;4 0.0
Z;19;5 0.0017963120445124603
W;0;0 0.0
W;0;1 0.0
W;0;2 0.0
W;0;3 0.0
W;0;4 0.0002442925923106447
W;0;5 0.0
W;1;0 0.0
W;1;1 0.0
W;1;2 0.00012077770353558789
W;1;3 0.0
W;1;4 0.0
W;1;5 0.0
W;2;0 0.0
W;2;1 0.0
W;2;2 0.0
W;2;3 0.00012077770353558789
W;2;4 0.0002174248527619092
W;2;5 0.0
W;3;0 0.0
W;3;1 0.0
W;3;2 1.5015161255855107e-05
W;3;3 0.0
W;3;4 0.0
W;3;5 0.0
W;4;0 0.0
W;4;1 0.0002174248527619092
W;4;2 0.0
W;4;3 0.0
W;4;4 0.0
W;4;5 0.0
W;5;0 0.0
W;5;1 0.0
W;5;2 6.756822565134798e-05
W;5;3 0.0
W;5;4 0.0
W;5;5 0.0
W;6;0 0.0
W;6;1 0.0001493829025117677
W;6;2 0.00012012129004684086
W;6;3 1.5097212941948486e-05
W;6;4 0.0
W;6;5 0.0
W;7;0 0.0
W;7;1 0.0
W;7;2 0.0
W;7;3 0.0
W;7;4 0.0
W;7;5 0.0
W;8;0 0.0
W;8;1 0.0
W;8;2 0.00015799845188424716
W;8;3 0.0010490020490750227
W;8;4 0.0003496673496916743
W;8;5 0.0
W;9;0 0.0
W;9;1 0.00029286502012496155
W;9;2 0.0
W;9;3 0.0
W;9;4 0.0
W;9;5 0.0
W;10;0 0.013323527894080837
W;10;1 0.005927019946408496
W;10;2 4.554142058748746e-05
W;10;3 6.246405323815248e-05
W;10;4 0.0
W;10;5 0.0
W;11;0 0.0
W;11;1 0.0
W;11;2 0.0
W;11;3 0.00011261370941891329
W;11;4 0.0
W;11;5 0.0
W;12;0 0.0
W;12;1 0.0
W;12;2 0.0
W;12;3 1.5015161255855107e-05
W;12;4 0.0
W;12;5 0.0
W;13;0 0.0
W;13;1 0.0019052486173712802
W;13;2 0.0
W;13;3 0.0
W;13;4 0.0
W;13;5 0.0
W;14;0 0.0
W;14;1 0.0
W;14;2 0.0
W;14;3 5.2553064395492875e-05
W;14;4 0.0016227698615071805
W;14;5 0.0
W;15;0 0.0
W;15;1 0.00019729461882215065
W;15;2 3.0030322511710215e-05
W;15;3 0.0
W;15;4 0.0008447189752253425
W;15;5 0.0
W;16;0 0.0
W;16;1 0.0
W;16;2 2.252274188378266e-05
W;16;3 0.0
W;16;4 0.0
W;16;5 0.0
W;17;0 0.0
W;17;1 0.0
W;17;2 0.0
W;17;3 0.0
W;17;4 0.0
W;17;5 0.0
W;18;0 0.0
W;18;1 0.00021204727981237996
W;18;2 0.0
W;18;3 0.0
W;18;4 0.0
W;18;5 0.0
W;19;0 0.0015486211112216738
W;19;1 0.0
W;19;2 3.0030322511710215e-05
W;19;3 0.0
W;19;4 0.00016815281389226722
W;19;5 0.0
