X;0;0 0.0
X;0;1 0.00045702388238785834
X;0;2 0.0
X;0;3 0.0
X;0;4 0.0003047113000624767
X;0;5 0.0
X;1;0 0.0
X;1;1 0.0002536645099141937
X;1;2 2.8957810993434847e-05
X;1;3 0.0
X;1;4 0.00045702388238785834
X;1;5 0.001690662646016069
X;2;0 0.0
X;2;1 0.0
X;2;2 4.826301832239141e-05
X;2;3 3.861041465791313e-05
X;2;4 0.0008386387177959355
X;2;5 0.0031428763766312047
X;3;0 0.0
X;3;1 0.00013444005221372715
X;3;2 7.722082931582625e-05
X;3;3 3.861041465791313e-05
X;3;4 0.00018023763648832572
X;3;5 0.0
X;4;0 0.0
X;4;1 0.0006855358235817875
X;4;2 0.0
X;4;3 0.0
X;4;4 0.0
X;4;5 0.0
X;5;0 0.0
X;5;1 0.0011738971364227374
X;5;2 0.0
X;5;3 2.8957810993434847e-05
X;5;4 0.0007240448359074363
X;5;5 0.0
X;6;0 0.0
X;6;1 0.001004120677859168
X;6;2 0.0
X;6;3 0.0
X;6;4 0.00011239307668660958
X;6;5 0.0
X;7;0 0.0
X;7;1 0.0014180004589167993
X;7;2 0.00023421302016422122
X;7;3 0.0
X;7;4 0.0003047113000624767
X;7;5 0.0
X;8;0 0.0
X;8;1 0.0005407129094649771
X;8;2 0.0006288122965158331
X;8;3 0.00018175481126775426
X;8;4 0.0
X;8;5 0.0
X;9;0 0.0
X;9;1 0.0003477363988943958
X;9;2 3.861041465791313e-05
X;9;3 0.0
X;9;4 0.0003336753658871286
X;9;5 0.0
X;10;0 0.0
X;10;1 0.0002665115969249969
X;10;2 7.722082931582625e-05
X;10;3 0.0
X;10;4 0.00013444005221372715
X;10;5 0.0
X;11;0 0.0
X;11;1 0.0
X;11;2 0.0008428306754445185
X;11;3 2.8957810993434847e-05
X;11;4 0.00029605006433062244
X;11;5 0.0
X;12;0 0.0
X;12;1 0.00029277399443061595
X;12;2 4.826301832239141e-05
X;12;3 0.0
X;12;4 0.0006742645403556148
X;12;5 0.0
X;13;0 0.0
X;13;1 0.00036202241795371817
X;13;2 0.0
X;13;3 0.0
X;13;4 0.0004933940660029185
X;13;5 0.0021903195995298394
X;14;0 0.0
X;14;1 0.000878321983291848
X;14;2 2.8957810993434847e-05
X;14;3 0.0
X;14;4 0.0
X;14;5 0.0
X;15;0 0.0036565943631522418
X;15;1 0.0006722002610686358
X;15;2 9.705351176966883e-05
X;15;3 1.9305207328956563e-05
X;15;4 0.0
X;15;5 0.0
X;16;0 0.0
X;16;1 0.0002665115969249969
X;16;2 0.00011583124397373939
X;16;3 0.0
X;16;4 0.0
X;16;5 0.0
X;17;0 0.0030660600040045946
X;17;1 0.0006855358235817875
X;17;2 0.0
X;17;3 0.0
X;17;4 0.0
X;17;5 0.0
X;18;0 0.0
X;18;1 0.0003765407401606648
X;18;2 0.0
X;18;3 0.0
X;18;4 0.0008161942855324508
X;18;5 0.0
X;19;0 0.0
X;19;1 0.00021619647500434357
X;19;2 0.0
X;19;3 4.826301832239141e-05
X;19;4 0.0002536645099141937
X;19;5 0.0
Y;0;0 0.0
Y;0;1 0.0
Y;0;2 0.0
Y;0;3 0.0
Y;0;4 0.0003062006706489557
Y;0;5 0.0
Y;1;0 0.0
Y;1;1 0.00043239295000868714
Y;1;2 0.0
Y;1;3 0.0
Y;1;4 0.00013444005221372715
Y;1;5 0.0
Y;2;0 0.0
Y;2;1 0.0002688801044274543
Y;2;2 0.0
Y;2;3 4.826301832239141e-05
Y;2;4 0.0006954727977887916
Y;2;5 0.0
Y;3;0 0.0
Y;3;1 0.00018175481126775426
Y;3;2 0.0
Y;3;3 1.9305207328956563e-05
Y;3;4 0.00022851194119392917
Y;3;5 0.0
Y;4;0 0.0
Y;4;1 0.00043239295000868714
Y;4;2 3.861041465791313e-05
Y;4;3 0.0
Y;4;4 0.0003477363988943958
Y;4;5 0.0
Y;5;0 0.0
Y;5;1 0.0009379755498585446
Y;5;2 0.0
Y;5;3 1.9305207328956563e-05
Y;5;4 0.0002795462392653118
Y;5;5 0.0
Y;6;0 0.0
Y;6;1 0.0006673507317742572
Y;6;2 0.0
Y;6;3 0.00023551673261312252
Y;6;4 0.0
Y;6;5 0.0
Y;7;0 0.0
Y;7;1 0.0007312744879008464
Y;7;2 8.687343298030453e-05
Y;7;3 0.0
Y;7;4 0.0
Y;7;5 0.0
Y;8;0 0.0
Y;8;1 0.0006954727977887916
Y;8;2 0.0
Y;8;3 1.9305207328956563e-05
Y;8;4 0.0
Y;8;5 0.0
Y;9;0 0.0
Y;9;1 8.031092559191034e-05
Y;9;2 0.0
Y;9;3 3.861041465791313e-05
Y;9;4 0.0004853709344544479
Y;9;5 0.0
Y;10;0 0.0
Y;10;1 0.00024669703300145924
Y;10;2 0.0
Y;10;3 0.00011775836630656126
Y;10;4 0.0
Y;10;5 0.0
Y;11;0 0.0
Y;11;1 0.0010404496992560553
Y;11;2 0.0
Y;11;3 0.0
Y;11;4 0.0
Y;11;5 0.0
Y;12;0 0.0
Y;12;1 0.0
Y;12;2 6.756822565134798e-05
Y;12;3 0.0
Y;12;4 0.0
Y;12;5 0.0
Y;13;0 0.0
Y;13;1 0.00022478615337321917
Y;13;2 0.0
Y;13;3 0.0
Y;13;4 0.000878321983291848
Y;13;5 0.0
Y;14;0 0.0
Y;14;1 0.0009186020119468672
Y;14;2 2.8957810993434847e-05
Y;14;3 3.861041465791313e-05
Y;14;4 0.000582684431022266
Y;14;5 0.0
Y;15;0 0.0027444057492844016
Y;15;1 0.0008066403132823629
Y;15;2 4.826301832239141e-05
Y;15;3 2.9276627520527652e-05
Y;15;4 0.0
Y;15;5 0.0
Y;16;0 0.0
Y;16;1 0.0
Y;16;2 0.0
Y;16;3 4.826301832239141e-05
Y;16;4 0.0
Y;16;5 0.0
Y;17;0 0.0
Y;17;1 0.0
Y;17;2 0.0
Y;17;3 0.0
Y;17;4 0.00018023763648832572
Y;17;5 0.0
Y;18;0 0.0
Y;18;1 0.0004819993144856081
Y;18;2 0.0
Y;18;3 4.826301832239141e-05
Y;18;4 0.0003062006706489557
Y;18;5 0.0
Y;19;0 0.0
Y;19;1 0.0005407129094649771
Y;19;2 0.0
Y;19;3 4.826301832239141e-05
Y;19;4 0.00022851194119392917
Y;19;5 0.0
Z;0;0 0.0
Z;0;1 0.0002665115969249969
Z;0;2 0.0
Z;0;3 0.0
Z;0;4 0.0013110399698000985
Z;0;5 0.0
Z;1;0 0.0
Z;1;1 0.0009639986289712162
Z;1;2 6.756822565134798e-05
Z;1;3 0.0
Z;1;4 0.0002536645099141937
Z;1;5 0.0
Z;2;0 0.00417031234967328
Z;2;1 0.0018655811784749786
Z;2;2 3.861041465791313e-05
Z;2;3 0.0
Z;2;4 0.0
Z;2;5 0.0
Z;3;0 0.0
Z;3;1 0.0003371322701778074
Z;3;2 0.0
Z;3;3 0.0
Z;3;4 0.0002536645099141937
Z;3;5 0.0
Z;4;0 0.0
Z;4;1 0.00031983234219430255
Z;4;2 0.0
Z;4;3 0.0
Z;4;4 0.0005330231938499938
Z;4;5 0.0
Z;5;0 0.0
Z;5;1 0.0
Z;5;2 8.687343298030453e-05
Z;5;3 0.0
Z;5;4 0.0
Z;5;5 0.0
Z;6;0 0.0
Z;6;1 0.0
Z;6;2 8.782988256158295e-05
Z;6;3 0.0
Z;6;4 0.0008428306754445185
Z;6;5 0.0009809038291679552
Z;7;0 0.0
Z;7;1 0.0
Z;7;2 0.0
Z;7;3 0.0
Z;7;4 0.0
Z;7;5 0.0034280824219583127
Z;8;0 0.0
Z;8;1 0.0006124013412979114
Z;8;2 0.0
Z;8;3 1.9305207328956563e-05
Z;8;4 0.0
Z;8;5 0.0
Z;9;0 0.0
Z;9;1 0.0003912990454742458
Z;9;2 7.722082931582625e-05
Z;9;3 0.0
Z;9;4 0.0002665115969249969
Z;9;5 0.0
Z;10;0 0.0
Z;10;1 0.0
Z;10;2 0.0
Z;10;3 7.85055775377075e-05
Z;10;4 0.0032153437044054965
Z;10;5 0.01876640557352976
Z;11;0 0.0
Z;11;1 0.0
Z;11;2 0.0
Z;11;3 0.0001756597651231659
Z;11;4 0.0013722028746422008
Z;11;5 0.0
Z;12;0 0.0
Z;12;1 0.0
Z;12;2 0.0
Z;12;3 0.0
Z;12;4 0.0011729675609687992
Z;12;5 0.0
Z;13;0 0.0
Z;13;1 0.0006121457141493381
Z;13;2 0.0
Z;13;3 0.0
Z;13;4 0.00024669703300145924
Z;13;5 0.0
Z;14;0 0.0
Z;14;1 0.0009639986289712162
Z;14;2 0.0
Z;14;3 0.0
Z;14;4 0.0002536645099141937
Z;14;5 0.0
Z;15;0 0.0
Z;15;1 0.0
Z;15;2 0.0
Z;15;3 3.861041465791313e-05
Z;15;4 0.0006124013412979114
Z;15;5 0.0
Z;16;0 0.0
Z;16;1 0.0
Z;16;2 0.0
Z;16;3 0.0
Z;16;4 0.0
Z;16;5 0.0
Z;17;0 0.0
Z;17;1 0.0
Z;17;2 0.0
Z;17;3 0.0
Z;17;4 0.00019206373180084417
Z;17;5 0.0
Z;18;0 0.0
Z;18;1 0.0006281809516559435
Z;18;2 0.0
Z;18;3 0.0
Z;18;4 0.00029277399443061595
Z;18;5 0.0
Z;19;0 0.0
Z;19;1 0.0003062006706489557
Z;19;2 0.0
Z;19;3 4.826301832239141e-05
Z;19;4 0.00031983234219430255
Z;19;5 0.0
W;0;0 0.0
W;0;1 0.0005590924785306236
W;0;2 0.0
W;0;3 0.0
W;0;4 0.00031409047582797175
W;0;5 0.0
W;1;0 0.0
W;1;1 0.00037004554950218887
W;1;2 0.00013587491647753638
W;1;3 0.0
W;1;4 0.0007240448359074363
W;1;5 0.0
W;2;0 0.0
W;2;1 0.0
W;2;2 0.0
W;2;3 9.705351176966883e-05
W;2;4 0.0
W;2;5 0.0
W;3;0 0.0
W;3;1 0.0002665115969249969
W;3;2 2.8957810993434847e-05
W;3;3 0.0
W;3;4 0.00037004554950218887
W;3;5 0.0
W;4;0 0.0
W;4;1 0.0
W;4;2 0.0
W;4;3 0.0
W;4;4 0.0006855358235817875
W;4;5 0.0
W;5;0 0.0
W;5;1 0.0008431365760836367
W;5;2 1.9305207328956563e-05
W;5;3 0.0
W;5;4 0.0006855358235817875
W;5;5 0.0
W;6;0 0.0007759266491282228
W;6;1 0.0009603186590042209
W;6;2 4.826301832239141e-05
W;6;3 5.8232107061801306e-05
W;6;4 0.0
W;6;5 0.0
W;7;0 0.0
W;7;1 0.0
W;7;2 0.0
W;7;3 0.0
W;7;4 0.0005905343591476474
W;7;5 0.0
W;8;0 0.0
W;8;1 0.0
W;8;2 0.00020314086670831778
W;8;3 0.0
W;8;4 0.0008991446134928767
W;8;5 0.004287124939207329
W;9;0 0.0
W;9;1 0.0007530814803213296
W;9;2 0.0
W;9;3 0.0
W;9;4 0.0005590924785306236
W;9;5 0.0
W;10;0 0.02202460733511322
W;10;1 0.0028576703313040962
W;10;2 5.8553255041055305e-05
W;10;3 0.0
W;10;4 0.0
W;10;5 0.0
W;11;0 0.0
W;11;1 0.0
W;11;2 0.0
W;11;3 4.826301832239141e-05
W;11;4 0.0036282473110856527
W;11;5 0.0
W;12;0 0.0
W;12;1 0.000582684431022266
W;12;2 0.0
W;12;3 4.826301832239141e-05
W;12;4 0.00029277399443061595
W;12;5 0.0
W;13;0 0.0
W;13;1 0.0
W;13;2 0.0
W;13;3 0.0
W;13;4 0.0003477363988943958
W;13;5 0.0
W;14;0 0.0
W;14;1 0.0006742645403556148
W;14;2 0.0
W;14;3 3.861041465791313e-05
W;14;4 0.0003477363988943958
W;14;5 0.0
W;15;0 0.0
W;15;1 0.0
W;15;2 9.652603664478282e-06
W;15;3 0.0
W;15;4 0.0007240448359074363
W;15;5 0.0016290618679027195
W;16;0 0.0
W;16;1 0.0002665115969249969
W;16;2 0.00011583124397373939
W;16;3 0.0
W;16;4 0.0
W;16;5 0.0
W;17;0 0.0
W;17;1 0.000878321983291848
W;17;2 0.0
W;17;3 0.0
W;17;4 0.0
W;17;5 0.0
W;18;0 0.0
W;18;1 0.00036350962253550853
W;18;2 0.0
W;18;3 0.0
W;18;4 0.0002795462392653118
W;18;5 0.0
W;19;0 0.0
W;19;1 0.0003765407401606648
W;19;2 4.826301832239141e-05
W;19;3 0.0
W;19;4 0.00021619647500434357
W;19;5 0.0
