X;0;0 0.0
X;0;1 0.00031991671767150085
X;0;2 0.0
X;0;3 0.0
X;0;4 0.0002843972133916449
X;0;5 0.0
X;1;0 0.0
X;1;1 0.0007102606277597423
X;1;2 6.0811403086213175e-05
X;1;3 0.0
X;1;4 0.00031991671767150085
X;1;5 0.0
X;2;0 0.0
X;2;1 0.0005713359998727156
X;2;2 6.0811403086213175e-05
X;2;3 3.378411282567399e-05
X;2;4 0.0003913647349714366
X;2;5 0.0
X;3;0 0.0
X;3;1 0.0
X;3;2 2.702729026053919e-05
X;3;3 6.0811403086213175e-05
X;3;4 0.00037849903662548397
X;3;5 0.0042484653727426
X;4;0 0.0013341901377218034
X;4;1 0.0012796668706860034
X;4;2 0.0
X;4;3 0.0
X;4;4 0.00031991671767150085
X;4;5 0.0
X;5;0 0.0
X;5;1 0.0002739093318319721
X;5;2 0.0
X;5;3 0.00010135233847702197
X;5;4 0.0005068313851352055
X;5;5 0.0
X;6;0 0.0
X;6;1 0.0003514422372507088
X;6;2 0.0
X;6;3 0.0
X;6;4 0.0007867515368062671
X;6;5 0.0007071263196819379
X;7;0 0.0
X;7;1 0.0
X;7;2 2.0493639264369357e-05
X;7;3 0.0
X;7;4 0.0009242909435228459
X;7;5 0.0
X;8;0 0.0
X;8;1 0.000252332691083656
X;8;2 0.00019563049224937033
X;8;3 0.0007633702073245679
X;8;4 0.0002856679999363578
X;8;5 0.0
X;9;0 0.0
X;9;1 0.0004868309584521542
X;9;2 2.702729026053919e-05
X;9;3 0.0
X;9;4 0.0007007182683629701
X;9;5 0.0
X;10;0 0.0
X;10;1 0.0003731162356949957
X;10;2 5.405458052107838e-05
X;10;3 0.0
X;10;4 0.000282324109648827
X;10;5 0.0
X;11;0 0.002832874683220785
X;11;1 0.0
X;11;2 0.0007079777673733956
X;11;3 5.405458052107838e-05
X;11;4 0.00017269587085952975
X;11;5 0.0
X;12;0 0.0
X;12;1 0.00020494179610143118
X;12;2 6.756822565134798e-05
X;12;3 0.0
X;12;4 0.0001179962945622326
X;12;5 0.0
X;13;0 0.0
X;13;1 0.0005068313851352055
X;13;2 0.0
X;13;3 0.0
X;13;4 0.0004317198077525537
X;13;5 0.003066447439341775
X;14;0 0.0
X;14;1 0.0008197671844057247
X;14;2 5.405458052107838e-05
X;14;3 0.0
X;14;4 0.00040988359220286237
X;14;5 0.0
X;15;0 0.0
X;15;1 0.000188216073099218
X;15;2 6.793745823876819e-05
X;15;3 6.0811403086213175e-05
X;15;4 0.000643021408362807
X;15;5 0.0021462420028032165
X;16;0 0.0
X;16;1 0.00018655811784749784
X;16;2 4.7297757955943585e-05
X;16;3 0.0
X;16;4 0.0007007182683629701
X;16;5 0.0019664407075208534
X;17;0 0.0
X;17;1 0.0
X;17;2 0.0
X;17;3 0.0
X;17;4 0.0012670784628380138
X;17;5 0.0
X;18;0 0.0
X;18;1 0.0010543140724498616
X;18;2 0.0
X;18;3 0.0
X;18;4 0.0007141699998408945
X;18;5 0.0
X;19;0 0.0
X;19;1 0.000302675065006081
X;19;2 0.0
X;19;3 4.0540935390808783e-05
X;19;4 0.0008878257846996779
X;19;5 0.0
Y;0;0 0.0021462420028032165
Y;0;1 0.0015182978406296655
Y;0;2 0.0
Y;0;3 0.0
Y;0;4 0.000428680938908538
Y;0;5 0.0
Y;1;0 0.0
Y;1;1 0.000302675065006081
Y;1;2 0.0
Y;1;3 0.0
Y;1;4 0.000376432146198436
Y;1;5 0.0
Y;2;0 0.0
Y;2;1 0.000376432146198436
Y;2;2 0.0
Y;2;3 3.378411282567399e-05
Y;2;4 0.0004868309584521542
Y;2;5 0.0
Y;3;0 0.0
Y;3;1 6.3614183943714e-05
Y;3;2 0.0
Y;3;3 6.0811403086213175e-05
Y;3;4 0.00047987507650725127
Y;3;5 0.0032333616801224286
Y;4;0 0.0
Y;4;1 0.0
Y;4;2 4.0540935390808783e-05
Y;4;3 0.0
Y;4;4 0.0004868309584521542
Y;4;5 0.0
Y;5;0 0.0
Y;5;1 0.0006565828849009812
Y;5;2 0.0
Y;5;3 2.702729026053919e-05
Y;5;4 0.0017611413073714646
Y;5;5 0.0012798080271032848
Y;6;0 0.0
Y;6;1 0.00023357275612099004
Y;6;2 0.0
Y;6;3 0.000219815617105581
Y;6;4 0.0008434988003498142
Y;6;5 0.0
Y;7;0 0.0
Y;7;1 0.0
Y;7;2 4.0540935390808783e-05
Y;7;3 0.0
Y;7;4 0.00040048699690164335
Y;7;5 0.002919218644771296
Y;8;0 0.0
Y;8;1 0.0012170773961303854
Y;8;2 0.0
Y;8;3 4.0540935390808783e-05
Y;8;4 0.0
Y;8;5 0.0
Y;9;0 0.0
Y;9;1 0.00011243529582867448
Y;9;2 0.0
Y;9;3 2.702729026053919e-05
Y;9;4 0.003737356195299249
Y;9;5 0.0
Y;10;0 0.0
Y;10;1 0.00017268792310102147
Y;10;2 0.0
Y;10;3 0.00016486171282918577
Y;10;4 0.002141773485769338
Y;10;5 0.0
Y;11;0 0.0
Y;11;1 0.0014566295789584774
Y;11;2 0.0
Y;11;3 0.0
Y;11;4 0.0
Y;11;5 0.0
Y;12;0 0.0
Y;12;1 0.0
Y;12;2 2.702729026053919e-05
Y;12;3 0.0
Y;12;4 0.0
Y;12;5 0.0
Y;13;0 0.0
Y;13;1 0.00015735030736125342
Y;13;2 0.0
Y;13;3 0.0
Y;13;4 0.0
Y;13;5 0.0
Y;14;0 0.0
Y;14;1 0.000428680938908538
Y;14;2 2.702729026053919e-05
Y;14;3 6.756822565134798e-05
Y;14;4 0.00030590932628668966
Y;14;5 0.0015332237196708876
Y;15;0 0.0
Y;15;1 0.000188216073099218
Y;15;2 3.378411282567399e-05
Y;15;3 0.0001844427533793242
Y;15;4 0.0006716479186080354
Y;15;5 0.0013937590000995066
Y;16;0 0.0
Y;16;1 0.0
Y;16;2 0.0
Y;16;3 2.702729026053919e-05
Y;16;4 0.0
Y;16;5 0.0
Y;17;0 0.0013937590000995066
Y;17;1 0.0005596743535424935
Y;17;2 0.0
Y;17;3 0.0
Y;17;4 0.000504665382167312
Y;17;5 0.003066447439341775
Y;18;0 0.0
Y;18;1 0.0006747990402798514
Y;18;2 0.0
Y;18;3 3.378411282567399e-05
Y;18;4 0.001071702347271345
Y;18;5 0.0
Y;19;0 0.0
Y;19;1 0.00037849903662548397
Y;19;2 0.0
Y;19;3 4.0540935390808783e-05
Y;19;4 0.0007997917941787522
Y;19;5 0.0
Z;0;0 0.001459609322385648
Z;0;1 0.00018655811784749784
Z;0;2 0.0
Z;0;3 0.0
Z;0;4 0.00040787910171558625
Z;0;5 0.0
Z;1;0 0.0
Z;1;1 0.0005060992802098885
Z;1;2 5.405458052107838e-05
Z;1;3 0.0
Z;1;4 0.0
Z;1;5 0.0
Z;2;0 0.0
Z;2;1 0.00018655811784749784
Z;2;2 2.702729026053919e-05
Z;2;3 0.0
Z;2;4 0.0007007182683629701
Z;2;5 0.0
Z;3;0 0.0
Z;3;1 0.0
Z;3;2 0.0
Z;3;3 0.0
Z;3;4 0.0007102606277597423
Z;3;5 0.0013341901377218034
Z;4;0 0.0
Z;4;1 0.0004477652790720236
Z;4;2 0.0
Z;4;3 0.0
Z;4;4 0.0
Z;4;5 0.0
Z;5;0 0.0
Z;5;1 0.00041337405140335313
Z;5;2 0.00010810916104215676
Z;5;3 0.0
Z;5;4 0.0001428339999681789
Z;5;5 0.0
Z;6;0 0.0
Z;6;1 0.0025594607076529627
Z;6;2 8.197455705747743e-05
Z;6;3 0.0
Z;6;4 0.0004719851782489304
Z;6;5 0.0006866326804175686
Z;7;0 0.0
Z;7;1 0.0
Z;7;2 0.0
Z;7;3 0.0
Z;7;4 0.0
Z;7;5 0.0
Z;8;0 0.0
Z;8;1 0.001071702347271345
Z;8;2 0.0
Z;8;3 4.0540935390808783e-05
Z;8;4 0.0
Z;8;5 0.0
Z;9;0 0.0
Z;9;1 0.002739093318319721
Z;9;2 2.702729026053919e-05
Z;9;3 0.0
Z;9;4 0.0005596743535424935
Z;9;5 0.0
Z;10;0 0.0
Z;10;1 0.000428680938908538
Z;10;2 0.00022487059165734896
Z;10;3 0.0002747695213819763
Z;10;4 0.00300098745744513
Z;10;5 0.0
Z;11;0 0.0
Z;11;1 0.0
Z;11;2 0.0
Z;11;3 0.0003483918674942791
Z;11;4 0.0019210840244990814
Z;11;5 0.0
Z;12;0 0.0
Z;12;1 0.0
Z;12;2 0.0
Z;12;3 0.0
Z;12;4 0.0
Z;12;5 0.0
Z;13;0 0.0
Z;13;1 0.0001428339999681789
Z;13;2 0.0
Z;13;3 0.0
Z;13;4 8.634396155051073e-05
Z;13;5 0.0
Z;14;0 0.0
Z;14;1 0.0
Z;14;2 0.0
Z;14;3 0.0
Z;14;4 0.0008878257846996779
Z;14;5 0.0
Z;15;0 0.0
Z;15;1 0.0
Z;15;2 0.0
Z;15;3 8.108187078161757e-05
Z;15;4 0.000428680938908538
Z;15;5 0.0
Z;16;0 0.0
Z;16;1 0.0009926003212417597
Z;16;2 0.0
Z;16;3 0.0
Z;16;4 0.0
Z;16;5 0.0
Z;17;0 0.0
Z;17;1 0.0007827294699428732
Z;17;2 0.0
Z;17;3 0.0
Z;17;4 0.0005377784490423638
Z;17;5 0.003066447439341775
Z;18;0 0.0
Z;18;1 0.00021986333307958024
Z;18;2 0.0
Z;18;3 0.0
Z;18;4 0.0008197671844057247
Z;18;5 0.0
Z;19;0 0.0
Z;19;1 0.000214340469454269
Z;19;2 0.0
Z;19;3 9.459551591188717e-05
Z;19;4 0.0006716479186080354
Z;19;5 0.0
W;0;0 0.0
W;0;1 0.0001956823674857183
W;0;2 0.0
W;0;3 0.0
W;0;4 0.0
W;0;5 0.0
W;1;0 0.0
W;1;1 8.634396155051073e-05
W;1;2 0.00014946240812529002
W;1;3 0.0
W;1;4 0.0007602470777028082
W;1;5 0.0
W;2;0 0.0
W;2;1 0.00040048699690164335
W;2;2 0.0
W;2;3 0.0001086999331820291
W;2;4 0.0001956823674857183
W;2;5 0.0
W;3;0 0.0
W;3;1 0.002238697414169974
W;3;2 2.0270467695404392e-05
W;3;3 0.0
W;3;4 8.634396155051073e-05
W;3;5 0.0
W;4;0 0.0
W;4;1 0.0003913647349714366
W;4;2 0.0
W;4;3 0.0
W;4;4 0.0014396252295217537
W;4;5 0.0013341901377218034
W;5;0 0.0
W;5;1 0.0008852934048878186
W;5;2 2.0270467695404392e-05
W;5;3 0.0
W;5;4 0.001119708511850253
W;5;5 0.003839424081309854
W;6;0 0.000543148654389756
W;6;1 0.0005377784490423638
W;6;2 3.378411282567399e-05
W;6;3 9.511244153427547e-05
W;6;4 0.0010192789623543405
W;6;5 0.0
W;7;0 0.0
W;7;1 0.0
W;7;2 0.0
W;7;3 0.0
W;7;4 0.0
W;7;5 0.0
W;8;0 0.0
W;8;1 0.0002238826395360118
W;8;2 0.00035549651673955616
W;8;3 0.0006294012294450137
W;8;4 0.0004720509220837602
W;8;5 0.0
W;9;0 0.0
W;9;1 0.0
W;9;2 0.0
W;9;3 0.0
W;9;4 0.0
W;9;5 0.0
W;10;0 0.0
W;10;1 0.005334317951767646
W;10;2 0.00012296183558621612
W;10;3 0.00022487059165734896
W;10;4 0.0004868309584521542
W;10;5 0.0
W;11;0 0.0
W;11;1 0.0005118921415305925
W;11;2 0.0
W;11;3 6.0811403086213175e-05
W;11;4 0.0
W;11;5 0.0
W;12;0 0.0
W;12;1 0.00010196977542889656
W;12;2 0.0
W;12;3 6.756822565134798e-05
W;12;4 0.00020494179610143118
W;12;5 0.0
W;13;0 0.0019664407075208534
W;13;1 0.001286042816725614
W;13;2 0.0
W;13;3 0.0
W;13;4 0.0004868309584521542
W;13;5 0.0
W;14;0 0.0
W;14;1 0.0
W;14;2 0.0
W;14;3 8.783869334675238e-05
W;14;4 0.0004868309584521542
W;14;5 0.0
W;15;0 0.0
W;15;1 0.00017756515693993557
W;15;2 8.783869334675238e-05
W;15;3 0.0
W;15;4 0.0
W;15;5 0.0
W;16;0 0.0
W;16;1 0.00018655811784749784
W;16;2 4.7297757955943585e-05
W;16;3 0.0
W;16;4 0.0007007182683629701
W;16;5 0.0019664407075208534
W;17;0 0.0
W;17;1 0.0
W;17;2 0.0
W;17;3 0.0
W;17;4 0.0002434154792260771
W;17;5 0.0
W;18;0 0.0
W;18;1 0.00019084255183114197
W;18;2 0.0
W;18;3 0.0
W;18;4 0.0009784118374285915
W;18;5 0.0015332237196708876
W;19;0 0.0
W;19;1 0.0007907355543373962
W;19;2 9.459551591188717e-05
W;19;3 0.0
W;19;4 0.0001513375325030405
W;19;5 0.0
