X;0;0 0.0
X;0;1 0.00037637260902529513
X;0;2 0.0
X;0;3 0.0
X;0;4 8.364623923283674e-05
X;0;5 0.0
X;1;0 0.0
X;1;1 0.0
X;1;2 2.3847609053416933e-05
X;1;3 0.0
X;1;4 0.0
X;1;5 0.0
X;2;0 0.0
X;2;1 0.0
X;2;2 8.74412331958621e-05
X;2;3 4.7695218106833866e-05
X;2;4 0.0
X;2;5 0.0
X;3;0 0.0
X;3;1 0.0003321460113515612
X;3;2 7.15428271602508e-05
X;3;3 3.974601508902822e-05
X;3;4 0.0
X;3;5 0.0
X;4;0 0.0
X;4;1 0.00018818630451264756
X;4;2 0.0
X;4;3 0.0
X;4;4 0.0
X;4;5 0.0
X;5;0 0.0
X;5;1 0.0009667388182304896
X;5;2 0.0
X;5;3 3.1796812071222575e-05
X;5;4 0.0
X;5;5 0.0
X;6;0 0.0
X;6;1 0.002894230189123484
X;6;2 0.0
X;6;3 0.0
X;6;4 9.255900433014907e-05
X;6;5 0.0
X;7;0 0.0
X;7;1 0.0
X;7;2 0.0001928813107234763
X;7;3 0.0
X;7;4 8.364623923283674e-05
X;7;5 0.000995989457945081
X;8;0 0.0
X;8;1 0.0008905859685305506
X;8;2 0.0003452302804400653
X;8;3 0.00022452064921310818
X;8;4 0.0003360799999251268
X;8;5 0.0
X;9;0 0.0
X;9;1 0.0
X;9;2 0.00011128884224927902
X;9;3 0.0
X;9;4 0.00027479147778940004
X;9;5 0.0
X;10;0 0.0
X;10;1 0.002194801386441151
X;10;2 3.1796812071222575e-05
X;10;3 0.0
X;10;4 0.00011071533711718706
X;10;5 0.0
X;11;0 0.0
X;11;1 0.0
X;11;2 0.0015270108708053632
X;11;3 3.1796812071222575e-05
X;11;4 8.126864511036694e-05
X;11;5 0.0
X;12;0 0.0
X;12;1 0.0
X;12;2 4.7695218106833866e-05
X;12;3 0.0
X;12;4 0.0
X;12;5 0.0034343748762015246
X;13;0 0.0021493835152346734
X;13;1 0.0008944083267091861
X;13;2 0.0
X;13;3 0.0
X;13;4 0.00010158113123589498
X;13;5 0.0
X;14;0 0.0
X;14;1 0.0004822159908268969
X;14;2 6.359362414244515e-05
X;14;3 0.0
X;14;4 0.00024110799541344845
X;14;5 0.0
X;15;0 0.0
X;15;1 0.00044286134846874823
X;15;2 6.394113716589946e-05
X;15;3 3.1796812071222575e-05
X;15;4 0.0012608262909074648
X;15;5 0.0
X;16;0 0.0
X;16;1 0.0006584404159323453
X;16;2 2.3847609053416933e-05
X;16;3 0.0
X;16;4 0.0019235403445258003
X;16;5 0.0
X;17;0 0.0
X;17;1 0.00037637260902529513
X;17;2 0.0
X;17;3 0.0
X;17;4 0.0005962722178061241
X;17;5 0.0
X;18;0 0.002015323547003824
X;18;1 0.0009302771227498778
X;18;2 0.0
X;18;3 0.0
X;18;4 0.0
X;18;5 0.0
X;19;0 0.0
X;19;1 0.00035608831177185997
X;19;2 0.0
X;19;3 3.1796812071222575e-05
X;19;4 0.0014623012924465282
X;19;5 0.0
Y;0;0 0.0
Y;0;1 0.001190821835787973
Y;0;2 0.0
Y;0;3 0.0
Y;0;4 0.0007564957745444788
Y;0;5 0.0
Y;1;0 0.0
Y;1;1 0.0
Y;1;2 0.0
Y;1;3 0.0
Y;1;4 0.0
Y;1;5 0.0
Y;2;0 0.0
Y;2;1 0.0
Y;2;2 0.0
Y;2;3 4.7695218106833866e-05
Y;2;4 0.0
Y;2;5 0.0
Y;3;0 0.0
Y;3;1 0.0002993608656174776
Y;3;2 0.0
Y;3;3 3.1796812071222575e-05
Y;3;4 0.00037637260902529513
Y;3;5 0.0
Y;4;0 0.0
Y;4;1 0.00017804415588592998
Y;4;2 6.359362414244515e-05
Y;4;3 0.0
Y;4;4 0.0002863711520306789
Y;4;5 0.0
Y;5;0 0.0
Y;5;1 0.0023173513584740513
Y;5;2 0.0
Y;5;3 7.949203017805644e-06
Y;5;4 0.00046042909996639594
Y;5;5 0.0
Y;6;0 0.0
Y;6;1 0.0035722892112622006
Y;6;2 0.0
Y;6;3 6.465165208987677e-05
Y;6;4 0.00019847030596466215
Y;6;5 0.0
Y;7;0 0.0
Y;7;1 0.0
Y;7;2 0.00011923804526708468
Y;7;3 0.0
Y;7;4 0.00047116117282546276
Y;7;5 0.0
Y;8;0 0.0
Y;8;1 0.0
Y;8;2 0.0
Y;8;3 9.539043621366773e-05
Y;8;4 0.0002633913406306021
Y;8;5 0.0
Y;9;0 0.0
Y;9;1 0.0007936609117318198
Y;9;2 0.0
Y;9;3 2.3847609053416933e-05
Y;9;4 0.0
Y;9;5 0.0
Y;10;0 0.0
Y;10;1 0.001117392443594845
Y;10;2 0.0
Y;10;3 3.2325826044938384e-05
Y;10;4 0.0003599619303814013
Y;10;5 0.0
Y;11;0 0.0
Y;11;1 0.0
Y;11;2 0.0
Y;11;3 0.0
Y;11;4 0.0
Y;11;5 0.0
Y;12;0 0.0
Y;12;1 0.0008568409287991043
Y;12;2 7.949203017805644e-05
Y;12;3 0.0
Y;12;4 0.0
Y;12;5 0.0
Y;13;0 0.0
Y;13;1 0.00037023601732059626
Y;13;2 0.0
Y;13;3 0.0
Y;13;4 0.0007233239862403454
Y;13;5 0.0018037926113775148
Y;14;0 0.0
Y;14;1 0.0
Y;14;2 1.5898406035611288e-05
Y;14;3 8.74412331958621e-05
Y;14;4 0.0004798577667242191
Y;14;5 0.0
Y;15;0 0.0
Y;15;1 0.00044286134846874823
Y;15;2 3.1796812071222575e-05
Y;15;3 9.644065536173815e-05
Y;15;4 0.0013169567031530106
Y;15;5 0.0
Y;16;0 0.0
Y;16;1 0.0
Y;16;2 0.0
Y;16;3 7.949203017805644e-05
Y;16;4 0.0008319133172728681
Y;16;5 0.0
Y;17;0 0.0
Y;17;1 0.0008779205545764604
Y;17;2 0.0
Y;17;3 0.0
Y;17;4 0.0004452929842652753
Y;17;5 0.0
Y;18;0 0.0
Y;18;1 0.00019847030596466215
Y;18;2 0.0
Y;18;3 3.974601508902822e-05
Y;18;4 0.0007564957745444788
Y;18;5 0.0
Y;19;0 0.0
Y;19;1 0.0004452929842652753
Y;19;2 0.0
Y;19;3 3.1796812071222575e-05
Y;19;4 0.0009409315225632378
Y;19;5 0.0
Z;0;0 0.0
Z;0;1 0.0004389602772882302
Z;0;2 0.0
Z;0;3 0.0
Z;0;4 0.00011996444168105477
Z;0;5 0.0
Z;1;0 0.0
Z;1;1 0.0005954109178939865
Z;1;2 0.00010333963923147339
Z;1;3 0.0
Z;1;4 0.0
Z;1;5 0.0
Z;2;0 0.0
Z;2;1 0.0004389602772882302
Z;2;2 3.1796812071222575e-05
Z;2;3 0.0
Z;2;4 0.0024731233001046003
Z;2;5 0.0
Z;3;0 0.0
Z;3;1 0.0009717341905125037
Z;3;2 0.0
Z;3;3 0.0
Z;3;4 0.0004178003692704366
Z;3;5 0.0015696354561432983
Z;4;0 0.0
Z;4;1 0.0002633913406306021
Z;4;2 0.0
Z;4;3 0.0
Z;4;4 0.0002194801386441151
Z;4;5 0.0
Z;5;0 0.0
Z;5;1 0.0014589672402471286
Z;5;2 7.949203017805644e-05
Z;5;3 0.0
Z;5;4 0.0
Z;5;5 0.0
Z;6;0 0.0
Z;6;1 0.0
Z;6;2 2.4110163840434537e-05
Z;6;3 0.0
Z;6;4 0.0005552766802928593
Z;6;5 0.008078031534324336
Z;7;0 0.0
Z;7;1 0.0005845072609337409
Z;7;2 0.0
Z;7;3 0.0
Z;7;4 0.0
Z;7;5 0.0
Z;8;0 0.0
Z;8;1 0.0
Z;8;2 0.0
Z;8;3 9.539043621366773e-05
Z;8;4 0.00027479147778940004
Z;8;5 0.0
Z;9;0 0.0
Z;9;1 0.0
Z;9;2 1.5898406035611288e-05
Z;9;3 0.0
Z;9;4 0.0002194801386441151
Z;9;5 0.0
Z;10;0 0.003729763253074314
Z;10;1 0.0010086610327259718
Z;10;2 0.00013227681862196998
Z;10;3 3.2325826044938384e-05
Z;10;4 0.0
Z;10;5 0.0
Z;11;0 0.0033327937449656297
Z;11;1 0.0006777070444919349
Z;11;2 0.0
Z;11;3 0.000313432129925649
Z;11;4 0.0
Z;11;5 0.0
Z;12;0 0.0
Z;12;1 0.0
Z;12;2 0.0
Z;12;3 0.0
Z;12;4 0.0009659732855037171
Z;12;5 0.0
Z;13;0 0.0017171874381007623
Z;13;1 0.0005041199998876901
Z;13;2 0.0
Z;13;3 0.0
Z;13;4 0.00040632452494357993
Z;13;5 0.0
Z;14;0 0.0
Z;14;1 0.0007938812238586486
Z;14;2 0.0
Z;14;3 0.0
Z;14;4 0.0004178003692704366
Z;14;5 0.0
Z;15;0 0.0
Z;15;1 0.0010535653625224084
Z;15;2 0.0
Z;15;3 3.1796812071222575e-05
Z;15;4 0.0012608262909074648
Z;15;5 0.0
Z;16;0 0.0
Z;16;1 0.0
Z;16;2 0.0
Z;16;3 0.0
Z;16;4 0.0008568409287991043
Z;16;5 0.0
Z;17;0 0.0
Z;17;1 0.0009208581999327919
Z;17;2 0.0
Z;17;3 0.0
Z;17;4 0.0003163402641425669
Z;17;5 0.0
Z;18;0 0.0
Z;18;1 0.00038799411719925926
Z;18;2 0.0
Z;18;3 0.0
Z;18;4 0.0007233239862403454
Z;18;5 0.0
Z;19;0 0.0
Z;19;1 0.0005043305163629859
Z;19;2 0.0
Z;19;3 4.7695218106833866e-05
Z;19;4 0.0010535653625224084
Z;19;5 0.0
W;0;0 0.0
W;0;1 0.0006906436499495939
W;0;2 0.0
W;0;3 0.0
W;0;4 0.00038799411719925926
W;0;5 0.0
W;1;0 0.0
W;1;1 0.0006094867874153699
W;1;2 7.992642145737434e-05
W;1;3 0.0
W;1;4 0.0011925444356122481
W;1;5 0.0
W;2;0 0.0
W;2;1 0.0
W;2;2 0.0
W;2;3 0.00019182341149769842
W;2;4 0.00046042909996639594
W;2;5 0.0
W;3;0 0.0
W;3;1 0.0004389602772882302
W;3;2 1.5898406035611288e-05
W;3;3 0.0
W;3;4 0.0009142301811230548
W;3;5 0.0
W;4;0 0.0
W;4;1 0.0
W;4;2 0.0
W;4;3 0.0
W;4;4 0.00018818630451264756
W;4;5 0.0
W;5;0 0.0
W;5;1 0.0
W;5;2 0.00010333963923147339
W;5;3 0.0
W;5;4 0.00018818630451264756
W;5;5 0.0
W;6;0 0.006389984169291246
W;6;1 0.0006326805282851338
W;6;2 1.5898406035611288e-05
W;6;3 1.5985284291474866e-05
W;6;4 0.0
W;6;5 0.0
W;7;0 0.0
W;7;1 0.0
W;7;2 0.0
W;7;3 0.0
W;7;4 0.0
W;7;5 0.0
W;8;0 0.0
W;8;1 0.0013169567031530106
W;8;2 0.0005855236746298571
W;8;3 0.0002776770129904472
W;8;4 0.00018511800866029813
W;8;5 0.0
W;9;0 0.0
W;9;1 0.0003100923742499593
W;9;2 0.0
W;9;3 0.0
W;9;4 0.0006906436499495939
W;9;5 0.0
W;10;0 0.0
W;10;1 0.0
W;10;2 2.4110163840434537e-05
W;10;3 0.00013227681862196998
W;10;4 0.0011454846081227156
W;10;5 0.0034717388426973275
W;11;0 0.0
W;11;1 0.0012044520977190411
W;11;2 0.0
W;11;3 8.74412331958621e-05
W;11;4 0.0
W;11;5 0.0
W;12;0 0.0038039549177910923
W;12;1 0.00011996444168105477
W;12;2 0.0
W;12;3 4.7695218106833866e-05
W;12;4 0.0
W;12;5 0.0
W;13;0 0.0
W;13;1 0.0
W;13;2 0.0
W;13;3 0.0
W;13;4 0.0002863711520306789
W;13;5 0.0
W;14;0 0.0019019774588955461
W;14;1 0.00041645751021964443
W;14;2 0.0
W;14;3 3.974601508902822e-05
W;14;4 0.0002863711520306789
W;14;5 0.0
W;15;0 0.0
W;15;1 0.0010445009231760916
W;15;2 3.1796812071222575e-05
W;15;3 0.0
W;15;4 0.0011925444356122481
W;15;5 0.0
W;16;0 0.0
W;16;1 0.0006584404159323453
W;16;2 2.3847609053416933e-05
W;16;3 0.0
W;16;4 0.0019235403445258003
W;16;5 0.0
W;17;0 0.0
W;17;1 0.0004822159908268969
W;17;2 0.0
W;17;3 0.0
W;17;4 0.0005727423040613578
W;17;5 0.0
W;18;0 0.0
W;18;1 0.00022452064921310818
W;18;2 0.0
W;18;3 0.0
W;18;4 0.0006906436499495939
W;18;5 0.0
W;19;0 0.0
W;19;1 0.0015504618712497964
W;19;2 2.3847609053416933e-05
W;19;3 0.0
W;19;4 0.0007121766235437199
W;19;5 0.0
