X;0;0 0.0
X;0;1 0.0004921795656484629
X;0;2 0.0
X;0;3 0.0
X;0;4 0.00043753417444868445
X;0;5 0.0
X;1;0 0.0
X;1;1 0.001365885822614889
X;1;2 4.158044655467568e-05
X;1;3 0.0
X;1;4 0.00024608978282423144
X;1;5 0.0
X;2;0 0.0
X;2;1 0.0004394892306713197
X;2;2 6.237066983201352e-05
X;2;3 3.118533491600676e-05
X;2;4 0.0006020995922637486
X;2;5 0.0
X;3;0 0.0
X;3;1 0.00028956318938341233
X;3;2 4.158044655467568e-05
X;3;3 3.118533491600676e-05
X;3;4 0.0005823062101930523
X;3;5 0.0016340251433625385
X;4;0 0.0020526002118796977
X;4;1 0.0004921795656484629
X;4;2 0.0
X;4;3 0.0
X;4;4 0.0007382693484726943
X;4;5 0.0
X;5;0 0.0
X;5;1 0.0012641969161475634
X;5;2 0.0
X;5;3 3.118533491600676e-05
X;5;4 0.0
X;5;5 0.0024872012924018684
X;6;0 0.0
X;6;1 0.002162721460004362
X;6;2 0.0
X;6;3 0.0
X;6;4 0.00012103869797019495
X;6;5 0.0010878866456645198
X;7;0 0.0
X;7;1 0.0
X;7;2 9.458602737401242e-05
X;7;3 0.0
X;7;4 0.00010938354361217111
X;7;5 0.0
X;8;0 0.0
X;8;1 0.00038820414012870157
X;8;2 0.0004514549821139316
X;8;3 9.786797529802153e-05
X;8;4 0.0008789784613426394
X;8;5 0.0
X;9;0 0.0
X;9;1 0.0
X;9;2 7.276578147068243e-05
X;9;3 0.0
X;9;4 0.0
X;9;5 0.0
X;10;0 0.0
X;10;1 0.00028701248899615055
X;10;2 5.1975558193344604e-05
X;10;3 0.0
X;10;4 0.0
X;10;5 0.0
X;11;0 0.0
X;11;1 0.0
X;11;2 0.0007261310434598929
X;11;3 7.276578147068243e-05
X;11;4 0.00010627438206740292
X;11;5 0.0
X;12;0 0.0
X;12;1 0.0009458852127758363
X;12;2 4.158044655467568e-05
X;12;3 0.0
X;12;4 0.00036306552172994644
X;12;5 0.0
X;13;0 0.0
X;13;1 0.0011696108887735512
X;13;2 0.0
X;13;3 0.0
X;13;4 0.0006641843196193134
X;13;5 0.0
X;14;0 0.0
X;14;1 0.001261180283701115
X;14;2 4.158044655467568e-05
X;14;3 0.0
X;14;4 0.0
X;14;5 0.0018207136187865362
X;15;0 0.0
X;15;1 0.0
X;15;2 0.0001254229998254182
X;15;3 4.158044655467568e-05
X;15;4 0.0009892637051735493
X;15;5 0.0
X;16;0 0.0
X;16;1 0.0
X;16;2 7.276578147068243e-05
X;16;3 0.0
X;16;4 0.0003593427017246001
X;16;5 0.0
X;17;0 0.0
X;17;1 0.00024608978282423144
X;17;2 0.0
X;17;3 0.0
X;17;4 0.0011696108887735512
X;17;5 0.0
X;18;0 0.0
X;18;1 0.0
X;18;2 0.0
X;18;3 0.0
X;18;4 0.0004394892306713197
X;18;5 0.0
X;19;0 0.0
X;19;1 0.0
X;19;2 0.0
X;19;3 4.158044655467568e-05
X;19;4 0.0008195314935689335
X;19;5 0.0
Y;0;0 0.0
Y;0;1 0.0
Y;0;2 0.0
Y;0;3 0.0
Y;0;4 0.0009892637051735493
Y;0;5 0.0
Y;1;0 0.0
Y;1;1 0.00023282697308160078
Y;1;2 0.0
Y;1;3 0.0
Y;1;4 0.000868689568150237
Y;1;5 0.0
Y;2;0 0.0
Y;2;1 0.00028956318938341233
Y;2;2 0.0
Y;2;3 3.118533491600676e-05
Y;2;4 0.0007489707053110064
Y;2;5 0.0
Y;3;0 0.0
Y;3;1 0.00029360392589406457
Y;3;2 0.0
Y;3;3 3.118533491600676e-05
Y;3;4 0.0004921795656484629
Y;3;5 0.0024872012924018684
Y;4;0 0.0
Y;4;1 0.00046565394616320156
Y;4;2 4.158044655467568e-05
Y;4;3 0.0
Y;4;4 0.0014979414106220128
Y;4;5 0.0
Y;5;0 0.0028107322891530347
Y;5;1 0.0025253187880806974
Y;5;2 0.0
Y;5;3 2.079022327733784e-05
Y;5;4 0.0006020995922637486
Y;5;5 0.0
Y;6;0 0.0
Y;6;1 0.0017967135086230004
Y;6;2 0.0
Y;6;3 8.454446811753117e-05
Y;6;4 0.0002595380924153275
Y;6;5 0.001754374319279852
Y;7;0 0.0
Y;7;1 0.0
Y;7;2 3.118533491600676e-05
Y;7;3 0.0
Y;7;4 0.0006161338413871437
Y;7;5 0.0
Y;8;0 0.0
Y;8;1 0.001872426763277516
Y;8;2 0.0
Y;8;3 5.1975558193344604e-05
Y;8;4 0.0003444348300554028
Y;8;5 0.0022455528036702276
Y;9;0 0.0
Y;9;1 0.0
Y;9;2 0.0
Y;9;3 4.158044655467568e-05
Y;9;4 0.0
Y;9;5 0.0
Y;10;0 0.0
Y;10;1 0.00013283686392386268
Y;10;2 0.0
Y;10;3 0.0002959056384113591
Y;10;4 0.0
Y;10;5 0.0
Y;11;0 0.0
Y;11;1 0.0
Y;11;2 0.0
Y;11;3 0.0
Y;11;4 0.0008112692683070382
Y;11;5 0.0
Y;12;0 0.0
Y;12;1 0.0
Y;12;2 3.118533491600676e-05
Y;12;3 0.0
Y;12;4 0.0
Y;12;5 0.0
Y;13;0 0.0
Y;13;1 0.0004841547918807798
Y;13;2 0.0
Y;13;3 0.0
Y;13;4 0.0
Y;13;5 0.0
Y;14;0 0.0
Y;14;1 0.0
Y;14;2 4.158044655467568e-05
Y;14;3 5.1975558193344604e-05
Y;14;4 0.0006275063103316712
Y;14;5 0.0
Y;15;0 0.0
Y;15;1 0.0
Y;15;2 7.276578147068243e-05
Y;15;3 0.00018917205474802484
Y;15;4 0.0
Y;15;5 0.0
Y;16;0 0.0
Y;16;1 0.0
Y;16;2 0.0
Y;16;3 4.158044655467568e-05
Y;16;4 0.0010878866456645198
Y;16;5 0.0
Y;17;0 0.0
Y;17;1 0.0008610374669884516
Y;17;2 0.0
Y;17;3 0.0
Y;17;4 0.00038820414012870157
Y;17;5 0.0
Y;18;0 0.0
Y;18;1 0.0
Y;18;2 0.0
Y;18;3 9.355600474802028e-05
Y;18;4 0.0003297545683911831
Y;18;5 0.0
Y;19;0 0.0
Y;19;1 0.0
Y;19;2 0.0
Y;19;3 4.158044655467568e-05
Y;19;4 0.0007382693484726943
Y;19;5 0.0
Z;0;0 0.0
Z;0;1 0.00028701248899615055
Z;0;2 0.0
Z;0;3 0.0
Z;0;4 0.000784382887914589
Z;0;5 0.0
Z;1;0 0.0
Z;1;1 0.0002595380924153275
Z;1;2 4.158044655467568e-05
Z;1;3 0.0
Z;1;4 0.0002731771645229778
Z;1;5 0.0
Z;2;0 0.0
Z;2;1 0.00028701248899615055
Z;2;2 7.276578147068243e-05
Z;2;3 0.0
Z;2;4 0.0010780281051738002
Z;2;5 0.0
Z;3;0 0.0
Z;3;1 0.00036306552172994644
Z;3;2 0.0
Z;3;3 0.0
Z;3;4 0.001365885822614889
Z;3;5 0.0
Z;4;0 0.0
Z;4;1 0.0013777393202216112
Z;4;2 0.0
Z;4;3 0.0
Z;4;4 0.0005740249779923011
Z;4;5 0.0
Z;5;0 0.0
Z;5;1 0.0006359600790820818
Z;5;2 7.276578147068243e-05
Z;5;3 0.0
Z;5;4 0.00021974461533565986
Z;5;5 0.0
Z;6;0 0.0
Z;6;1 0.000787526371585527
Z;6;2 3.1528675791337475e-05
Z;6;3 0.0
Z;6;4 0.0009076638043248662
Z;6;5 0.0031690739096195478
Z;7;0 0.0
Z;7;1 0.0
Z;7;2 0.0
Z;7;3 0.0
Z;7;4 0.0009396648381383098
Z;7;5 0.0
Z;8;0 0.0
Z;8;1 0.0016487728419559155
Z;8;2 0.0
Z;8;3 5.1975558193344604e-05
Z;8;4 0.0003593427017246001
Z;8;5 0.0019689354263127457
Z;9;0 0.0
Z;9;1 0.0
Z;9;2 3.118533491600676e-05
Z;9;3 0.0
Z;9;4 0.0005740249779923011
Z;9;5 0.0
Z;10;0 0.0
Z;10;1 0.0013190182735647324
Z;10;2 0.0006054208236928626
Z;10;3 8.454446811753117e-05
Z;10;4 0.0
Z;10;5 0.0
Z;11;0 0.0
Z;11;1 0.0008862322889509919
Z;11;2 0.0
Z;11;3 3.1528675791337475e-05
Z;11;4 0.0
Z;11;5 0.0
Z;12;0 0.0
Z;12;1 0.0
Z;12;2 0.0
Z;12;3 0.0
Z;12;4 0.0012631958348894763
Z;12;5 0.0
Z;13;0 0.0
Z;13;1 0.0
Z;13;2 0.0
Z;13;3 0.0
Z;13;4 0.00039851059177158804
Z;13;5 0.0
Z;14;0 0.0
Z;14;1 0.0
Z;14;2 0.0
Z;14;3 0.0
Z;14;4 0.001365885822614889
Z;14;5 0.0
Z;15;0 0.0
Z;15;1 0.0003444348300554028
Z;15;2 0.0
Z;15;3 5.1975558193344604e-05
Z;15;4 0.0006595091367823662
Z;15;5 0.0
Z;16;0 0.0
Z;16;1 0.0
Z;16;2 0.0
Z;16;3 0.0
Z;16;4 0.0
Z;16;5 0.0
Z;17;0 0.0
Z;17;1 0.0003010497961318743
Z;17;2 0.0
Z;17;3 0.0
Z;17;4 0.0004136757300325875
Z;17;5 0.0
Z;18;0 0.0
Z;18;1 0.000507376922491339
Z;18;2 0.0
Z;18;3 0.0
Z;18;4 0.0003152950709252788
Z;18;5 0.0
Z;19;0 0.0
Z;19;1 0.0006595091367823662
Z;19;2 0.0
Z;19;3 6.237066983201352e-05
Z;19;4 0.0003444348300554028
Z;19;5 0.0
W;0;0 0.0
W;0;1 0.0003010497961318743
W;0;2 0.0
W;0;3 0.0
W;0;4 0.0006765025633217854
W;0;5 0.0
W;1;0 0.0
W;1;1 0.0006641843196193134
W;1;2 0.0
W;1;3 0.0
W;1;4 0.001949351481289252
W;1;5 0.0
W;2;0 0.0
W;2;1 0.0030806692069357184
W;2;2 0.0
W;2;3 2.0903833304236367e-05
W;2;4 0.0006020995922637486
W;2;5 0.0028107322891530347
W;3;0 0.0
W;3;1 0.0011480499559846022
W;3;2 3.118533491600676e-05
W;3;3 0.0
W;3;4 0.00026567372784772536
W;3;5 0.0
W;4;0 0.0
W;4;1 0.000903149388395623
W;4;2 0.0
W;4;3 0.0
W;4;4 0.0004921795656484629
W;4;5 0.0020526002118796977
W;5;0 0.0
W;5;1 0.0
W;5;2 8.316089310935136e-05
W;5;3 0.0
W;5;4 0.0004921795656484629
W;5;5 0.0
W;6;0 0.002506839943337335
W;6;1 0.0010341893250814687
W;6;2 3.118533491600676e-05
W;6;3 2.0903833304236367e-05
W;6;4 0.0005227071601817131
W;6;5 0.0
W;7;0 0.0
W;7;1 0.0006161338413871437
W;7;2 0.0
W;7;3 0.0
W;7;4 0.0
W;7;5 0.0
W;8;0 0.0
W;8;1 0.0006888696601108056
W;8;2 0.0006563012616730268
W;8;3 0.00012103869797019495
W;8;4 0.0004841547918807798
W;8;5 0.0
W;9;0 0.0
W;9;1 0.00040550541248071605
W;9;2 0.0
W;9;3 0.0
W;9;4 0.000903149388395623
W;9;5 0.0
W;10;0 0.0
W;10;1 0.0
W;10;2 6.305735158267495e-05
W;10;3 0.0006054208236928626
W;10;4 0.0014979414106220128
W;10;5 0.0
W;11;0 0.0
W;11;1 0.0
W;11;2 0.0
W;11;3 3.118533491600676e-05
W;11;4 0.0
W;11;5 0.0
W;12;0 0.0
W;12;1 0.0003137531551658356
W;12;2 0.0
W;12;3 4.158044655467568e-05
W;12;4 0.0009458852127758363
W;12;5 0.0
W;13;0 0.0
W;13;1 0.0013190182735647324
W;13;2 0.0
W;13;3 0.0
W;13;4 0.0011234560579665095
W;13;5 0.0
W;14;0 0.0
W;14;1 0.0005445982825949197
W;14;2 0.0
W;14;3 5.1975558193344604e-05
W;14;4 0.0007489707053110064
W;14;5 0.0
W;15;0 0.0
W;15;1 0.0005463543290459556
W;15;2 5.1975558193344604e-05
W;15;3 0.0
W;15;4 0.0003898702962578504
W;15;5 0.0
W;16;0 0.0
W;16;1 0.0
W;16;2 7.276578147068243e-05
W;16;3 0.0
W;16;4 0.0003593427017246001
W;16;5 0.0
W;17;0 0.0
W;17;1 0.0003152950709252788
W;17;2 0.0
W;17;3 0.0
W;17;4 0.0011234560579665095
W;17;5 0.0
W;18;0 0.0
W;18;1 0.00029360392589406457
W;18;2 0.0
W;18;3 0.0
W;18;4 0.0003010497961318743
W;18;5 0.0
W;19;0 0.0
W;19;1 0.00040550541248071605
W;19;2 6.237066983201352e-05
W;19;3 0.0
W;19;4 0.00046565394616320156
W;19;5 0.0
