X;0;0 0.0
X;0;1 0.00015995835883575042
X;0;2 0.0
X;0;3 0.0
X;0;4 0.00021329791004373366
X;0;5 0.0
X;1;0 0.0015332237196708876
X;1;1 0.0007102606277597423
X;1;2 7.432504821648277e-05
X;1;3 0.0
X;1;4 0.00015995835883575042
X;1;5 0.0
X;2;0 0.0
X;2;1 0.0008570039998090733
X;2;2 7.432504821648277e-05
X;2;3 1.3513645130269595e-05
X;2;4 0.0001956823674857183
X;2;5 0.0
X;3;0 0.0
X;3;1 9.4108036549609e-05
X;3;2 4.0540935390808783e-05
X;3;3 6.0811403086213175e-05
X;3;4 0.000504665382167312
X;3;5 0.0
X;4;0 0.0
X;4;1 0.0
X;4;2 0.0
X;4;3 0.0
X;4;4 0.00047987507650725127
X;4;5 0.0
X;5;0 0.0016166808400612143
X;5;1 0.0005478186636639442
X;5;2 0.0
X;5;3 5.405458052107838e-05
X;5;4 0.00025341569256760277
X;5;5 0.0
X;6;0 0.0
X;6;1 0.0003514422372507088
X;6;2 0.0
X;6;3 0.0
X;6;4 0.0004720509220837602
X;6;5 0.0
X;7;0 0.0
X;7;1 0.0
X;7;2 8.197455705747743e-05
X;7;3 0.0
X;7;4 0.0008531916401749347
X;7;5 0.0
X;8;0 0.0
X;8;1 0.000252332691083656
X;8;2 0.00039126098449874066
X;8;3 0.000508913471549712
X;8;4 0.0002856679999363578
X;8;5 0.0
X;9;0 0.0
X;9;1 0.0002434154792260771
X;9;2 3.378411282567399e-05
X;9;3 0.0
X;9;4 0.0007007182683629701
X;9;5 0.0
X;10;0 0.0
X;10;1 0.0005596743535424935
X;10;2 3.378411282567399e-05
X;10;3 0.0
X;10;4 0.0006587562558472631
X;10;5 0.0
X;11;0 0.0
X;11;1 0.0
X;11;2 0.0002359925891244652
X;11;3 0.00011486598360729157
X;11;4 3.453917417190595e-05
X;11;5 0.0
X;12;0 0.0
X;12;1 0.00040988359220286237
X;12;2 6.756822565134798e-05
X;12;3 0.0
X;12;4 0.0003539888836866978
X;12;5 0.0
X;13;0 0.0
X;13;1 0.0
X;13;2 0.0
X;13;3 0.0
X;13;4 0.0002590318846515322
X;13;5 0.0
X;14;0 0.0
X;14;1 0.0006148253883042935
X;14;2 2.702729026053919e-05
X;14;3 0.0
X;14;4 0.001024708980507156
X;14;5 0.0011834638522112485
X;15;0 0.0
X;15;1 0.000376432146198436
X;15;2 9.511244153427547e-05
X;15;3 5.405458052107838e-05
X;15;4 0.000214340469454269
X;15;5 0.0
X;16;0 0.0
X;16;1 0.0009327905892374893
X;16;2 3.378411282567399e-05
X;16;3 0.0
X;16;4 0.0004671455122419801
X;16;5 0.0
X;17;0 0.0
X;17;1 0.00015995835883575042
X;17;2 0.0
X;17;3 0.0
X;17;4 0.00025341569256760277
X;17;5 0.0
X;18;0 0.0
X;18;1 0.0005271570362249308
X;18;2 0.0
X;18;3 0.0
X;18;4 0.0001428339999681789
X;18;5 0.0
X;19;0 0.0
X;19;1 0.000302675065006081
X;19;2 0.0
X;19;3 6.756822565134798e-05
X;19;4 0.00017756515693993557
X;19;5 0.001459609322385648
Y;0;0 0.0
Y;0;1 0.0003373995201399257
Y;0;2 0.0
Y;0;3 0.0
Y;0;4 0.000214340469454269
Y;0;5 0.0
Y;1;0 0.0
Y;1;1 0.0001513375325030405
Y;1;2 0.0
Y;1;3 0.0
Y;1;4 0.000376432146198436
Y;1;5 0.0013341901377218034
Y;2;0 0.0
Y;2;1 0.000564648219297654
Y;2;2 0.0
Y;2;3 1.3513645130269595e-05
Y;2;4 0.0002434154792260771
Y;2;5 0.0
Y;3;0 0.0
Y;3;1 0.000254456735774856
Y;3;2 0.0
Y;3;3 4.7297757955943585e-05
Y;3;4 0.00031991671767150085
Y;3;5 0.0
Y;4;0 0.0
Y;4;1 0.0
Y;4;2 1.3513645130269595e-05
Y;4;3 0.0
Y;4;4 0.0004868309584521542
Y;4;5 0.0
Y;5;0 0.0
Y;5;1 0.0
Y;5;2 0.0
Y;5;3 6.0811403086213175e-05
Y;5;4 0.0003913647349714366
Y;5;5 0.0
Y;6;0 0.0
Y;6;1 0.00023357275612099004
Y;6;2 0.0
Y;6;3 0.00032972342565837153
Y;6;4 0.0008434988003498142
Y;6;5 0.0
Y;7;0 0.0
Y;7;1 0.0025594607076529627
Y;7;2 6.756822565134798e-05
Y;7;3 0.0
Y;7;4 0.0008009739938032867
Y;7;5 0.0
Y;8;0 0.0
Y;8;1 0.0004868309584521542
Y;8;2 0.0
Y;8;3 1.3513645130269595e-05
Y;8;4 0.0
Y;8;5 0.0
Y;9;0 0.0
Y;9;1 0.00022487059165734896
Y;9;2 0.0
Y;9;3 4.7297757955943585e-05
Y;9;4 0.0013590386164724542
Y;9;5 0.0
Y;10;0 0.0
Y;10;1 0.0004317198077525537
Y;10;2 0.0
Y;10;3 0.00019233866496738342
Y;10;4 0.0009179029224725733
Y;10;5 0.0
Y;11;0 0.0
Y;11;1 0.0007283147894792387
Y;11;2 0.0
Y;11;3 0.0
Y;11;4 0.0005273250243995748
Y;11;5 0.0
Y;12;0 0.0
Y;12;1 0.0
Y;12;2 0.00012837962873756115
Y;12;3 0.0
Y;12;4 0.0
Y;12;5 0.0
Y;13;0 0.0
Y;13;1 0.00015735030736125342
Y;13;2 0.0
Y;13;3 0.0
Y;13;4 0.0
Y;13;5 0.0
Y;14;0 0.0
Y;14;1 0.000857361877817076
Y;14;2 4.7297757955943585e-05
Y;14;3 4.0540935390808783e-05
Y;14;4 0.00030590932628668966
Y;14;5 0.0
Y;15;0 0.0
Y;15;1 0.000376432146198436
Y;15;2 5.405458052107838e-05
Y;15;3 0.00014345547485058552
Y;15;4 0.0002238826395360118
Y;15;5 0.0
Y;16;0 0.0
Y;16;1 0.0
Y;16;2 0.0
Y;16;3 7.432504821648277e-05
Y;16;4 0.0007071263196819379
Y;16;5 0.0
Y;17;0 0.0
Y;17;1 0.0007462324713899914
Y;17;2 0.0
Y;17;3 0.0
Y;17;4 0.00063083172770914
Y;17;5 0.0
Y;18;0 0.0
Y;18;1 0.0005060992802098885
Y;18;2 0.0
Y;18;3 6.0811403086213175e-05
Y;18;4 0.000643021408362807
Y;18;5 0.0
Y;19;0 0.0
Y;19;1 0.00037849903662548397
Y;19;2 0.0
Y;19;3 6.0811403086213175e-05
Y;19;4 0.0
Y;19;5 0.0
Z;0;0 0.0
Z;0;1 0.0005596743535424935
Z;0;2 0.0
Z;0;3 0.0
Z;0;4 0.00010196977542889656
Z;0;5 0.0
Z;1;0 0.0
Z;1;1 0.0003373995201399257
Z;1;2 6.0811403086213175e-05
Z;1;3 0.0
Z;1;4 0.0007102606277597423
Z;1;5 0.0
Z;2;0 0.0
Z;2;1 0.0005596743535424935
Z;2;2 4.0540935390808783e-05
Z;2;3 0.0
Z;2;4 0.0011678637806049501
Z;2;5 0.0016166808400612143
Z;3;0 0.0
Z;3;1 0.0003539888836866978
Z;3;2 0.0
Z;3;3 0.0
Z;3;4 0.00017756515693993557
Z;3;5 0.0
Z;4;0 0.0
Z;4;1 0.0004477652790720236
Z;4;2 0.0
Z;4;3 0.0
Z;4;4 0.0
Z;4;5 0.0
Z;5;0 0.0
Z;5;1 0.0
Z;5;2 2.0270467695404392e-05
Z;5;3 0.0
Z;5;4 0.0008570039998090733
Z;5;5 0.0
Z;6;0 0.0
Z;6;1 0.0005118921415305925
Z;6;2 8.197455705747743e-05
Z;6;3 0.0
Z;6;4 0.0003539888836866978
Z;6;5 0.0
Z;7;0 0.0
Z;7;1 0.0029809870307620787
Z;7;2 0.0
Z;7;3 0.0
Z;7;4 0.0006107821447899013
Z;7;5 0.0
Z;8;0 0.0
Z;8;1 0.000428680938908538
Z;8;2 0.0
Z;8;3 1.3513645130269595e-05
Z;8;4 0.0
Z;8;5 0.0
Z;9;0 0.0
Z;9;1 0.0005478186636639442
Z;9;2 4.7297757955943585e-05
Z;9;3 0.0
Z;9;4 0.0003731162356949957
Z;9;5 0.0
Z;10;0 0.0031702987651131675
Z;10;1 0.000857361877817076
Z;10;2 0.00011243529582867448
Z;10;3 2.7476952138197627e-05
Z;10;4 0.0022507405930838474
Z;10;5 0.0
Z;11;0 0.0
Z;11;1 0.0
Z;11;2 0.0
Z;11;3 8.197455705747743e-05
Z;11;4 0.0
Z;11;5 0.0
Z;12;0 0.0
Z;12;1 0.0
Z;12;2 0.0
Z;12;3 0.0
Z;12;4 0.0
Z;12;5 0.0
Z;13;0 0.0
Z;13;1 0.0
Z;13;2 0.0
Z;13;3 0.0
Z;13;4 0.00017268792310102147
Z;13;5 0.0
Z;14;0 0.0
Z;14;1 0.00016869976006996285
Z;14;2 0.0
Z;14;3 0.0
Z;14;4 0.0005326954708198067
Z;14;5 0.0032333616801224286
Z;15;0 0.0013341901377218034
Z;15;1 0.0006716479186080354
Z;15;2 0.0
Z;15;3 6.0811403086213175e-05
Z;15;4 0.000214340469454269
Z;15;5 0.0
Z;16;0 0.0
Z;16;1 0.0
Z;16;2 0.0
Z;16;3 0.0
Z;16;4 0.0
Z;16;5 0.0
Z;17;0 0.0
Z;17;1 0.0001956823674857183
Z;17;2 0.0
Z;17;3 0.0
Z;17;4 0.0006722230613029547
Z;17;5 0.0
Z;18;0 0.0
Z;18;1 0.00021986333307958024
Z;18;2 0.0
Z;18;3 0.0
Z;18;4 0.00020494179610143118
Z;18;5 0.0
Z;19;0 0.0
Z;19;1 0.000643021408362807
Z;19;2 0.0
Z;19;3 5.405458052107838e-05
Z;19;4 0.0002238826395360118
Z;19;5 0.0
W;0;0 0.0
W;0;1 0.0007827294699428732
W;0;2 0.0
W;0;3 0.0
W;0;4 0.00021986333307958024
W;0;5 0.0
W;1;0 0.0
W;1;1 0.0002590318846515322
W;1;2 0.00016304989977304363
W;1;3 0.0
W;1;4 0.0005068313851352055
W;1;5 0.0
W;2;0 0.0
W;2;1 0.0008009739938032867
W;2;2 0.0
W;2;3 8.152494988652182e-05
W;2;4 0.0
W;2;5 0.0
W;3;0 0.0
W;3;1 0.0003731162356949957
W;3;2 5.405458052107838e-05
W;3;3 0.0
W;3;4 0.0002590318846515322
W;3;5 0.0
W;4;0 0.0
W;4;1 0.0003913647349714366
W;4;2 0.0
W;4;3 0.0
W;4;4 0.0
W;4;5 0.0
W;5;0 0.0
W;5;1 0.00029509780162927286
W;5;2 5.405458052107838e-05
W;5;3 0.0
W;5;4 0.00031991671767150085
W;5;5 0.0012798080271032848
W;6;0 0.0
W;6;1 0.0002688892245211819
W;6;2 5.405458052107838e-05
W;6;3 9.511244153427547e-05
W;6;4 0.0010192789623543405
W;6;5 0.0
W;7;0 0.0
W;7;1 0.00040048699690164335
W;7;2 0.0
W;7;3 0.0
W;7;4 0.004133740514033531
W;7;5 0.0
W;8;0 0.0
W;8;1 0.0004477652790720236
W;8;2 0.0005687944267832898
W;8;3 0.0006294012294450137
W;8;4 0.00015735030736125342
W;8;5 0.0
W;9;0 0.0
W;9;1 0.0007907355543373962
W;9;2 0.0
W;9;3 0.0
W;9;4 0.0001956823674857183
W;9;5 0.0
W;10;0 0.0
W;10;1 0.0020003692319128675
W;10;2 2.0493639264369357e-05
W;10;3 0.00011243529582867448
W;10;4 0.0009736619169043084
W;10;5 0.002950978016292729
W;11;0 0.0
W;11;1 0.0
W;11;2 0.0
W;11;3 7.432504821648277e-05
W;11;4 0.001693182078506638
W;11;5 0.0
W;12;0 0.0
W;12;1 0.00030590932628668966
W;12;2 0.0
W;12;3 6.756822565134798e-05
W;12;4 0.00040988359220286237
W;12;5 0.0
W;13;0 0.0
W;13;1 0.000214340469454269
W;13;2 0.0
W;13;3 0.0
W;13;4 0.0
W;13;5 0.0
W;14;0 0.0
W;14;1 0.0001179962945622326
W;14;2 0.0
W;14;3 4.0540935390808783e-05
W;14;4 0.0009736619169043084
W;14;5 0.0
W;15;0 0.0
W;15;1 0.00017756515693993557
W;15;2 6.0811403086213175e-05
W;15;3 0.0
W;15;4 0.0007602470777028082
W;15;5 0.0011403433075319038
W;16;0 0.0
W;16;1 0.0007462324713899914
W;16;2 4.0540935390808783e-05
W;16;3 0.0
W;16;4 0.0004671455122419801
W;16;5 0.0
W;17;0 0.0
W;17;1 0.00020494179610143118
W;17;2 0.0
W;17;3 0.0
W;17;4 0.0009736619169043084
W;17;5 0.0018269759879494724
W;18;0 0.0
W;18;1 0.00019084255183114197
W;18;2 0.0
W;18;3 0.0
W;18;4 0.0003913647349714366
W;18;5 0.0
W;19;0 0.0
W;19;1 0.0
W;19;2 6.0811403086213175e-05
W;19;3 0.0
W;19;4 0.0004540125975091215
W;19;5 0.0
