X;0;0 0.0
X;0;1 0.0
X;0;2 0.0
X;0;3 0.0
X;0;4 0.0003159969037684943
X;0;5 0.0
X;1;0 0.0
X;1;1 0.0007891784752886026
X;1;2 7.507580627927553e-05
X;1;3 0.0
X;1;4 0.0
X;1;5 0.0
X;2;0 0.0
X;2;1 0.00031740888881817534
X;2;2 7.507580627927553e-05
X;2;3 3.0030322511710215e-05
X;2;4 0.0004348497055238184
X;2;5 0.0
X;3;0 0.0
X;3;1 0.0004182579402204845
X;3;2 7.507580627927553e-05
X;3;3 1.5015161255855107e-05
X;3;4 0.0002803696567596178
X;3;5 0.0
X;4;0 0.0
X;4;1 0.00035546301963500096
X;4;2 0.0
X;4;3 0.0
X;4;4 0.00035546301963500096
X;4;5 0.0
X;5;0 0.0
X;5;1 0.0006086874040710491
X;5;2 0.0
X;5;3 9.009096753513064e-05
X;5;4 0.0
X;5;5 0.0
X;6;0 0.0
X;6;1 0.0
X;6;2 0.0
X;6;3 0.0
X;6;4 0.0
X;6;5 0.0
X;7;0 0.0
X;7;1 0.0022057784916483547
X;7;2 9.108284117497492e-05
X;7;3 0.0
X;7;4 0.0004739953556527415
X;7;5 0.0
X;8;0 0.0
X;8;1 0.0022429572540769425
X;8;2 0.00010868360680520575
X;8;3 0.0
X;8;4 0.0
X;8;5 0.0
X;9;0 0.0
X;9;1 0.0
X;9;2 4.504548376756532e-05
X;9;3 0.0
X;9;4 0.0010381011383155112
X;9;5 0.0032435762719681066
X;10;0 0.0
X;10;1 0.0
X;10;2 1.5015161255855107e-05
X;10;3 0.0
X;10;4 0.00020912897011024224
X;10;5 0.0017177258710401764
X;11;0 0.0
X;11;1 0.0
X;11;2 0.0005244279758321449
X;11;3 7.507580627927553e-05
X;11;4 0.00015350744076402645
X;11;5 0.0
X;12;0 0.0
X;12;1 0.00045542621355873595
X;12;2 4.504548376756532e-05
X;12;3 0.0
X;12;4 0.0002622139879160724
X;12;5 0.0
X;13;0 0.0
X;13;1 0.0
X;13;2 0.0
X;13;3 0.0
X;13;4 0.0005756264103367382
X;13;5 0.0
X;14;0 0.0
X;14;1 0.00045542621355873595
X;14;2 7.507580627927553e-05
X;14;3 0.0
X;14;4 0.0
X;14;5 0.0
X;15;0 0.0
X;15;1 0.0
X;15;2 9.058327765169091e-05
X;15;3 6.006064502342043e-05
X;15;4 0.0009526243086856401
X;15;5 0.0
X;16;0 0.0
X;16;1 0.0
X;16;2 4.504548376756532e-05
X;16;3 0.0
X;16;4 0.0010381011383155112
X;16;5 0.0
X;17;0 0.0
X;17;1 0.0
X;17;2 0.0
X;17;3 0.0
X;17;4 0.0
X;17;5 0.0
X;18;0 0.0
X;18;1 0.0005857300402499231
X;18;2 0.0
X;18;3 0.0
X;18;4 0.0
X;18;5 0.0
X;19;0 0.0
X;19;1 0.00033630562778453444
X;19;2 0.0
X;19;3 6.006064502342043e-05
X;19;4 0.0003945892376443013
X;19;5 0.0
Y;0;0 0.0
Y;0;1 0.0014995534228441141
Y;0;2 0.0
Y;0;3 0.0
Y;0;4 0.0
Y;0;5 0.0
Y;1;0 0.0
Y;1;1 0.0
Y;1;2 0.0
Y;1;3 0.0
Y;1;4 0.00020912897011024224
Y;1;5 0.002964866972715119
Y;2;0 0.0
Y;2;1 0.0004182579402204845
Y;2;2 0.0
Y;2;3 3.0030322511710215e-05
Y;2;4 0.0
Y;2;5 0.0
Y;3;0 0.0
Y;3;1 0.0004240945596247599
Y;3;2 0.0
Y;3;3 3.0030322511710215e-05
Y;3;4 0.0
Y;3;5 0.0
Y;4;0 0.0
Y;4;1 0.0006726112555690689
Y;4;2 9.009096753513064e-05
Y;4;3 0.0
Y;4;4 0.0
Y;4;5 0.0
Y;5;0 0.0
Y;5;1 0.0
Y;5;2 0.0
Y;5;3 4.504548376756532e-05
Y;5;4 0.0004348497055238184
Y;5;5 0.0
Y;6;0 0.0
Y;6;1 0.0
Y;6;2 0.0
Y;6;3 0.00012211978728087836
Y;6;4 0.0
Y;6;5 0.0
Y;7;0 0.0
Y;7;1 0.0011375380922902056
Y;7;2 3.0030322511710215e-05
Y;7;3 0.0
Y;7;4 0.0026699133126776224
Y;7;5 0.0
Y;8;0 0.0
Y;8;1 0.0
Y;8;2 0.0
Y;8;3 6.006064502342043e-05
Y;8;4 0.0
Y;8;5 0.0
Y;9;0 0.0
Y;9;1 0.00012492810647630497
Y;9;2 0.0
Y;9;3 3.0030322511710215e-05
Y;9;4 0.0007550214535958079
Y;9;5 0.0
Y;10;0 0.0
Y;10;1 0.0
Y;10;2 0.0
Y;10;3 0.00030529946820219585
Y;10;4 0.0
Y;10;5 0.002280871854523738
Y;11;0 0.0
Y;11;1 0.0
Y;11;2 0.0
Y;11;3 0.0
Y;11;4 0.0
Y;11;5 0.0
Y;12;0 0.0
Y;12;1 0.0
Y;12;2 4.504548376756532e-05
Y;12;3 0.0
Y;12;4 0.0
Y;12;5 0.0
Y;13;0 0.0
Y;13;1 0.00017483367484583714
Y;13;2 0.0
Y;13;3 0.0
Y;13;4 0.00045542621355873595
Y;13;5 0.0
Y;14;0 0.0
Y;14;1 0.0009526243086856401
Y;14;2 3.0030322511710215e-05
Y;14;3 6.006064502342043e-05
Y;14;4 0.00022659950095310348
Y;14;5 0.0
Y;15;0 0.0
Y;15;1 0.0
Y;15;2 4.504548376756532e-05
Y;15;3 0.00018216568234994985
Y;15;4 0.0009950339534933858
Y;15;5 0.0
Y;16;0 0.0
Y;16;1 0.0
Y;16;2 0.0
Y;16;3 6.006064502342043e-05
Y;16;4 0.0015713918215154176
Y;16;5 0.0
Y;17;0 0.0
Y;17;1 0.0
Y;17;2 0.0
Y;17;3 0.0
Y;17;4 0.0005607393135192356
Y;17;5 0.0
Y;18;0 0.0
Y;18;1 0.00037488835571102854
Y;18;2 0.0
Y;18;3 4.504548376756532e-05
Y;18;4 0.00047631215434282005
Y;18;5 0.0
Y;19;0 0.0
Y;19;1 0.0002803696567596178
Y;19;2 0.0
Y;19;3 4.504548376756532e-05
Y;19;4 0.0007109260392700019
Y;19;5 0.0
Z;0;0 0.0
Z;0;1 0.0004145735952166619
Z;0;2 0.0
Z;0;3 0.0
Z;0;4 0.00045319900190620696
Z;0;5 0.0
Z;1;0 0.0
Z;1;1 0.00037488835571102854
Z;1;2 4.504548376756532e-05
Z;1;3 0.0
Z;1;4 0.0007891784752886026
Z;1;5 0.0
Z;2;0 0.0
Z;2;1 0.0
Z;2;2 4.504548376756532e-05
Z;2;3 0.0
Z;2;4 0.0005190505691577556
Z;2;5 0.0
Z;3;0 0.0
Z;3;1 0.0005244279758321449
Z;3;2 0.0
Z;3;3 0.0
Z;3;4 0.0003945892376443013
Z;3;5 0.0
Z;4;0 0.0
Z;4;1 0.0
Z;4;2 0.0
Z;4;3 0.0
Z;4;4 0.0008291471904333238
Z;4;5 0.0
Z;5;0 0.0
Z;5;1 0.0
Z;5;2 1.5015161255855107e-05
Z;5;3 0.0
Z;5;4 0.00031740888881817534
Z;5;5 0.0
Z;6;0 0.0
Z;6;1 0.0011375380922902056
Z;6;2 4.554142058748746e-05
Z;6;3 0.0
Z;6;4 0.0007866419637482173
Z;6;5 0.0
Z;7;0 0.0
Z;7;1 0.0033122078119578653
Z;7;2 0.0
Z;7;3 0.0
Z;7;4 0.0013572936550886698
Z;7;5 0.0
Z;8;0 0.0
Z;8;1 0.0
Z;8;2 0.0
Z;8;3 6.006064502342043e-05
Z;8;4 0.0
Z;8;5 0.0
Z;9;0 0.0
Z;9;1 0.0006086874040710491
Z;9;2 7.507580627927553e-05
Z;9;3 0.0
Z;9;4 0.0
Z;9;5 0.0
Z;10;0 0.0021135325100754446
Z;10;1 0.0014289364630284602
Z;10;2 0.00012492810647630497
Z;10;3 0.00012211978728087836
Z;10;4 0.0
Z;10;5 0.0
Z;11;0 0.0
Z;11;1 0.0
Z;11;2 0.0
Z;11;3 0.0003643313646998997
Z;11;4 0.0
Z;11;5 0.0
Z;12;0 0.0
Z;12;1 0.0
Z;12;2 0.0
Z;12;3 0.0
Z;12;4 0.0
Z;12;5 0.0
Z;13;0 0.0
Z;13;1 0.00031740888881817534
Z;13;2 0.0
Z;13;3 0.0
Z;13;4 0.00019187547011224608
Z;13;5 0.0
Z;14;0 0.0
Z;14;1 0.0007497767114220571
Z;14;2 0.0
Z;14;3 0.0
Z;14;4 0.0
Z;14;5 0.0
Z;15;0 0.0
Z;15;1 0.0014925509302400786
Z;15;2 0.0
Z;15;3 3.0030322511710215e-05
Z;15;4 0.00047631215434282005
Z;15;5 0.0
Z;16;0 0.0
Z;16;1 0.004411556983296709
Z;16;2 0.0
Z;16;3 0.0
Z;16;4 0.0
Z;16;5 0.0
Z;17;0 0.0
Z;17;1 0.0
Z;17;2 0.0
Z;17;3 0.0
Z;17;4 0.0005975316100470708
Z;17;5 0.0
Z;18;0 0.0
Z;18;1 0.0
Z;18;2 0.0
Z;18;3 0.0
Z;18;4 0.0
Z;18;5 0.0
Z;19;0 0.0
Z;19;1 0.00047631215434282005
Z;19;2 0.0
Z;19;3 6.006064502342043e-05
Z;19;4 0.0
Z;19;5 0.0
W;0;0 0.0
W;0;1 0.0
W;0;2 0.0
W;0;3 0.0
W;0;4 0.0009771703692425789
W;0;5 0.0
W;1;0 0.0
W;1;1 0.00038375094022449215
W;1;2 0.00012077770353558789
W;1;3 0.0
W;1;4 0.0
W;1;5 0.0
W;2;0 0.0
W;2;1 0.0
W;2;2 0.0
W;2;3 0.00015097212941948484
W;2;4 0.0004348497055238184
W;2;5 0.0
W;3;0 0.0
W;3;1 0.0004145735952166619
W;3;2 3.0030322511710215e-05
W;3;3 0.0
W;3;4 0.00038375094022449215
W;3;5 0.0
W;4;0 0.0
W;4;1 0.0
W;4;2 0.0
W;4;3 0.0
W;4;4 0.00035546301963500096
W;4;5 0.0
W;5;0 0.0
W;5;1 0.0
W;5;2 9.009096753513064e-05
W;5;3 0.0
W;5;4 0.00035546301963500096
W;5;5 0.0
W;6;0 0.0
W;6;1 0.0005975316100470708
W;6;2 7.507580627927553e-05
W;6;3 3.019442588389697e-05
W;6;4 0.0007550214535958079
W;6;5 0.0
W;7;0 0.0
W;7;1 0.0017799422084517483
W;7;2 0.0
W;7;3 0.0
W;7;4 0.0009186090031185625
W;7;5 0.0
W;8;0 0.0
W;8;1 0.0
W;8;2 0.0
W;8;3 0.00017483367484583714
W;8;4 0.00017483367484583714
W;8;5 0.011670506778953284
W;9;0 0.0
W;9;1 0.0005857300402499231
W;9;2 0.0
W;9;3 0.0
W;9;4 0.0004348497055238184
W;9;5 0.0
W;10;0 0.0
W;10;1 0.0
W;10;2 9.108284117497492e-05
W;10;3 0.00012492810647630497
W;10;4 0.0016227698615071805
W;10;5 0.0019673186775284856
W;11;0 0.0
W;11;1 0.0
W;11;2 0.0
W;11;3 9.009096753513064e-05
W;11;4 0.0
W;11;5 0.0
W;12;0 0.0
W;12;1 0.00022659950095310348
W;12;2 0.0
W;12;3 4.504548376756532e-05
W;12;4 0.00045542621355873595
W;12;5 0.0
W;13;0 0.0
W;13;1 0.0009526243086856401
W;13;2 0.0
W;13;3 0.0
W;13;4 0.0
W;13;5 0.0
W;14;0 0.0
W;14;1 0.0005244279758321449
W;14;2 0.0
W;14;3 4.504548376756532e-05
W;14;4 0.0
W;14;5 0.0
W;15;0 0.0
W;15;1 0.0003945892376443013
W;15;2 3.0030322511710215e-05
W;15;3 0.0
W;15;4 0.001689437950450685
W;15;5 0.0
W;16;0 0.0
W;16;1 0.0
W;16;2 4.504548376756532e-05
W;16;3 0.0
W;16;4 0.0010381011383155112
W;16;5 0.0
W;17;0 0.0
W;17;1 0.0009108524271174719
W;17;2 0.0
W;17;3 0.0
W;17;4 0.0
W;17;5 0.0
W;18;0 0.0
W;18;1 0.0001413648532082533
W;18;2 0.0
W;18;3 0.0
W;18;4 0.0004348497055238184
W;18;5 0.0
W;19;0 0.0
W;19;1 0.0
W;19;2 6.006064502342043e-05
W;19;3 0.0
W;19;4 0.00033630562778453444
W;19;5 0.0
