X;0;0 0.0
X;0;1 0.00024608978282423144
X;0;2 0.0
X;0;3 0.0
X;0;4 0.00010938354361217111
X;0;5 0.0
X;1;0 0.0
X;1;1 0.0001365885822614889
X;1;2 6.756822565134798e-05
X;1;3 0.0
X;1;4 0.00012304489141211572
X;1;5 0.0
X;2;0 0.0
X;2;1 0.0008789784613426394
X;2;2 3.118533491600676e-05
X;2;3 4.677800237401014e-05
X;2;4 0.0004515746941978115
X;2;5 0.0
X;3;0 0.0
X;3;1 0.00021717239203755925
X;3;2 2.079022327733784e-05
X;3;3 7.276578147068243e-05
X;3;4 0.00048525517516087693
X;3;5 0.0
X;4;0 0.0
X;4;1 0.0004921795656484629
X;4;2 0.0
X;4;3 0.0
X;4;4 0.00024608978282423144
X;4;5 0.0010721223077688512
X;5;0 0.0
X;5;1 0.0010534974301229696
X;5;2 0.0
X;5;3 5.1975558193344604e-05
X;5;4 0.0007797405925157008
X;5;5 0.0
X;6;0 0.0
X;6;1 0.001081360730002181
X;6;2 0.0
X;6;3 0.0
X;6;4 0.0005446741408658772
X;6;5 0.0010878866456645198
X;7;0 0.0
X;7;1 0.0
X;7;2 7.882168947834368e-05
X;7;3 0.0
X;7;4 0.00038284240264259894
X;7;5 0.0
X;8;0 0.0
X;8;1 0.00029115310509652615
X;8;2 0.0002257274910569658
X;8;3 0.00034253791354307535
X;8;4 0.0010987230766782991
X;8;5 0.0
X;9;0 0.0
X;9;1 0.0
X;9;2 6.756822565134798e-05
X;9;3 0.0
X;9;4 0.0005390140525869001
X;9;5 0.0
X;10;0 0.0
X;10;1 0.0004305187334942258
X;10;2 4.677800237401014e-05
X;10;3 0.0
X;10;4 0.0006515171761126777
X;10;5 0.0005945974168985226
X;11;0 0.0
X;11;1 0.0
X;11;2 9.076638043248661e-05
X;11;3 5.717311401267906e-05
X;11;4 0.0003453917417190595
X;11;5 0.0004698324190691549
X;12;0 0.0
X;12;1 0.00047294260638791814
X;12;2 5.717311401267906e-05
X;12;3 0.0
X;12;4 9.076638043248661e-05
X;12;5 0.0011227764018351138
X;13;0 0.0
X;13;1 0.0007797405925157008
X;13;2 0.0
X;13;3 0.0
X;13;4 6.641843196193134e-05
X;13;5 0.0
X;14;0 0.0
X;14;1 0.0003152950709252788
X;14;2 9.355600474802028e-05
X;14;3 0.0
X;14;4 0.0003152950709252788
X;14;5 0.0
X;15;0 0.0
X;15;1 0.0005791263787668247
X;15;2 0.00013587491647753638
X;15;3 2.079022327733784e-05
X;15;4 0.00016487728419559155
X;15;5 0.0
X;16;0 0.0
X;16;1 0.00028701248899615055
X;16;2 8.316089310935136e-05
X;16;3 0.0
X;16;4 0.00017967135086230005
X;16;5 0.0
X;17;0 0.0
X;17;1 0.00012304489141211572
X;17;2 0.0
X;17;3 0.0
X;17;4 0.0005848054443867756
X;17;5 0.0
X;18;0 0.001317711549964039
X;18;1 0.00040550541248071605
X;18;2 0.0
X;18;3 0.0
X;18;4 0.00010987230766782993
X;18;5 0.0
X;19;0 0.0
X;19;1 0.00046565394616320156
X;19;2 0.0
X;19;3 1.559266745800338e-05
X;19;4 0.0001365885822614889
X;19;5 0.0
Y;0;0 0.0
Y;0;1 0.0
Y;0;2 0.0
Y;0;3 0.0
Y;0;4 0.0003297545683911831
Y;0;5 0.0
Y;1;0 0.0
Y;1;1 0.00011641348654080039
Y;1;2 0.0
Y;1;3 0.0
Y;1;4 7.239079734585308e-05
Y;1;5 0.0
Y;2;0 0.0
Y;2;1 0.0005791263787668247
Y;2;2 0.0
Y;2;3 4.158044655467568e-05
Y;2;4 0.0005617280289832548
Y;2;5 0.0
Y;3;0 0.0
Y;3;1 0.00019573595059604307
Y;3;2 0.0
Y;3;3 7.276578147068243e-05
Y;3;4 0.00036913467423634717
Y;3;5 0.0
Y;4;0 0.0
Y;4;1 0.0003492404596224012
Y;4;2 7.276578147068243e-05
Y;4;3 0.0
Y;4;4 0.0005617280289832548
Y;4;5 0.0
Y;5;0 0.0
Y;5;1 0.001010127515232279
Y;5;2 0.0
Y;5;3 3.638289073534122e-05
Y;5;4 0.0007526244903296857
Y;5;5 0.0
Y;6;0 0.002635423099928078
Y;6;1 0.0008983567543115002
Y;6;2 0.0
Y;6;3 0.0002324972873232107
Y;6;4 0.0002595380924153275
Y;6;5 0.0
Y;7;0 0.0
Y;7;1 0.0003937631857927635
Y;7;2 3.118533491600676e-05
Y;7;3 0.0
Y;7;4 0.00030806692069357185
Y;7;5 0.0
Y;8;0 0.0
Y;8;1 0.0005617280289832548
Y;8;2 0.0
Y;8;3 8.835844892868582e-05
Y;8;4 0.0003444348300554028
Y;8;5 0.0011227764018351138
Y;9;0 0.0
Y;9;1 0.000475687790044392
Y;9;2 0.0
Y;9;3 5.1975558193344604e-05
Y;9;4 0.0005227071601817131
Y;9;5 0.0
Y;10;0 0.0010721223077688512
Y;10;1 0.0004649290237335194
Y;10;2 0.0
Y;10;3 0.00019022505326444513
Y;10;4 0.0004707194474218325
Y;10;5 0.0007895325650274478
Y;11;0 0.0
Y;11;1 0.0005602421457532606
Y;11;2 0.0
Y;11;3 0.0
Y;11;4 0.0004056346341535191
Y;11;5 0.0
Y;12;0 0.0
Y;12;1 0.0011204842915065211
Y;12;2 2.079022327733784e-05
Y;12;3 0.0
Y;12;4 0.0
Y;12;5 0.0
Y;13;0 0.0011227764018351138
Y;13;1 0.00012103869797019495
Y;13;2 0.0
Y;13;3 0.0
Y;13;4 0.00047294260638791814
Y;13;5 0.0
Y;14;0 0.0
Y;14;1 0.0003297545683911831
Y;14;2 3.638289073534122e-05
Y;14;3 7.276578147068243e-05
Y;14;4 0.0002353148663743767
Y;14;5 0.0
Y;15;0 0.0
Y;15;1 0.0005791263787668247
Y;15;2 6.756822565134798e-05
Y;15;3 6.305735158267495e-05
Y;15;4 0.0001722174150277014
Y;15;5 0.0
Y;16;0 0.0
Y;16;1 0.0
Y;16;2 0.0
Y;16;3 0.00010914867220602367
Y;16;4 0.0
Y;16;5 0.0
Y;17;0 0.0
Y;17;1 0.0005740249779923011
Y;17;2 0.0
Y;17;3 0.0
Y;17;4 0.00048525517516087693
Y;17;5 0.0
Y;18;0 0.0
Y;18;1 0.00012976904620766374
Y;18;2 0.0
Y;18;3 7.79633372900169e-05
Y;18;4 0.0003297545683911831
Y;18;5 0.0011227764018351138
Y;19;0 0.0
Y;19;1 0.00029115310509652615
Y;19;2 0.0
Y;19;3 1.559266745800338e-05
Y;19;4 0.00012304489141211572
Y;19;5 0.0
Z;0;0 0.0
Z;0;1 0.0004305187334942258
Z;0;2 0.0
Z;0;3 0.0
Z;0;4 0.0002353148663743767
Z;0;5 0.0
Z;1;0 0.0
Z;1;1 0.000519076184830655
Z;1;2 5.1975558193344604e-05
Z;1;3 0.0
Z;1;4 0.0009561200758304224
Z;1;5 0.0
Z;2;0 0.0
Z;2;1 0.0007175312224903764
Z;2;2 3.638289073534122e-05
Z;2;3 0.0
Z;2;4 0.0007186854034492002
Z;2;5 0.0
Z;3;0 0.0
Z;3;1 0.00018153276086497322
Z;3;2 0.0
Z;3;3 0.0
Z;3;4 0.0001365885822614889
Z;3;5 0.0
Z;4;0 0.0
Z;4;1 0.0005166522450831041
Z;4;2 0.0
Z;4;3 0.0
Z;4;4 0.0004305187334942258
Z;4;5 0.0
Z;5;0 0.0
Z;5;1 0.0003179800395410409
Z;5;2 9.355600474802028e-05
Z;5;3 0.0
Z;5;4 0.00021974461533565986
Z;5;5 0.0
Z;6;0 0.0
Z;6;1 0.0003937631857927635
Z;6;2 6.305735158267495e-05
Z;6;3 0.0
Z;6;4 9.076638043248661e-05
Z;6;5 0.0
Z;7;0 0.0
Z;7;1 0.0
Z;7;2 0.0
Z;7;3 0.0
Z;7;4 0.0009396648381383098
Z;7;5 0.0
Z;8;0 0.0
Z;8;1 0.0004946318525867747
Z;8;2 0.0
Z;8;3 8.835844892868582e-05
Z;8;4 0.0005390140525869001
Z;8;5 0.0
Z;9;0 0.0
Z;9;1 0.0002106994860245939
Z;9;2 3.638289073534122e-05
Z;9;3 0.0
Z;9;4 0.0
Z;9;5 0.0
Z;10;0 0.003658037036669039
Z;10;1 0.0004946318525867747
Z;10;2 0.00012973303364847055
Z;10;3 0.00010568058514691396
Z;10;4 0.0
Z;10;5 0.0
Z;11;0 0.0
Z;11;1 0.0
Z;11;2 0.0
Z;11;3 9.458602737401242e-05
Z;11;4 0.0
Z;11;5 0.0
Z;12;0 0.0
Z;12;1 0.0
Z;12;2 0.0
Z;12;3 0.0
Z;12;4 0.0012631958348894763
Z;12;5 0.0
Z;13;0 0.0
Z;13;1 0.00010987230766782993
Z;13;2 0.0
Z;13;3 0.0
Z;13;4 0.00013283686392386268
Z;13;5 0.0011227764018351138
Z;14;0 0.0
Z;14;1 0.0003893071386229912
Z;14;2 0.0
Z;14;3 0.0
Z;14;4 0.0001365885822614889
Z;14;5 0.0
Z;15;0 0.0
Z;15;1 0.0006888696601108056
Z;15;2 0.0
Z;15;3 6.237066983201352e-05
Z;15;4 0.0009892637051735493
Z;15;5 0.0
Z;16;0 0.0
Z;16;1 0.0
Z;16;2 0.0
Z;16;3 0.0
Z;16;4 0.0005602421457532606
Z;16;5 0.0
Z;17;0 0.0
Z;17;1 0.0006020995922637486
Z;17;2 0.0
Z;17;3 0.0
Z;17;4 0.0005170946625407344
Z;17;5 0.0
Z;18;0 0.0
Z;18;1 8.456282041522318e-05
Z;18;2 0.0
Z;18;3 0.0
Z;18;4 0.00047294260638791814
Z;18;5 0.0
Z;19;0 0.0
Z;19;1 0.0003297545683911831
Z;19;2 0.0
Z;19;3 4.158044655467568e-05
Z;19;4 0.0010333044901662083
Z;19;5 0.0
W;0;0 0.0
W;0;1 0.00015052489806593715
W;0;2 0.0
W;0;3 0.0
W;0;4 0.0006765025633217854
W;0;5 0.0
W;1;0 0.0
W;1;1 0.00013283686392386268
W;1;2 0.00013587491647753638
W;1;3 0.0
W;1;4 0.0005848054443867756
W;1;5 0.0
W;2;0 0.0
W;2;1 0.00030806692069357185
W;2;2 0.0
W;2;3 0.0001254229998254182
W;2;4 0.0003010497961318743
W;2;5 0.0014053661445765173
W;3;0 0.0
W;3;1 0.00014350624449807527
W;3;2 6.756822565134798e-05
W;3;3 0.0
W;3;4 0.00019925529588579402
W;3;5 0.0
W;4;0 0.0010263001059398489
W;4;1 0.0003010497961318743
W;4;2 0.0
W;4;3 0.0
W;4;4 0.0004921795656484629
W;4;5 0.0
W;5;0 0.0
W;5;1 0.00022699830894559451
W;5;2 2.5987779096672302e-05
W;5;3 0.0
W;5;4 0.0004921795656484629
W;5;5 0.0
W;6;0 0.0029246466005602247
W;6;1 0.0005170946625407344
W;6;2 3.118533491600676e-05
W;6;3 7.316341656482729e-05
W;6;4 0.00026135358009085657
W;6;5 0.0
W;7;0 0.0
W;7;1 0.0
W;7;2 0.0
W;7;3 0.0
W;7;4 0.0015899001977052044
W;7;5 0.0
W;8;0 0.0
W;8;1 0.0005166522450831041
W;8;2 0.0003281506308365134
W;8;3 0.0004236354428956823
W;8;4 0.0006051934898509747
W;8;5 0.0
W;9;0 0.0
W;9;1 0.00040550541248071605
W;9;2 0.0
W;9;3 0.0
W;9;4 0.00015052489806593715
W;9;5 0.0
W;10;0 0.0
W;10;1 0.001025830375339932
W;10;2 4.729301368700621e-05
W;10;3 0.00012973303364847055
W;10;4 0.0005617280289832548
W;10;5 0.003404974634183918
W;11;0 0.0
W;11;1 0.0
W;11;2 0.0
W;11;3 2.5987779096672302e-05
W;11;4 0.0
W;11;5 0.0
W;12;0 0.0012436006462009342
W;12;1 7.84382887914589e-05
W;12;2 0.0
W;12;3 5.717311401267906e-05
W;12;4 0.00047294260638791814
W;12;5 0.0
W;13;0 0.0
W;13;1 0.0
W;13;2 0.0
W;13;3 0.0
W;13;4 0.0003744853526555032
W;13;5 0.0
W;14;0 0.0
W;14;1 0.0
W;14;2 0.0
W;14;3 3.638289073534122e-05
W;14;4 0.0
W;14;5 0.0
W;15;0 0.0
W;15;1 0.0008195314935689335
W;15;2 6.237066983201352e-05
W;15;3 0.0
W;15;4 0.0007797405925157008
W;15;5 0.0
W;16;0 0.0
W;16;1 0.00028701248899615055
W;16;2 8.316089310935136e-05
W;16;3 0.0
W;16;4 0.00017967135086230005
W;16;5 0.0
W;17;0 0.0
W;17;1 0.0001576475354626394
W;17;2 0.0
W;17;3 0.0
W;17;4 0.0
W;17;5 0.0
W;18;0 0.0
W;18;1 4.8933987649010766e-05
W;18;2 0.0
W;18;3 0.0
W;18;4 0.001806298776791246
W;18;5 0.0
W;19;0 0.0
W;19;1 0.0012165162374421481
W;19;2 4.158044655467568e-05
W;19;3 0.0
W;19;4 0.00023282697308160078
W;19;5 0.0
