X;0;0 0.0
X;0;1 0.00024608978282423144
X;0;2 0.0
X;0;3 0.0
X;0;4 0.00043753417444868445
X;0;5 0.0009459856421594805
X;1;0 0.0
X;1;1 0.0006829429113074445
X;1;2 5.1975558193344604e-05
X;1;3 0.0
X;1;4 0.00024608978282423144
X;1;5 0.0
X;2;0 0.0
X;2;1 0.0006592338460069795
X;2;2 6.237066983201352e-05
X;2;3 3.118533491600676e-05
X;2;4 0.0003010497961318743
X;2;5 0.0
X;3;0 0.0
X;3;1 7.239079734585308e-05
X;3;2 3.638289073534122e-05
X;3;3 8.316089310935136e-05
X;3;4 9.705103503217539e-05
X;3;5 0.0008170125716812693
X;4;0 0.0010263001059398489
X;4;1 0.00012304489141211572
X;4;2 0.0
X;4;3 0.0
X;4;4 0.0004921795656484629
X;4;5 0.0
X;5;0 0.0
X;5;1 0.0004213989720491878
X;5;2 0.0
X;5;3 8.835844892868582e-05
X;5;4 0.0005848054443867756
X;5;5 0.0
X;6;0 0.0
X;6;1 0.0
X;6;2 0.0
X;6;3 0.0
X;6;4 0.0007867515368062671
X;6;5 0.0005439433228322599
X;7;0 0.0
X;7;1 0.0
X;7;2 3.1528675791337475e-05
X;7;3 0.0
X;7;4 0.0006563012616730268
X;7;5 0.0
X;8;0 0.0011227764018351138
X;8;1 0.00019410207006435078
X;8;2 7.52424970189886e-05
X;8;3 0.0009786797529802154
X;8;4 0.00010987230766782993
X;8;5 0.0
X;9;0 0.0
X;9;1 0.0
X;9;2 2.5987779096672302e-05
X;9;3 0.0
X;9;4 0.0003593427017246001
X;9;5 0.0
X;10;0 0.0
X;10;1 0.00014350624449807527
X;10;2 4.677800237401014e-05
X;10;3 0.0
X;10;4 7.239079734585308e-05
X;10;5 0.0
X;11;0 0.0
X;11;1 0.0
X;11;2 0.0010891965651898393
X;11;3 6.756822565134798e-05
X;11;4 2.656859551685073e-05
X;11;5 0.0
X;12;0 0.0
X;12;1 0.0003152950709252788
X;12;2 3.638289073534122e-05
X;12;3 0.0
X;12;4 9.076638043248661e-05
X;12;5 0.0
X;13;0 0.0
X;13;1 0.0007797405925157008
X;13;2 0.0
X;13;3 0.0
X;13;4 0.000597765887657382
X;13;5 0.0023588057225705965
X;14;0 0.0
X;14;1 0.00047294260638791814
X;14;2 2.079022327733784e-05
X;14;3 0.0
X;14;4 0.0017341228900890331
X;14;5 0.0
X;15;0 0.0
X;15;1 0.0005791263787668247
X;15;2 8.361533321694547e-05
X;15;3 3.638289073534122e-05
X;15;4 0.0004946318525867747
X;15;5 0.0
X;16;0 0.0
X;16;1 0.00028701248899615055
X;16;2 3.638289073534122e-05
X;16;3 0.0
X;16;4 0.00017967135086230005
X;16;5 0.0
X;17;0 0.0
X;17;1 0.0012304489141211571
X;17;2 0.0
X;17;3 0.0
X;17;4 0.000974675740644626
X;17;5 0.0
X;18;0 0.0
X;18;1 0.0
X;18;2 0.0
X;18;3 0.0
X;18;4 0.00010987230766782993
X;18;5 0.0
X;19;0 0.0016923180489552643
X;19;1 0.000582067432704002
X;19;2 0.0
X;19;3 2.079022327733784e-05
X;19;4 0.0002731771645229778
X;19;5 0.0
Y;0;0 0.0
Y;0;1 0.00103815236966131
Y;0;2 0.0
Y;0;3 0.0
Y;0;4 0.0003297545683911831
Y;0;5 0.0
Y;1;0 0.0
Y;1;1 0.00023282697308160078
Y;1;2 0.0
Y;1;3 0.0
Y;1;4 0.0004343447840751185
Y;1;5 0.0
Y;2;0 0.0
Y;2;1 0.0004343447840751185
Y;2;2 0.0
Y;2;3 3.118533491600676e-05
Y;2;4 0.0003744853526555032
Y;2;5 0.0
Y;3;0 0.0022455528036702276
Y;3;1 0.00014680196294703229
Y;3;2 0.0
Y;3;3 6.237066983201352e-05
Y;3;4 0.00036913467423634717
Y;3;5 0.0
Y;4;0 0.0
Y;4;1 0.0
Y;4;2 4.677800237401014e-05
Y;4;3 0.0
Y;4;4 0.0005617280289832548
Y;4;5 0.0
Y;5;0 0.0
Y;5;1 0.001010127515232279
Y;5;2 0.0
Y;5;3 3.638289073534122e-05
Y;5;4 0.0013547240825934343
Y;5;5 0.0009844677131563729
Y;6;0 0.0
Y;6;1 0.00017967135086230005
Y;6;2 0.0
Y;6;3 0.000401586223558273
Y;6;4 0.00012976904620766374
Y;6;5 0.000877187159639926
Y;7;0 0.0
Y;7;1 0.0
Y;7;2 3.118533491600676e-05
Y;7;3 0.0
Y;7;4 0.0006161338413871437
Y;7;5 0.0
Y;8;0 0.0
Y;8;1 0.0001872426763277516
Y;8;2 0.0
Y;8;3 7.276578147068243e-05
Y;8;4 0.0003444348300554028
Y;8;5 0.0
Y;9;0 0.0
Y;9;1 0.0
Y;9;2 0.0
Y;9;3 9.875356056735474e-05
Y;9;4 0.0007840607402725697
Y;9;5 0.0009844677131563729
Y;10;0 0.0
Y;10;1 6.641843196193134e-05
Y;10;2 0.0
Y;10;3 0.0002959056384113591
Y;10;4 0.00023535972371091626
Y;10;5 0.0
Y;11;0 0.0
Y;11;1 0.0005602421457532606
Y;11;2 0.0
Y;11;3 0.0
Y;11;4 0.0008112692683070382
Y;11;5 0.0
Y;12;0 0.0
Y;12;1 0.0005602421457532606
Y;12;2 0.00011434622802535812
Y;12;3 0.0
Y;12;4 0.0
Y;12;5 0.0
Y;13;0 0.0
Y;13;1 0.00018155804695529242
Y;13;2 0.0
Y;13;3 0.0
Y;13;4 0.0006305901418505576
Y;13;5 0.0
Y;14;0 0.0
Y;14;1 0.001154140989369141
Y;14;2 5.1975558193344604e-05
Y;14;3 3.118533491600676e-05
Y;14;4 0.0002353148663743767
Y;14;5 0.0
Y;15;0 0.0
Y;15;1 0.0006515171761126777
Y;15;2 3.638289073534122e-05
Y;15;3 0.00011035036526968116
Y;15;4 0.0005166522450831041
Y;15;5 0.0
Y;16;0 0.0
Y;16;1 0.0
Y;16;2 0.0
Y;16;3 4.158044655467568e-05
Y;16;4 0.0
Y;16;5 0.0
Y;17;0 0.0
Y;17;1 0.00014350624449807527
Y;17;2 0.0
Y;17;3 0.0
Y;17;4 0.00019410207006435078
Y;17;5 0.0
Y;18;0 0.0
Y;18;1 0.0
Y;18;2 0.0
Y;18;3 6.756822565134798e-05
Y;18;4 0.0013190182735647324
Y;18;5 0.0
Y;19;0 0.0024510377150438077
Y;19;1 0.0006793572452252277
Y;19;2 0.0
Y;19;3 1.559266745800338e-05
Y;19;4 0.00012304489141211572
Y;19;5 0.0
Z;0;0 0.0
Z;0;1 0.00014350624449807527
Z;0;2 0.0
Z;0;3 0.0
Z;0;4 0.000784382887914589
Z;0;5 0.0013861125382643657
Z;1;0 0.0
Z;1;1 0.0003893071386229912
Z;1;2 7.276578147068243e-05
Z;1;3 0.0
Z;1;4 0.0002731771645229778
Z;1;5 0.0
Z;2;0 0.0
Z;2;1 0.0007175312224903764
Z;2;2 3.118533491600676e-05
Z;2;3 0.0
Z;2;4 0.0008983567543115002
Z;2;5 0.0
Z;3;0 0.0011227764018351138
Z;3;1 9.076638043248661e-05
Z;3;2 0.0
Z;3;3 0.0
Z;3;4 0.0001365885822614889
Z;3;5 0.0
Z;4;0 0.0
Z;4;1 0.0005166522450831041
Z;4;2 0.0
Z;4;3 0.0
Z;4;4 0.0
Z;4;5 0.0
Z;5;0 0.0
Z;5;1 0.0
Z;5;2 0.00010395111638668921
Z;5;3 0.0
Z;5;4 0.00032961692300348974
Z;5;5 0.0
Z;6;0 0.0
Z;6;1 0.000787526371585527
Z;6;2 9.458602737401242e-05
Z;6;3 0.0
Z;6;4 0.0005445982825949197
Z;6;5 0.0
Z;7;0 0.0
Z;7;1 0.0019108891222833838
Z;7;2 0.0
Z;7;3 0.0
Z;7;4 0.0
Z;7;5 0.0
Z;8;0 0.0
Z;8;1 0.00016487728419559155
Z;8;2 0.0
Z;8;3 6.237066983201352e-05
Z;8;4 0.0005390140525869001
Z;8;5 0.0
Z;9;0 0.0
Z;9;1 0.002949792804344315
Z;9;2 4.677800237401014e-05
Z;9;3 0.0
Z;9;4 0.0
Z;9;5 0.0
Z;10;0 0.0
Z;10;1 0.0
Z;10;2 0.00038919910094541166
Z;10;3 0.0002747695213819763
Z;10;4 0.002308451890342408
Z;10;5 0.0
Z;11;0 0.0
Z;11;1 0.0008862322889509919
Z;11;2 0.0
Z;11;3 0.00018917205474802484
Z;11;4 0.0
Z;11;5 0.0
Z;12;0 0.0
Z;12;1 0.0
Z;12;2 0.0
Z;12;3 0.0
Z;12;4 0.0006315979174447381
Z;12;5 0.0
Z;13;0 0.0
Z;13;1 0.0008789784613426394
Z;13;2 0.0
Z;13;3 0.0
Z;13;4 0.00019925529588579402
Z;13;5 0.0
Z;14;0 0.0
Z;14;1 0.000519076184830655
Z;14;2 0.0
Z;14;3 0.0
Z;14;4 0.0002731771645229778
Z;14;5 0.0012436006462009342
Z;15;0 0.0
Z;15;1 0.0
Z;15;2 0.0
Z;15;3 4.158044655467568e-05
Z;15;4 0.001483895557760324
Z;15;5 0.0
Z;16;0 0.0
Z;16;1 0.0
Z;16;2 0.0
Z;16;3 0.0
Z;16;4 0.0
Z;16;5 0.0
Z;17;0 0.0
Z;17;1 0.00015052489806593715
Z;17;2 0.0
Z;17;3 0.0
Z;17;4 0.00020683786501629375
Z;17;5 0.0
Z;18;0 0.0
Z;18;1 0.00016912564083044636
Z;18;2 0.0
Z;18;3 0.0
Z;18;4 0.0
Z;18;5 0.0
Z;19;0 0.0
Z;19;1 0.0006595091367823662
Z;19;2 0.0
Z;19;3 2.5987779096672302e-05
Z;19;4 0.0003444348300554028
Z;19;5 0.0
W;0;0 0.0
W;0;1 0.00015052489806593715
W;0;2 0.0
W;0;3 0.0
W;0;4 0.0002536884612456695
W;0;5 0.0012436006462009342
W;1;0 0.0
W;1;1 0.00013283686392386268
W;1;2 0.0001254229998254182
W;1;3 0.0
W;1;4 0.0007797405925157008
W;1;5 0.0
W;2;0 0.0
W;2;1 0.0
W;2;2 0.0
W;2;3 0.00013587491647753638
W;2;4 0.0003010497961318743
W;2;5 0.0
W;3;0 0.0
W;3;1 0.00014350624449807527
W;3;2 5.717311401267906e-05
W;3;3 0.0
W;3;4 0.00026567372784772536
W;3;5 0.0039378708526254915
W;4;0 0.0
W;4;1 0.0006020995922637486
W;4;2 0.0
W;4;3 0.0
W;4;4 0.00012304489141211572
W;4;5 0.0010263001059398489
W;5;0 0.0
W;5;1 0.001361989853673567
W;5;2 2.079022327733784e-05
W;5;3 0.0
W;5;4 0.0012304489141211571
W;5;5 0.0019689354263127457
W;6;0 0.002506839943337335
W;6;1 0.0003102567975244406
W;6;2 4.677800237401014e-05
W;6;3 7.316341656482729e-05
W;6;4 0.00026135358009085657
W;6;5 0.0
W;7;0 0.0
W;7;1 0.0012322676827742874
W;7;2 0.0
W;7;3 0.0
W;7;4 0.0
W;7;5 0.0
W;8;0 0.0009844677131563729
W;8;1 0.0003444348300554028
W;8;2 0.0001640753154182567
W;8;3 0.001149867630716852
W;8;4 6.0519348985097474e-05
W;8;5 0.0
W;9;0 0.0
W;9;1 0.00020275270624035802
W;9;2 0.0
W;9;3 0.0
W;9;4 0.00015052489806593715
W;9;5 0.0
W;10;0 0.0
W;10;1 0.00256457593834983
W;10;2 0.0001734077168523561
W;10;3 0.00038919910094541166
W;10;4 0.0001872426763277516
W;10;5 0.0
W;11;0 0.0
W;11;1 0.000787526371585527
W;11;2 0.0
W;11;3 4.158044655467568e-05
W;11;4 0.002604895505394828
W;11;5 0.0
W;12;0 0.0
W;12;1 7.84382887914589e-05
W;12;2 0.0
W;12;3 3.638289073534122e-05
W;12;4 0.0003152950709252788
W;12;5 0.0
W;13;0 0.004537940094278893
W;13;1 0.0009892637051735493
W;13;2 0.0
W;13;3 0.0
W;13;4 0.0007489707053110064
W;13;5 0.0
W;14;0 0.0
W;14;1 0.00036306552172994644
W;14;2 0.0
W;14;3 3.118533491600676e-05
W;14;4 0.002246912115933019
W;14;5 0.0
W;15;0 0.0
W;15;1 0.001365885822614889
W;15;2 3.638289073534122e-05
W;15;3 0.0
W;15;4 0.0
W;15;5 0.0
W;16;0 0.0
W;16;1 0.00028701248899615055
W;16;2 3.638289073534122e-05
W;16;3 0.0
W;16;4 0.00017967135086230005
W;16;5 0.0
W;17;0 0.0
W;17;1 0.0014188278191637543
W;17;2 0.0
W;17;3 0.0
W;17;4 0.000936213381638758
W;17;5 0.0
W;18;0 0.0
W;18;1 9.786797529802153e-05
W;18;2 0.0
W;18;3 0.0
W;18;4 0.00015052489806593715
W;18;5 0.0
W;19;0 0.0
W;19;1 0.00040550541248071605
W;19;2 1.039511163866892e-05
W;19;3 0.0
W;19;4 0.0008148944057856027
W;19;5 0.0
