X;0;0 0.0
X;0;1 0.00019994794854468804
X;0;2 0.0
X;0;3 0.0
X;0;4 0.0005332447751093341
X;0;5 0.0
X;1;0 0.0
X;1;1 0.00022195644617491948
X;1;2 6.756822565134798e-05
X;1;3 0.0
X;1;4 0.0009997397427234402
X;1;5 0.0
X;2;0 0.0
X;2;1 0.00017854249996022362
X;2;2 3.378411282567399e-05
X;2;3 5.067616923851098e-05
X;2;4 0.0007338088780714435
X;2;5 0.0027500168295523045
X;3;0 0.0
X;3;1 0.00011763504568701126
X;3;2 7.601425385776648e-05
X;3;3 5.067616923851098e-05
X;3;4 0.0
X;3;5 0.0
X;4;0 0.0
X;4;1 0.000599843845634064
X;4;2 0.0
X;4;3 0.0
X;4;4 0.0009997397427234402
X;4;5 0.0
X;5;0 0.0020208510500765177
X;5;1 0.0006847733295799303
X;5;2 0.0
X;5;3 1.6892056412836994e-05
X;5;4 0.00031676961570950346
X;5;5 0.0040417021001530355
X;6;0 0.0
X;6;1 0.0017572111862535441
X;6;2 0.0
X;6;3 0.0
X;6;4 0.00039337576840313356
X;6;5 0.0
X;7;0 0.0
X;7;1 0.002481500803104399
X;7;2 0.00012808524540230848
X;7;3 0.0
X;7;4 0.00044437064592444515
X;7;5 0.0010582387990666488
X;8;0 0.0
X;8;1 0.000788539659636425
X;8;2 0.0002445381153117129
X;8;3 0.00031807091971856996
X;8;4 0.0005356274998806708
X;8;5 0.0
X;9;0 0.0
X;9;1 0.00030426934903259636
X;9;2 3.378411282567399e-05
X;9;3 0.0
X;9;4 0.0014598297257561877
X;9;5 0.0
X;10;0 0.0
X;10;1 0.0006995929419281169
X;10;2 7.601425385776648e-05
X;10;3 0.0
X;10;4 0.0002352700913740225
X;10;5 0.0
X;11;0 0.0
X;11;1 0.0
X;11;2 0.0004424861046083722
X;11;3 4.2230141032092486e-05
X;11;4 0.0002590438062892946
X;11;5 0.0015269553619747535
X;12;0 0.0
X;12;1 0.0007685317353803669
X;12;2 1.6892056412836994e-05
X;12;3 0.0
X;12;4 0.0008849722092167444
X;12;5 0.0
X;13;0 0.0
X;13;1 0.0
X;13;2 0.0
X;13;3 0.0
X;13;4 0.00010792995193813843
X;13;5 0.0
X;14;0 0.0
X;14;1 0.0007685317353803669
X;14;2 7.601425385776648e-05
X;14;3 0.0
X;14;4 0.000256177245126789
X;14;5 0.0
X;15;0 0.0015997600338791059
X;15;1 0.0002352700913740225
X;15;2 5.095309367907614e-05
X;15;3 3.378411282567399e-05
X;15;4 0.0016075535209070177
X;15;5 0.0
X;16;0 0.0
X;16;1 0.0006995929419281169
X;16;2 3.378411282567399e-05
X;16;3 0.0
X;16;4 0.0008758978354537127
X;16;5 0.0
X;17;0 0.0
X;17;1 0.000599843845634064
X;17;2 0.0
X;17;3 0.0
X;17;4 0.00031676961570950346
X;17;5 0.0
X;18;0 0.0
X;18;1 0.0009884194429217452
X;18;2 0.0
X;18;3 0.0
X;18;4 0.0008927124998011181
X;18;5 0.0
X;19;0 0.0
X;19;1 0.00018917191562880064
X;19;2 0.0
X;19;3 5.067616923851098e-05
X;19;4 0.0006658693385247584
X;19;5 0.00182451165298206
Y;0;0 0.0
Y;0;1 0.0008434988003498142
Y;0;2 0.0
Y;0;3 0.0
Y;0;4 0.00026792558681783626
Y;0;5 0.0
Y;1;0 0.0022837199849368404
Y;1;1 0.0005675157468864019
Y;1;2 0.0
Y;1;3 0.0
Y;1;4 0.0002352700913740225
Y;1;5 0.0
Y;2;0 0.0
Y;2;1 0.0002352700913740225
Y;2;2 0.0
Y;2;3 3.378411282567399e-05
Y;2;4 0.0006085386980651927
Y;2;5 0.002682802503504021
Y;3;0 0.0
Y;3;1 7.951772992964249e-05
Y;3;2 0.0
Y;3;3 3.378411282567399e-05
Y;3;4 0.00019994794854468804
Y;3;5 0.0020208510500765177
Y;4;0 0.0
Y;4;1 0.0
Y;4;2 2.533808461925549e-05
Y;4;3 0.0
Y;4;4 0.000912808047097789
Y;4;5 0.0
Y;5;0 0.0
Y;5;1 0.0004103643030631133
Y;5;2 0.0
Y;5;3 5.067616923851098e-05
Y;5;4 0.0002446029593571479
Y;5;5 0.0
Y;6;0 0.0
Y;6;1 0.0011678637806049501
Y;6;2 0.0
Y;6;3 0.00017173095086373517
Y;6;4 0.00021087470008745356
Y;6;5 0.0
Y;7;0 0.0
Y;7;1 0.0
Y;7;2 9.290631027060347e-05
Y;7;3 0.0
Y;7;4 0.0015018262383811626
Y;7;5 0.0
Y;8;0 0.0
Y;8;1 0.0
Y;8;2 0.0
Y;8;3 5.067616923851098e-05
Y;8;4 0.00027985329942001476
Y;8;5 0.0
Y;9;0 0.0
Y;9;1 0.0004919044192504508
Y;9;2 0.0
Y;9;3 4.2230141032092486e-05
Y;9;4 0.00042469956764764195
Y;9;5 0.0
Y;10;0 0.0
Y;10;1 0.0007555096635669689
Y;10;2 0.0
Y;10;3 0.0001030385705182411
Y;10;4 0.00038245955103023894
Y;10;5 0.0
Y;11;0 0.0
Y;11;1 0.0
Y;11;2 0.0
Y;11;3 0.0
Y;11;4 0.0
Y;11;5 0.0
Y;12;0 0.0
Y;12;1 0.0009103934868490484
Y;12;2 4.2230141032092486e-05
Y;12;3 0.0
Y;12;4 0.0
Y;12;5 0.0
Y;13;0 0.0
Y;13;1 0.00039337576840313356
Y;13;2 0.0
Y;13;3 0.0
Y;13;4 0.000512354490253578
Y;13;5 0.0019165296495886096
Y;14;0 0.0
Y;14;1 0.0005358511736356725
Y;14;2 3.378411282567399e-05
Y;14;3 4.2230141032092486e-05
Y;14;4 0.0005098488771444828
Y;14;5 0.0019165296495886096
Y;15;0 0.0012006775153119258
Y;15;1 0.0002352700913740225
Y;15;2 2.533808461925549e-05
Y;15;3 7.685114724138509e-05
Y;15;4 0.0016791197965200884
Y;15;5 0.001742198750124383
Y;16;0 0.0
Y;16;1 0.0
Y;16;2 0.0
Y;16;3 3.378411282567399e-05
Y;16;4 0.0
Y;16;5 0.0
Y;17;0 0.0
Y;17;1 0.00023319764730937232
Y;17;2 0.0
Y;17;3 0.0
Y;17;4 0.0
Y;17;5 0.0
Y;18;0 0.0
Y;18;1 0.0
Y;18;2 0.0
Y;18;3 5.912219744492947e-05
Y;18;4 0.0005358511736356725
Y;18;5 0.0
Y;19;0 0.0
Y;19;1 0.000157707931927285
Y;19;2 0.0
Y;19;3 5.067616923851098e-05
Y;19;4 0.000599843845634064
Y;19;5 0.0013750084147761523
Z;0;0 0.0
Z;0;1 0.00023319764730937232
Z;0;2 0.0
Z;0;3 0.0
Z;0;4 0.0006373110964306035
Z;0;5 0.003378649312019391
Z;1;0 0.0
Z;1;1 0.00021087470008745356
Z;1;2 8.446028206418497e-05
Z;1;3 0.0
Z;1;4 0.0
Z;1;5 0.0
Z;2;0 0.0
Z;2;1 0.0009327905892374893
Z;2;2 8.446028206418497e-05
Z;2;3 0.0
Z;2;4 0.0
Z;2;5 0.0
Z;3;0 0.0
Z;3;1 0.000589981472811163
Z;3;2 0.0
Z;3;3 0.0
Z;3;4 0.00044391289234983896
Z;3;5 0.0
Z;4;0 0.0
Z;4;1 0.00027985329942001476
Z;4;2 0.0
Z;4;3 0.0
Z;4;4 0.0
Z;4;5 0.0
Z;5;0 0.0
Z;5;1 0.0005167175642541914
Z;5;2 5.912219744492947e-05
Z;5;3 0.0
Z;5;4 0.00017854249996022362
Z;5;5 0.0
Z;6;0 0.0
Z;6;1 0.0019195955307397218
Z;6;2 0.00017931934356323187
Z;6;3 0.0
Z;6;4 0.00014749536820279075
Z;6;5 0.0008582908505219609
Z;7;0 0.0
Z;7;1 0.001863116894226299
Z;7;2 0.0
Z;7;3 0.0
Z;7;4 0.0
Z;7;5 0.0
Z;8;0 0.0
Z;8;1 0.001071702347271345
Z;8;2 0.0
Z;8;3 3.378411282567399e-05
Z;8;4 0.0008758978354537127
Z;8;5 0.0
Z;9;0 0.0
Z;9;1 0.0003423866647899651
Z;9;2 0.00010135233847702197
Z;9;3 0.0
Z;9;4 0.0
Z;9;5 0.0
Z;10;0 0.002377724073834875
Z;10;1 0.0013396279340891814
Z;10;2 0.0002810882395716862
Z;10;3 3.4346190172747036e-05
Z;10;4 0.0
Z;10;5 0.0
Z;11;0 0.0
Z;11;1 0.0
Z;11;2 0.0
Z;11;3 0.00030740458896554035
Z;11;4 0.0
Z;11;5 0.0
Z;12;0 0.0
Z;12;1 0.0
Z;12;2 0.0
Z;12;3 0.0
Z;12;4 0.0
Z;12;5 0.0
Z;13;0 0.00182451165298206
Z;13;1 0.00035708499992044725
Z;13;2 0.0
Z;13;3 0.0
Z;13;4 0.0004317198077525537
Z;13;5 0.0
Z;14;0 0.0
Z;14;1 0.00021087470008745356
Z;14;2 0.0
Z;14;3 0.0
Z;14;4 0.00022195644617491948
Z;14;5 0.0
Z;15;0 0.0
Z;15;1 0.00027985329942001476
Z;15;2 0.0
Z;15;3 6.756822565134798e-05
Z;15;4 0.00026792558681783626
Z;15;5 0.0
Z;16;0 0.0
Z;16;1 0.0
Z;16;2 0.0
Z;16;3 0.0
Z;16;4 0.0
Z;16;5 0.0
Z;17;0 0.0
Z;17;1 0.0009784118374285915
Z;17;2 0.0
Z;17;3 0.0
Z;17;4 0.00016805576532573867
Z;17;5 0.0
Z;18;0 0.0
Z;18;1 0.0002748291663494753
Z;18;2 0.0
Z;18;3 0.0
Z;18;4 0.000256177245126789
Z;18;5 0.0
Z;19;0 0.0
Z;19;1 0.00026792558681783626
Z;19;2 0.0
Z;19;3 5.912219744492947e-05
Z;19;4 0.00027985329942001476
Z;19;5 0.0
W;0;0 0.0
W;0;1 0.0009784118374285915
W;0;2 0.0
W;0;3 0.0
W;0;4 0.00013741458317473765
W;0;5 0.0
W;1;0 0.0
W;1;1 0.0004317198077525537
W;1;2 0.00011889055191784432
W;1;3 0.0
W;1;4 0.0006335392314190069
W;1;5 0.002999572119213524
W;2;0 0.002682802503504021
W;2;1 0.0
W;2;2 0.0
W;2;3 0.00016984364559692047
W;2;4 0.0
W;2;5 0.0
W;3;0 0.0
W;3;1 0.00046639529461874464
W;3;2 1.6892056412836994e-05
W;3;3 0.0
W;3;4 0.0005396497596906921
W;3;5 0.0
W;4;0 0.0016677376721522545
W;4;1 0.0007338088780714435
W;4;2 0.0
W;4;3 0.0
W;4;4 0.000599843845634064
W;4;5 0.0
W;5;0 0.007082186708051963
W;5;1 0.0003688722520365911
W;5;2 1.6892056412836994e-05
W;5;3 0.0
W;5;4 0.0003998958970893761
W;5;5 0.0015997600338791059
W;6;0 0.0
W;6;1 0.00033611153065147734
W;6;2 3.378411282567399e-05
W;6;3 0.00011889055191784432
W;6;4 0.0012740987029429256
W;6;5 0.0
W;7;0 0.0
W;7;1 0.0010012174922541083
W;7;2 0.0
W;7;3 0.0
W;7;4 0.0015501526927625743
W;7;5 0.0
W;8;0 0.0
W;8;1 0.0013992664971000737
W;8;2 0.00017774825836977808
W;8;3 9.834394210078339e-05
W;8;4 0.0007867515368062671
W;8;5 0.0
W;9;0 0.0
W;9;1 0.0009884194429217452
W;9;2 0.0
W;9;3 0.0
W;9;4 0.0
W;9;5 0.0
W;10;0 0.0
W;10;1 0.0
W;10;2 2.5617049080461695e-05
W;10;3 0.0002810882395716862
W;10;4 0.0015213467451629817
W;10;5 0.0022132335122195465
W;11;0 0.0
W;11;1 0.0
W;11;2 0.0
W;11;3 7.601425385776648e-05
W;11;4 0.0
W;11;5 0.0
W;12;0 0.0
W;12;1 0.0007647733157167242
W;12;2 0.0
W;12;3 1.6892056412836994e-05
W;12;4 0.0007685317353803669
W;12;5 0.0
W;13;0 0.0
W;13;1 0.00026792558681783626
W;13;2 0.0
W;13;3 0.0
W;13;4 0.0
W;13;5 0.0
W;14;0 0.0
W;14;1 0.0004424861046083722
W;14;2 0.0
W;14;3 2.533808461925549e-05
W;14;4 0.00030426934903259636
W;14;5 0.0
W;15;0 0.0
W;15;1 0.00022195644617491948
W;15;2 6.756822565134798e-05
W;15;3 0.0
W;15;4 0.00031676961570950346
W;15;5 0.0
W;16;0 0.0
W;16;1 0.00046639529461874464
W;16;2 4.2230141032092486e-05
W;16;3 0.0
W;16;4 0.0008758978354537127
W;16;5 0.0
W;17;0 0.0
W;17;1 0.001024708980507156
W;17;2 0.0
W;17;3 0.0
W;17;4 0.0006085386980651927
W;17;5 0.0
W;18;0 0.0
W;18;1 0.0004771063795778549
W;18;2 0.0
W;18;3 0.0
W;18;4 0.0002446029593571479
W;18;5 0.0
W;19;0 0.0
W;19;1 0.0003294731476405818
W;19;2 5.912219744492947e-05
W;19;3 0.0
W;19;4 0.00018917191562880064
W;19;5 0.0
