X;0;0 0.0025596160542065696
X;0;1 0.00031991671767150085
X;0;2 0.0
X;0;3 0.0
X;0;4 0.00014219860669582244
X;0;5 0.0
X;1;0 0.0
X;1;1 0.0007102606277597423
X;1;2 5.405458052107838e-05
X;1;3 0.0
X;1;4 0.00031991671767150085
X;1;5 0.0
X;2;0 0.0
X;2;1 0.0002856679999363578
X;2;2 6.756822565134798e-05
X;2;3 2.702729026053919e-05
X;2;4 0.0007827294699428732
X;2;5 0.0
X;3;0 0.0
X;3;1 0.000188216073099218
X;3;2 8.108187078161757e-05
X;3;3 2.702729026053919e-05
X;3;4 0.000252332691083656
X;3;5 0.0
X;4;0 0.0
X;4;1 0.00031991671767150085
X;4;2 0.0
X;4;3 0.0
X;4;4 0.0
X;4;5 0.0
X;5;0 0.0
X;5;1 0.0
X;5;2 0.0
X;5;3 6.756822565134798e-05
X;5;4 0.0
X;5;5 0.0
X;6;0 0.0
X;6;1 0.0
X;6;2 0.0
X;6;3 0.0
X;6;4 0.00015735030736125342
X;6;5 0.0
X;7;0 0.0
X;7;1 0.0019852006424835194
X;7;2 0.00012296183558621612
X;7;3 0.0
X;7;4 0.0004265958200874673
X;7;5 0.0
X;8;0 0.0
X;8;1 0.000252332691083656
X;8;2 0.000586891476748111
X;8;3 0.000254456735774856
X;8;4 0.0002856679999363578
X;8;5 0.0
X;9;0 0.0
X;9;1 0.0004868309584521542
X;9;2 2.702729026053919e-05
X;9;3 0.0
X;9;4 0.0004671455122419801
X;9;5 0.0
X;10;0 0.0
X;10;1 0.0
X;10;2 2.702729026053919e-05
X;10;3 0.0
X;10;4 0.000188216073099218
X;10;5 0.0015459532839361587
X;11;0 0.0
X;11;1 0.002668380275443607
X;11;2 0.0004719851782489304
X;11;3 5.405458052107838e-05
X;11;4 0.0002072350450314357
X;11;5 0.0
X;12;0 0.0
X;12;1 0.001229650776608587
X;12;2 2.702729026053919e-05
X;12;3 0.0
X;12;4 0.0002359925891244652
X;12;5 0.0
X;13;0 0.0
X;13;1 0.001013662770270411
X;13;2 0.0
X;13;3 0.0
X;13;4 0.00034537584620204293
X;13;5 0.0
X;14;0 0.0
X;14;1 0.00040988359220286237
X;14;2 4.0540935390808783e-05
X;14;3 0.0
X;14;4 0.0008197671844057247
X;14;5 0.0
X;15;0 0.0
X;15;1 0.000188216073099218
X;15;2 8.152494988652182e-05
X;15;3 8.108187078161757e-05
X;15;4 0.0
X;15;5 0.0
X;16;0 0.0
X;16;1 0.0
X;16;2 1.3513645130269595e-05
X;16;3 0.0
X;16;4 0.0014014365367259402
X;16;5 0.0
X;17;0 0.0
X;17;1 0.00031991671767150085
X;17;2 0.0
X;17;3 0.0
X;17;4 0.001013662770270411
X;17;5 0.0
X;18;0 0.0
X;18;1 0.0
X;18;2 0.0
X;18;3 0.0
X;18;4 0.0008570039998090733
X;18;5 0.0
X;19;0 0.0
X;19;1 0.000302675065006081
X;19;2 0.0
X;19;3 6.756822565134798e-05
X;19;4 0.0007102606277597423
X;19;5 0.0
Y;0;0 0.0
Y;0;1 0.0
Y;0;2 0.0
Y;0;3 0.0
Y;0;4 0.000428680938908538
Y;0;5 0.0
Y;1;0 0.0
Y;1;1 0.000302675065006081
Y;1;2 0.0
Y;1;3 0.0
Y;1;4 0.000564648219297654
Y;1;5 0.0
Y;2;0 0.0
Y;2;1 0.000376432146198436
Y;2;2 0.0
Y;2;3 2.702729026053919e-05
Y;2;4 0.0004868309584521542
Y;2;5 0.0
Y;3;0 0.0
Y;3;1 0.000127228367887428
Y;3;2 0.0
Y;3;3 2.702729026053919e-05
Y;3;4 0.00031991671767150085
Y;3;5 0.0
Y;4;0 0.0
Y;4;1 0.001210700260024324
Y;4;2 4.0540935390808783e-05
Y;4;3 0.0
Y;4;4 0.0004868309584521542
Y;4;5 0.0
Y;5;0 0.0
Y;5;1 0.0
Y;5;2 0.0
Y;5;3 8.108187078161757e-05
Y;5;4 0.0003913647349714366
Y;5;5 0.0
Y;6;0 0.0
Y;6;1 0.0004671455122419801
Y;6;2 0.0
Y;6;3 0.00032972342565837153
Y;6;4 0.0
Y;6;5 0.0
Y;7;0 0.0
Y;7;1 0.001023784283061185
Y;7;2 6.756822565134798e-05
Y;7;3 0.0
Y;7;4 0.0008009739938032867
Y;7;5 0.0
Y;8;0 0.0
Y;8;1 0.0009736619169043084
Y;8;2 0.0
Y;8;3 1.3513645130269595e-05
Y;8;4 0.0004477652790720236
Y;8;5 0.0
Y;9;0 0.0034260500299065012
Y;9;1 0.00022487059165734896
Y;9;2 0.0
Y;9;3 4.0540935390808783e-05
Y;9;4 0.0
Y;9;5 0.0
Y;10;0 0.0
Y;10;1 0.00017268792310102147
Y;10;2 0.0
Y;10;3 0.00038467732993476683
Y;10;4 0.0006119352816483822
Y;10;5 0.0
Y;11;0 0.0
Y;11;1 0.0029132591579169548
Y;11;2 0.0
Y;11;3 0.0
Y;11;4 0.0
Y;11;5 0.0
Y;12;0 0.0
Y;12;1 0.0014566295789584774
Y;12;2 9.459551591188717e-05
Y;12;3 0.0
Y;12;4 0.0
Y;12;5 0.0
Y;13;0 0.0
Y;13;1 0.0
Y;13;2 0.0
Y;13;3 0.0
Y;13;4 0.0
Y;13;5 0.0
Y;14;0 0.0
Y;14;1 0.000857361877817076
Y;14;2 2.702729026053919e-05
Y;14;3 5.405458052107838e-05
Y;14;4 0.00040787910171558625
Y;14;5 0.0
Y;15;0 0.0
Y;15;1 0.000188216073099218
Y;15;2 1.3513645130269595e-05
Y;15;3 0.00020493639264369356
Y;15;4 0.0013432958372160708
Y;15;5 0.0
Y;16;0 0.0
Y;16;1 0.0
Y;16;2 0.0
Y;16;3 8.108187078161757e-05
Y;16;4 0.004242757918091627
Y;16;5 0.0
Y;17;0 0.0
Y;17;1 0.0003731162356949957
Y;17;2 0.0
Y;17;3 0.0
Y;17;4 0.000504665382167312
Y;17;5 0.0
Y;18;0 0.0
Y;18;1 0.0003373995201399257
Y;18;2 0.0
Y;18;3 5.405458052107838e-05
Y;18;4 0.0
Y;18;5 0.0
Y;19;0 0.0
Y;19;1 0.000252332691083656
Y;19;2 0.0
Y;19;3 5.405458052107838e-05
Y;19;4 0.0009597501530145025
Y;19;5 0.0
Z;0;0 0.0
Z;0;1 0.0003731162356949957
Z;0;2 0.0
Z;0;3 0.0
Z;0;4 0.00020393955085779312
Z;0;5 0.0
Z;1;0 0.0
Z;1;1 0.0003373995201399257
Z;1;2 6.756822565134798e-05
Z;1;3 0.0
Z;1;4 0.00035513031387987115
Z;1;5 0.0
Z;2;0 0.0
Z;2;1 0.0007462324713899914
Z;2;2 4.0540935390808783e-05
Z;2;3 0.0
Z;2;4 0.0004671455122419801
Z;2;5 0.0
Z;3;0 0.0
Z;3;1 0.0002359925891244652
Z;3;2 0.0
Z;3;3 0.0
Z;3;4 0.0
Z;3;5 0.0
Z;4;0 0.0
Z;4;1 0.0004477652790720236
Z;4;2 0.0
Z;4;3 0.0
Z;4;4 0.0014924649427799828
Z;4;5 0.0
Z;5;0 0.0
Z;5;1 0.0008267481028067063
Z;5;2 2.702729026053919e-05
Z;5;3 0.0
Z;5;4 0.0005713359998727156
Z;5;5 0.0
Z;6;0 0.0
Z;6;1 0.001023784283061185
Z;6;2 0.00024592367117243224
Z;6;3 0.0
Z;6;4 0.0002359925891244652
Z;6;5 0.0
Z;7;0 0.0
Z;7;1 0.0009936623435873595
Z;7;2 0.0
Z;7;3 0.0
Z;7;4 0.004886257158319211
Z;7;5 0.0
Z;8;0 0.0
Z;8;1 0.000857361877817076
Z;8;2 0.0
Z;8;3 1.3513645130269595e-05
Z;8;4 0.0004671455122419801
Z;8;5 0.0
Z;9;0 0.0
Z;9;1 0.0010956373273278883
Z;9;2 6.756822565134798e-05
Z;9;3 0.0
Z;9;4 0.0007462324713899914
Z;9;5 0.0
Z;10;0 0.0
Z;10;1 0.0
Z;10;2 0.00011243529582867448
Z;10;3 0.0004945851384875573
Z;10;4 0.0
Z;10;5 0.0
Z;11;0 0.0
Z;11;1 0.003456305926908868
Z;11;2 0.0
Z;11;3 8.197455705747743e-05
Z;11;4 0.0
Z;11;5 0.0
Z;12;0 0.0
Z;12;1 0.0
Z;12;2 0.0
Z;12;3 0.0
Z;12;4 0.0
Z;12;5 0.0
Z;13;0 0.0
Z;13;1 0.0005713359998727156
Z;13;2 0.0
Z;13;3 0.0
Z;13;4 0.0
Z;13;5 0.0
Z;14;0 0.0
Z;14;1 0.0006747990402798514
Z;14;2 0.0
Z;14;3 0.0
Z;14;4 0.00035513031387987115
Z;14;5 0.0
Z;15;0 0.002668380275443607
Z;15;1 0.0
Z;15;2 0.0
Z;15;3 6.756822565134798e-05
Z;15;4 0.001286042816725614
Z;15;5 0.0
Z;16;0 0.0
Z;16;1 0.0
Z;16;2 0.0
Z;16;3 0.0
Z;16;4 0.0014566295789584774
Z;16;5 0.0
Z;17;0 0.0
Z;17;1 0.0003913647349714366
Z;17;2 0.0
Z;17;3 0.0
Z;17;4 0.0005377784490423638
Z;17;5 0.0
Z;18;0 0.0
Z;18;1 0.00021986333307958024
Z;18;2 0.0
Z;18;3 0.0
Z;18;4 0.0
Z;18;5 0.0
Z;19;0 0.0
Z;19;1 0.000428680938908538
Z;19;2 0.0
Z;19;3 6.756822565134798e-05
Z;19;4 0.0013432958372160708
Z;19;5 0.0
W;0;0 0.0
W;0;1 0.0003913647349714366
W;0;2 0.0
W;0;3 0.0
W;0;4 0.00021986333307958024
W;0;5 0.0
W;1;0 0.0
W;1;1 0.00017268792310102147
W;1;2 0.00013587491647753638
W;1;3 0.0
W;1;4 0.0005068313851352055
W;1;5 0.0
W;2;0 0.0
W;2;1 0.0
W;2;2 0.0
W;2;3 8.152494988652182e-05
W;2;4 0.0003913647349714366
W;2;5 0.0
W;3;0 0.0
W;3;1 0.0
W;3;2 5.405458052107838e-05
W;3;3 0.0
W;3;4 0.00017268792310102147
W;3;5 0.0
W;4;0 0.0
W;4;1 0.0
W;4;2 0.0
W;4;3 0.0
W;4;4 0.00031991671767150085
W;4;5 0.0
W;5;0 0.0
W;5;1 0.0005901956032585457
W;5;2 4.0540935390808783e-05
W;5;3 0.0
W;5;4 0.0
W;5;5 0.0
W;6;0 0.0
W;6;1 0.0002688892245211819
W;6;2 2.702729026053919e-05
W;6;3 0.00016304989977304363
W;6;4 0.0006795193082362271
W;6;5 0.0
W;7;0 0.0
W;7;1 0.0016019479876065734
W;7;2 0.0
W;7;3 0.0
W;7;4 0.0008267481028067063
W;7;5 0.0
W;8;0 0.0
W;8;1 0.0004477652790720236
W;8;2 0.0009953902468707572
W;8;3 0.00015735030736125342
W;8;4 0.00015735030736125342
W;8;5 0.0
W;9;0 0.0
W;9;1 0.0
W;9;2 0.0
W;9;3 0.0
W;9;4 0.0007827294699428732
W;9;5 0.0
W;10;0 0.0
W;10;1 0.010668635903535293
W;10;2 4.0987278528738714e-05
W;10;3 0.00011243529582867448
W;10;4 0.0
W;10;5 0.0
W;11;0 0.0
W;11;1 0.0
W;11;2 0.0
W;11;3 9.459551591188717e-05
W;11;4 0.001693182078506638
W;11;5 0.0
W;12;0 0.0
W;12;1 0.00020393955085779312
W;12;2 0.0
W;12;3 2.702729026053919e-05
W;12;4 0.001229650776608587
W;12;5 0.0
W;13;0 0.0
W;13;1 0.000857361877817076
W;13;2 0.0
W;13;3 0.0
W;13;4 0.0004868309584521542
W;13;5 0.0
W;14;0 0.0
W;14;1 0.0004719851782489304
W;14;2 0.0
W;14;3 4.0540935390808783e-05
W;14;4 0.0
W;14;5 0.0
W;15;0 0.0
W;15;1 0.0010653909416396133
W;15;2 6.756822565134798e-05
W;15;3 0.0
W;15;4 0.0
W;15;5 0.0022806866150638077
W;16;0 0.0
W;16;1 0.0
W;16;2 1.3513645130269595e-05
W;16;3 0.0
W;16;4 0.0014014365367259402
W;16;5 0.0
W;17;0 0.0
W;17;1 0.0
W;17;2 0.0
W;17;3 0.0
W;17;4 0.0004868309584521542
W;17;5 0.0
W;18;0 0.0
W;18;1 0.000127228367887428
W;18;2 0.0
W;18;3 0.0
W;18;4 0.0
W;18;5 0.0
W;19;0 0.0
W;19;1 0.0015814711086747923
W;19;2 6.756822565134798e-05
W;19;3 0.0
W;19;4 0.000302675065006081
W;19;5 0.0
