X;0;0 0.0
X;0;1 0.0004921795656484629
X;0;2 0.0
X;0;3 0.0
X;0;4 0.00021876708722434222
X;0;5 0.0
X;1;0 0.0
X;1;1 0.0006829429113074445
X;1;2 3.638289073534122e-05
X;1;3 0.0
X;1;4 0.00024608978282423144
X;1;5 0.0009103568093932681
X;2;0 0.0007895325650274478
X;2;1 0.0004394892306713197
X;2;2 3.638289073534122e-05
X;2;3 5.1975558193344604e-05
X;2;4 0.0004515746941978115
X;2;5 0.0008461590244776321
X;3;0 0.0
X;3;1 0.00028956318938341233
X;3;2 2.079022327733784e-05
X;3;3 5.1975558193344604e-05
X;3;4 0.0007764082802574031
X;3;5 0.0
X;4;0 0.0010263001059398489
X;4;1 0.0004921795656484629
X;4;2 0.0
X;4;3 0.0
X;4;4 0.00024608978282423144
X;4;5 0.0010721223077688512
X;5;0 0.0
X;5;1 0.0008427979440983756
X;5;2 0.0
X;5;3 4.677800237401014e-05
X;5;4 0.0013645460369024764
X;5;5 0.0
X;6;0 0.0
X;6;1 0.00027034018250054527
X;6;2 0.0
X;6;3 0.0
X;6;4 0.00036311609391058485
X;6;5 0.0
X;7;0 0.0
X;7;1 0.0
X;7;2 4.729301368700621e-05
X;7;3 0.0
X;7;4 0.0004922259462547701
X;7;5 0.001302447752697414
X;8;0 0.0033683292055053417
X;8;1 0.00029115310509652615
X;8;2 0.00041383373360443724
X;8;3 0.00029360392589406457
X;8;4 0.00032961692300348974
X;8;5 0.0
X;9;0 0.0
X;9;1 0.0003744853526555032
X;9;2 3.118533491600676e-05
X;9;3 0.0
X;9;4 0.0
X;9;5 0.0
X;10;0 0.0
X;10;1 0.0005740249779923011
X;10;2 3.638289073534122e-05
X;10;3 0.0
X;10;4 0.0007962987708043839
X;10;5 0.0
X;11;0 0.0
X;11;1 0.0
X;11;2 0.00018153276086497322
X;11;3 8.835844892868582e-05
X;11;4 0.00018598016861795513
X;11;5 0.0
X;12;0 0.0
X;12;1 0.0007882376773131969
X;12;2 6.237066983201352e-05
X;12;3 0.0
X;12;4 0.0
X;12;5 0.0
X;13;0 0.0
X;13;1 0.0003898702962578504
X;13;2 0.0
X;13;3 0.0
X;13;4 0.00026567372784772536
X;13;5 0.0
X;14;0 0.0
X;14;1 0.0001576475354626394
X;14;2 3.118533491600676e-05
X;14;3 0.0
X;14;4 0.0014188278191637543
X;14;5 0.0
X;15;0 0.0
X;15;1 0.00021717239203755925
X;15;2 9.406724986906365e-05
X;15;3 5.1975558193344604e-05
X;15;4 0.0006595091367823662
X;15;5 0.0
X;16;0 0.0
X;16;1 0.0007175312224903764
X;16;2 5.1975558193344604e-05
X;16;3 0.0
X;16;4 0.0007186854034492002
X;16;5 0.0
X;17;0 0.0
X;17;1 0.00012304489141211572
X;17;2 0.0
X;17;3 0.0
X;17;4 0.0
X;17;5 0.0
X;18;0 0.0
X;18;1 0.0
X;18;2 0.0
X;18;3 0.0
X;18;4 0.00032961692300348974
X;18;5 0.0
X;19;0 0.0
X;19;1 0.0006984809192448024
X;19;2 0.0
X;19;3 3.118533491600676e-05
X;19;4 0.00040976574678446676
X;19;5 0.0
Y;0;0 0.0
Y;0;1 0.0003893071386229912
Y;0;2 0.0
Y;0;3 0.0
Y;0;4 0.0004946318525867747
Y;0;5 0.0
Y;1;0 0.0014053661445765173
Y;1;1 0.00023282697308160078
Y;1;2 0.0
Y;1;3 0.0
Y;1;4 0.00036195398672926544
Y;1;5 0.0
Y;2;0 0.0007388784709611851
Y;2;1 0.00028956318938341233
Y;2;2 0.0
Y;2;3 4.158044655467568e-05
Y;2;4 0.0005617280289832548
Y;2;5 0.0016509553867717051
Y;3;0 0.0
Y;3;1 0.00019573595059604307
Y;3;2 0.0
Y;3;3 6.237066983201352e-05
Y;3;4 0.0004921795656484629
Y;3;5 0.0
Y;4;0 0.0
Y;4;1 0.0003492404596224012
Y;4;2 3.118533491600676e-05
Y;4;3 0.0
Y;4;4 0.0005617280289832548
Y;4;5 0.0010263001059398489
Y;5;0 0.0
Y;5;1 0.0
Y;5;2 0.0
Y;5;3 0.00010395111638668921
Y;5;4 0.0006020995922637486
Y;5;5 0.0
Y;6;0 0.0
Y;6;1 0.0
Y;6;2 0.0
Y;6;3 0.00035931398949950744
Y;6;4 0.0007786142772459824
Y;6;5 0.0
Y;7;0 0.0
Y;7;1 0.0003937631857927635
Y;7;2 4.677800237401014e-05
Y;7;3 0.0
Y;7;4 0.0009242007620807155
Y;7;5 0.0011227764018351138
Y;8;0 0.0
Y;8;1 0.0005617280289832548
Y;8;2 0.0
Y;8;3 6.756822565134798e-05
Y;8;4 0.0006888696601108056
Y;8;5 0.0011227764018351138
Y;9;0 0.0
Y;9;1 0.00012973303364847055
Y;9;2 0.0
Y;9;3 5.1975558193344604e-05
Y;9;4 0.0013067679004542829
Y;9;5 0.0009844677131563729
Y;10;0 0.0010721223077688512
Y;10;1 0.00026567372784772536
Y;10;2 0.0
Y;10;3 0.00014795281920567955
Y;10;4 0.00188287778968733
Y;10;5 0.0
Y;11;0 0.0
Y;11;1 0.0005602421457532606
Y;11;2 0.0
Y;11;3 0.0
Y;11;4 0.0
Y;11;5 0.0
Y;12;0 0.0
Y;12;1 0.0
Y;12;2 4.158044655467568e-05
Y;12;3 0.0
Y;12;4 0.0
Y;12;5 0.0
Y;13;0 0.0
Y;13;1 0.00036311609391058485
Y;13;2 0.0
Y;13;3 0.0
Y;13;4 0.0006305901418505576
Y;13;5 0.0
Y;14;0 0.0
Y;14;1 0.0016487728419559155
Y;14;2 3.638289073534122e-05
Y;14;3 4.158044655467568e-05
Y;14;4 7.84382887914589e-05
Y;14;5 0.0
Y;15;0 0.0
Y;15;1 0.00028956318938341233
Y;15;2 4.677800237401014e-05
Y;15;3 0.00014187904106101863
Y;15;4 0.0006888696601108056
Y;15;5 0.0
Y;16;0 0.0
Y;16;1 0.0
Y;16;2 0.0
Y;16;3 3.638289073534122e-05
Y;16;4 0.0
Y;16;5 0.0
Y;17;0 0.0010721223077688512
Y;17;1 0.0005740249779923011
Y;17;2 0.0
Y;17;3 0.0
Y;17;4 0.00019410207006435078
Y;17;5 0.0
Y;18;0 0.0
Y;18;1 0.0002595380924153275
Y;18;2 0.0
Y;18;3 7.276578147068243e-05
Y;18;4 0.0
Y;18;5 0.0
Y;19;0 0.0
Y;19;1 0.0005823062101930523
Y;19;2 0.0
Y;19;3 3.118533491600676e-05
Y;19;4 0.00036913467423634717
Y;19;5 0.0
Z;0;0 0.0
Z;0;1 0.00014350624449807527
Z;0;2 0.0
Z;0;3 0.0
Z;0;4 0.0001568765775829178
Z;0;5 0.0
Z;1;0 0.0
Z;1;1 0.0002595380924153275
Z;1;2 5.717311401267906e-05
Z;1;3 0.0
Z;1;4 0.0002731771645229778
Z;1;5 0.0
Z;2;0 0.0
Z;2;1 0.0012915562004826775
Z;2;2 3.638289073534122e-05
Z;2;3 0.0
Z;2;4 0.0007186854034492002
Z;2;5 0.0
Z;3;0 0.0
Z;3;1 0.00036306552172994644
Z;3;2 0.0
Z;3;3 0.0
Z;3;4 0.001639062987137867
Z;3;5 0.0
Z;4;0 0.0010721223077688512
Z;4;1 0.0005166522450831041
Z;4;2 0.0
Z;4;3 0.0
Z;4;4 0.0004305187334942258
Z;4;5 0.0
Z;5;0 0.0
Z;5;1 0.0
Z;5;2 1.039511163866892e-05
Z;5;3 0.0
Z;5;4 0.0010987230766782991
Z;5;5 0.0
Z;6;0 0.0
Z;6;1 0.0011812895573782905
Z;6;2 0.00018917205474802484
Z;6;3 0.0
Z;6;4 0.00027229914129745983
Z;6;5 0.0
Z;7;0 0.0033019107735434102
Z;7;1 0.004968311717936798
Z;7;2 0.0
Z;7;3 0.0
Z;7;4 0.0
Z;7;5 0.0
Z;8;0 0.0
Z;8;1 0.0004946318525867747
Z;8;2 0.0
Z;8;3 6.756822565134798e-05
Z;8;4 0.0007186854034492002
Z;8;5 0.0009844677131563729
Z;9;0 0.0
Z;9;1 0.0008427979440983756
Z;9;2 6.756822565134798e-05
Z;9;3 0.0
Z;9;4 0.00014350624449807527
Z;9;5 0.0
Z;10;0 0.0026825604935572954
Z;10;1 0.0004946318525867747
Z;10;2 0.00017297737819796074
Z;10;3 8.454446811753117e-05
Z;10;4 0.002308451890342408
Z;10;5 0.0
Z;11;0 0.0
Z;11;1 0.0008862322889509919
Z;11;2 0.0
Z;11;3 3.1528675791337475e-05
Z;11;4 0.0
Z;11;5 0.0
Z;12;0 0.0
Z;12;1 0.0006315979174447381
Z;12;2 0.0
Z;12;3 0.0
Z;12;4 0.0025263916697789526
Z;12;5 0.0
Z;13;0 0.0
Z;13;1 0.00032961692300348974
Z;13;2 0.0
Z;13;3 0.0
Z;13;4 0.00039851059177158804
Z;13;5 0.0
Z;14;0 0.0
Z;14;1 0.00012976904620766374
Z;14;2 0.0
Z;14;3 0.0
Z;14;4 0.00040976574678446676
Z;14;5 0.0
Z;15;0 0.0
Z;15;1 0.0010333044901662083
Z;15;2 0.0
Z;15;3 3.638289073534122e-05
Z;15;4 0.0006595091367823662
Z;15;5 0.0
Z;16;0 0.0
Z;16;1 0.0
Z;16;2 0.0
Z;16;3 0.0
Z;16;4 0.0
Z;16;5 0.0
Z;17;0 0.0011227764018351138
Z;17;1 0.0004515746941978115
Z;17;2 0.0
Z;17;3 0.0
Z;17;4 0.0003102567975244406
Z;17;5 0.0
Z;18;0 0.0010721223077688512
Z;18;1 0.0004228141020761159
Z;18;2 0.0
Z;18;3 0.0
Z;18;4 0.0009458852127758363
Z;18;5 0.0
Z;19;0 0.0
Z;19;1 0.001154140989369141
Z;19;2 0.0
Z;19;3 3.638289073534122e-05
Z;19;4 0.0005166522450831041
Z;19;5 0.0012436006462009342
W;0;0 0.0
W;0;1 0.0006020995922637486
W;0;2 0.0
W;0;3 0.0
W;0;4 0.00016912564083044636
W;0;5 0.0
W;1;0 0.0
W;1;1 0.00013283686392386268
W;1;2 0.00010451916652118183
W;1;3 0.0
W;1;4 0.0007797405925157008
W;1;5 0.0
W;2;0 0.0
W;2;1 0.0
W;2;2 0.0
W;2;3 0.0001254229998254182
W;2;4 0.0004515746941978115
W;2;5 0.0
W;3;0 0.0
W;3;1 0.001004543711486527
W;3;2 4.158044655467568e-05
W;3;3 0.0
W;3;4 0.0003320921598096567
W;3;5 0.0009844677131563729
W;4;0 0.0010263001059398489
W;4;1 0.0003010497961318743
W;4;2 0.0
W;4;3 0.0
W;4;4 0.0004921795656484629
W;4;5 0.0010263001059398489
W;5;0 0.0
W;5;1 0.0006809949268367835
W;5;2 6.237066983201352e-05
W;5;3 0.0
W;5;4 0.0004921795656484629
W;5;5 0.0
W;6;0 0.0
W;6;1 0.0
W;6;2 5.1975558193344604e-05
W;6;3 0.00010451916652118183
W;6;4 0.0010454143203634263
W;6;5 0.0028107322891530347
W;7;0 0.00184589053490063
W;7;1 0.0009242007620807155
W;7;2 0.0
W;7;3 0.0
W;7;4 0.0003179800395410409
W;7;5 0.0
W;8;0 0.002953403139469119
W;8;1 0.0006888696601108056
W;8;2 0.0005469177180608556
W;8;3 0.00036311609391058485
W;8;4 0.00018155804695529242
W;8;5 0.0
W;9;0 0.0
W;9;1 0.00202752706240358
W;9;2 0.0
W;9;3 0.0
W;9;4 0.0003010497961318743
W;9;5 0.0
W;10;0 0.0
W;10;1 0.001025830375339932
W;10;2 9.458602737401242e-05
W;10;3 0.00017297737819796074
W;10;4 0.0005617280289832548
W;10;5 0.0024969813984015397
W;11;0 0.0
W;11;1 0.0
W;11;2 0.0
W;11;3 9.355600474802028e-05
W;11;4 0.0
W;11;5 0.0
W;12;0 0.0
W;12;1 0.0
W;12;2 0.0
W;12;3 6.237066983201352e-05
W;12;4 0.0007882376773131969
W;12;5 0.0
W;13;0 0.0
W;13;1 0.00016487728419559155
W;13;2 0.0
W;13;3 0.0
W;13;4 0.0001872426763277516
W;13;5 0.0
W;14;0 0.0
W;14;1 0.00018153276086497322
W;14;2 0.0
W;14;3 8.316089310935136e-05
W;14;4 0.0001872426763277516
W;14;5 0.0
W;15;0 0.0
W;15;1 0.0005463543290459556
W;15;2 3.638289073534122e-05
W;15;3 0.0
W;15;4 0.0011696108887735512
W;15;5 0.0
W;16;0 0.0
W;16;1 0.0007175312224903764
W;16;2 5.1975558193344604e-05
W;16;3 0.0
W;16;4 0.0007186854034492002
W;16;5 0.0
W;17;0 0.0
W;17;1 0.0009458852127758363
W;17;2 0.0
W;17;3 0.0
W;17;4 0.0001872426763277516
W;17;5 0.0
W;18;0 0.0011794028612852983
W;18;1 0.00024466993824505385
W;18;2 0.0
W;18;3 0.0
W;18;4 0.0007526244903296857
W;18;5 0.0
W;19;0 0.0010721223077688512
W;19;1 0.0006082581187210741
W;19;2 3.118533491600676e-05
W;19;3 0.0
W;19;4 0.0008148944057856027
W;19;5 0.0
