X;0;0 0.0023269236856423357
X;0;1 0.0005816667594027288
X;0;2 0.0
X;0;3 0.0
X;0;4 0.00012927146063256587
X;0;5 0.0007453220210953482
X;1;0 0.0
X;1;1 0.00021523049326052797
X;1;2 1.6380175915478296e-05
X;1;3 0.0
X;1;4 0.00048472229950227404
X;1;5 0.0007172508195219687
X;2;0 0.0
X;2;1 0.00017313212117355017
X;2;2 2.866530785208702e-05
X;2;3 5.733061570417404e-05
X;2;4 0.0011859537423376866
X;2;5 0.0
X;3;0 0.0011072581745148317
X;3;1 0.0002851758683321485
X;3;2 2.047521989434787e-05
X;3;3 7.371079161965234e-05
X;3;4 7.646445184353212e-05
X;3;5 0.001931120623973909
X;4;0 0.0008086000834677598
X;4;1 0.0011633335188054577
X;4;2 0.0
X;4;3 0.0
X;4;4 0.0002908333797013644
X;4;5 0.0008447024243027312
X;5;0 0.0
X;5;1 0.0003320113113114813
X;5;2 0.0
X;5;3 7.371079161965234e-05
X;5;4 0.0007679263411139477
X;5;5 0.0
X;6;0 0.0
X;6;1 0.0008519811812138395
X;6;2 0.0
X;6;3 0.0
X;6;4 0.00028609146792955164
X;6;5 0.0004285614058678411
X;7;0 0.0
X;7;1 0.0006015759522677331
X;7;2 0.00012420387432951125
X;7;3 0.0
X;7;4 0.00021545243438760977
X;7;5 0.0
X;8;0 0.0
X;8;1 0.001988075747931835
X;8;2 0.0
X;8;3 3.855405087497818e-05
X;8;4 0.00025969818176032526
X;8;5 0.002151752458565906
X;9;0 0.0
X;9;1 0.00014752453286428913
X;9;2 2.4570263873217446e-05
X;9;3 0.0
X;9;4 0.002831184922678667
X;9;5 0.0
X;10;0 0.0
X;10;1 0.0003391965779045415
X;10;2 2.866530785208702e-05
X;10;3 0.0
X;10;4 0.000570351736664297
X;10;5 0.004216236228916796
X;11;0 0.0
X;11;1 0.0
X;11;2 0.00014302581159058496
X;11;3 1.6380175915478296e-05
X;11;4 0.00010466416415729076
X;11;5 0.008143761930532019
X;12;0 0.0
X;12;1 0.0007452428949142951
X;12;2 6.552070366191318e-05
X;12;3 0.0
X;12;4 0.0002860516231811699
X;12;5 0.0
X;13;0 0.0
X;13;1 0.0
X;13;2 0.0
X;13;3 0.0
X;13;4 0.00036630771566883346
X;13;5 0.0
X;14;0 0.0
X;14;1 0.0009936571932190603
X;14;2 2.047521989434787e-05
X;14;3 0.0
X;14;4 0.0002484142983047651
X;14;5 0.0
X;15;0 0.0
X;15;1 5.70351736664297e-05
X;15;2 9.058327765169091e-05
X;15;3 7.780583559852191e-05
X;15;4 0.0002598066296415382
X;15;5 0.0
X;16;0 0.0
X;16;1 0.00045226210387272204
X;16;2 6.142565968304361e-05
X;16;3 0.0
X;16;4 0.00014155924613393336
X;16;5 0.0
X;17;0 0.0013007527289716464
X;17;1 0.0005816667594027288
X;17;2 0.0
X;17;3 0.0
X;17;4 0.0
X;17;5 0.0
X;18;0 0.0
X;18;1 0.0012779564514543778
X;18;2 0.0
X;18;3 0.0
X;18;4 0.00025969818176032526
X;18;5 0.0
X;19;0 0.002000012239674403
X;19;1 0.0006420380166795658
X;19;2 0.0
X;19;3 3.685539580982617e-05
X;19;4 0.0
X;19;5 0.0
Y;0;0 0.0
Y;0;1 0.00020448455766056102
Y;0;2 0.0
Y;0;3 0.0
Y;0;4 0.0
Y;0;5 0.0
Y;1;0 0.0
Y;1;1 0.00036687886667403756
Y;1;2 0.0
Y;1;3 0.0
Y;1;4 0.0002281406946657188
Y;1;5 0.0
Y;2;0 0.0
Y;2;1 0.0002851758683321485
Y;2;2 0.0
Y;2;3 4.504548376756532e-05
Y;2;4 0.0007376226643214457
Y;2;5 0.0
Y;3;0 0.0008846117105367564
Y;3;1 0.00023132430524986904
Y;3;2 0.0
Y;3;3 7.371079161965234e-05
Y;3;4 0.00019388891980090962
Y;3;5 0.0009798065697340693
Y;4;0 0.0
Y;4;1 0.00027515915000552815
Y;4;2 8.190087957739148e-05
Y;4;3 0.0
Y;4;4 0.00014752453286428913
Y;4;5 0.0
Y;5;0 0.0
Y;5;1 0.0
Y;5;2 0.0
Y;5;3 0.00011056618742947851
Y;5;4 0.00023719074846753732
Y;5;5 0.0
Y;6;0 0.0
Y;6;1 0.0005662369845357334
Y;6;2 0.0
Y;6;3 0.00014987428439016887
Y;6;4 0.0007156959518119636
Y;6;5 0.0
Y;7;0 0.0
Y;7;1 0.0
Y;7;2 1.6380175915478296e-05
Y;7;3 0.0
Y;7;4 0.00024271939206160203
Y;7;5 0.0
Y;8;0 0.0
Y;8;1 0.0
Y;8;2 0.0
Y;8;3 1.2285131936608723e-05
Y;8;4 0.000542745792814574
Y;8;5 0.0
Y;9;0 0.0
Y;9;1 0.00017035650883132495
Y;9;2 0.0
Y;9;3 3.276035183095659e-05
Y;9;4 0.0020591494188976576
Y;9;5 0.004653847371284671
Y;10;0 0.0
Y;10;1 0.0003139780420018572
Y;10;2 0.0
Y;10;3 8.32634913278716e-05
Y;10;4 0.0018543493383284312
Y;10;5 0.0037323357619479347
Y;11;0 0.0
Y;11;1 0.00044140290271469013
Y;11;2 0.0
Y;11;3 0.0
Y;11;4 0.0
Y;11;5 0.0
Y;12;0 0.0
Y;12;1 0.0017656116108587605
Y;12;2 9.009096753513064e-05
Y;12;3 0.0
Y;12;4 0.0003811511244458691
Y;12;5 0.0
Y;13;0 0.0
Y;13;1 0.0001907276452863678
Y;13;2 0.0
Y;13;3 0.0
Y;13;4 0.0014904857898285903
Y;13;5 0.0
Y;14;0 0.0011072581745148317
Y;14;1 0.0009093232037453838
Y;14;2 5.733061570417404e-05
Y;14;3 2.866530785208702e-05
Y;14;4 0.00024719945558520376
Y;14;5 0.0
Y;15;0 0.0
Y;15;1 5.70351736664297e-05
Y;15;2 2.047521989434787e-05
Y;15;3 0.00031050968582377813
Y;15;4 0.000271372896407287
Y;15;5 0.0
Y;16;0 0.0
Y;16;1 0.0
Y;16;2 0.0
Y;16;3 8.190087957739148e-05
Y;16;4 0.0008571228117356822
Y;16;5 0.0
Y;17;0 0.003378809697210925
Y;17;1 0.0005653276298409025
Y;17;2 0.0
Y;17;3 0.0
Y;17;4 0.00022939335553059635
Y;17;5 0.0
Y;18;0 0.0
Y;18;1 0.00020448455766056102
Y;18;2 0.0
Y;18;3 6.552070366191318e-05
Y;18;4 0.0010392265185661528
Y;18;5 0.0
Y;19;0 0.001931120623973909
Y;19;1 0.0008411089702788534
Y;19;2 0.0
Y;19;3 1.2285131936608723e-05
Y;19;4 0.0
Y;19;5 0.0
Z;0;0 0.0017692234210735128
Z;0;1 0.0005653276298409025
Z;0;2 0.0
Z;0;3 0.0
Z;0;4 0.00037079918337780567
Z;0;5 0.0005460443332556592
Z;1;0 0.0
Z;1;1 0.0
Z;1;2 7.371079161965234e-05
Z;1;3 0.0
Z;1;4 0.00010761524663026399
Z;1;5 0.0
Z;2;0 0.0
Z;2;1 0.002600507097268152
Z;2;2 2.047521989434787e-05
Z;2;3 0.0
Z;2;4 0.00014155924613393336
Z;2;5 0.0
Z;3;0 0.0
Z;3;1 0.0003575645289764624
Z;3;2 0.0
Z;3;3 0.0
Z;3;4 0.0007533067264118479
Z;3;5 0.0
Z;4;0 0.0
Z;4;1 0.0001356864482036435
Z;4;2 0.0
Z;4;3 0.0
Z;4;4 0.0
Z;4;5 0.0
Z;5;0 0.0
Z;5;1 0.0
Z;5;2 1.2285131936608723e-05
Z;5;3 0.0
Z;5;4 0.0006925284846942007
Z;5;5 0.0
Z;6;0 0.0
Z;6;1 0.0027921389538032317
Z;6;2 0.0002484077486590225
Z;6;3 0.0
Z;6;4 7.151290579529248e-05
Z;6;5 0.0
Z;7;0 0.0
Z;7;1 0.00030110980108707865
Z;7;2 0.0
Z;7;3 0.0
Z;7;4 0.002221025981054187
Z;7;5 0.0
Z;8;0 0.0
Z;8;1 0.0010392265185661528
Z;8;2 0.0
Z;8;3 1.2285131936608723e-05
Z;8;4 0.00042467773840180003
Z;8;5 0.0007756412285474453
Z;9;0 0.0
Z;9;1 0.0009960339339344438
Z;9;2 7.780583559852191e-05
Z;9;3 0.0
Z;9;4 0.00011306552596818051
Z;9;5 0.0
Z;10;0 0.0021135325100754446
Z;10;1 0.00038970994446230726
Z;10;2 0.0003407130176626499
Z;10;3 6.661079306229728e-05
Z;10;4 0.002273475346549341
Z;10;5 0.0
Z;11;0 0.0
Z;11;1 0.0
Z;11;2 0.0
Z;11;3 0.00036019123555558263
Z;11;4 0.0
Z;11;5 0.0
Z;12;0 0.0
Z;12;1 0.0
Z;12;2 0.0
Z;12;3 0.0
Z;12;4 0.0
Z;12;5 0.0
Z;13;0 0.0
Z;13;1 0.0009522266664545259
Z;13;2 0.0
Z;13;3 0.0
Z;13;4 0.0002093186946679048
Z;13;5 0.0
Z;14;0 0.0
Z;14;1 0.0007156959518119636
Z;14;2 0.0
Z;14;3 0.0
Z;14;4 0.0005380762331513199
Z;14;5 0.0
Z;15;0 0.0008086000834677598
Z;15;1 0.00040705934461093054
Z;15;2 0.0
Z;15;3 3.276035183095659e-05
Z;15;4 0.0007794198889246145
Z;15;5 0.0008846117105367564
Z;16;0 0.0014543379971944357
Z;16;1 0.0
Z;16;2 0.0
Z;16;3 0.0
Z;16;4 0.0
Z;16;5 0.0
Z;17;0 0.0035384468421470255
Z;17;1 0.0005929768711688433
Z;17;2 0.0
Z;17;3 0.0
Z;17;4 0.0002444447495647108
Z;17;5 0.0
Z;18;0 0.0
Z;18;1 0.00033312626224178823
Z;18;2 0.0
Z;18;3 0.0
Z;18;4 0.0002484142983047651
Z;18;5 0.0
Z;19;0 0.0
Z;19;1 0.0
Z;19;2 0.0
Z;19;3 7.780583559852191e-05
Z;19;4 0.0013568644820364352
Z;19;5 0.0
W;0;0 0.0
W;0;1 0.0007115722454026119
W;0;2 0.0
W;0;3 0.0
W;0;4 0.0002665010097934306
W;0;5 0.0009798065697340693
W;1;0 0.0011917822469823354
W;1;1 0.0001046593473339524
W;1;2 4.940906053728595e-05
W;1;3 0.0
W;1;4 0.0009215116093367372
W;1;5 0.0014543379971944357
W;2;0 0.0
W;2;1 0.00024271939206160203
W;2;2 0.0
W;2;3 5.764390396016695e-05
W;2;4 0.00047438149693507464
W;2;5 0.0
W;3;0 0.0008846117105367564
W;3;1 0.0007914586817772636
W;3;2 6.142565968304361e-05
W;3;3 0.0
W;3;4 0.000261648368334881
W;3;5 0.0
W;4;0 0.0008086000834677598
W;4;1 0.00035578612270130596
W;4;2 0.0
W;4;3 0.0
W;4;4 0.0009694445990045481
W;4;5 0.0016172001669355195
W;5;0 0.0
W;5;1 0.0007153886100103585
W;5;2 7.780583559852191e-05
W;5;3 0.0
W;5;4 0.00038777783960181923
W;5;5 0.0
W;6;0 0.0
W;6;1 8.148158318823692e-05
W;6;2 2.4570263873217446e-05
W;6;3 9.058327765169091e-05
W;6;4 0.003088724128346487
W;6;5 0.0
W;7;0 0.0
W;7;1 0.0024271939206160203
W;7;2 0.0
W;7;3 0.0
W;7;4 0.0
W;7;5 0.0
W;8;0 0.0
W;8;1 0.0008141186892218611
W;8;2 4.309048687752195e-05
W;8;3 0.0
W;8;4 0.0003814552905727356
W;8;5 0.008184511247577627
W;9;0 0.003102564914189781
W;9;1 0.0004792336692953916
W;9;2 0.0
W;9;3 0.0
W;9;4 0.0
W;9;5 0.0
W;10;0 0.0010381969787595458
W;10;1 0.0016164599853841354
W;10;2 4.96815497318045e-05
W;10;3 0.0003407130176626499
W;10;4 0.00044257359859286736
W;10;5 0.0019673186775284856
W;11;0 0.0
W;11;1 0.0003102376615336924
W;11;2 0.0
W;11;3 1.6380175915478296e-05
W;11;4 0.0
W;11;5 0.0
W;12;0 0.0
W;12;1 0.00024719945558520376
W;12;2 0.0
W;12;3 6.552070366191318e-05
W;12;4 0.0007452428949142951
W;12;5 0.0
W;13;0 0.0
W;13;1 0.0009093232037453838
W;13;2 0.0
W;13;3 0.0
W;13;4 0.00014752453286428913
W;13;5 0.0
W;14;0 0.0
W;14;1 0.0003575645289764624
W;14;2 0.0
W;14;3 5.323557172530446e-05
W;14;4 0.0008851471971857347
W;14;5 0.0019596131394681387
W;15;0 0.0008447024243027312
W;15;1 0.0006456914797815839
W;15;2 3.276035183095659e-05
W;15;3 0.0
W;15;4 0.0004607558046683686
W;15;5 0.0006911171560799417
W;16;0 0.0
W;16;1 0.00045226210387272204
W;16;2 6.142565968304361e-05
W;16;3 0.0
W;16;4 0.00014155924613393336
W;16;5 0.0
W;17;0 0.0009798065697340693
W;17;1 0.0007452428949142951
W;17;2 0.0
W;17;3 0.0
W;17;4 0.0
W;17;5 0.0
W;18;0 0.0
W;18;1 0.00019277025437489087
W;18;2 0.0
W;18;3 0.0
W;18;4 0.00011859537423376866
W;18;5 0.0
W;19;0 0.0
W;19;1 0.0
W;19;2 2.047521989434787e-05
W;19;3 0.0
W;19;4 0.0005503183000110563
W;19;5 0.002425800250403279
