X;0;0 0.0
X;0;1 0.00047987507650725127
X;0;2 0.0
X;0;3 0.0
X;0;4 0.00014219860669582244
X;0;5 0.0
X;1;0 0.0
X;1;1 0.0005326954708198067
X;1;2 8.108187078161757e-05
X;1;3 0.0
X;1;4 0.00031991671767150085
X;1;5 0.0
X;2;0 0.001026392334535682
X;2;1 0.0007141699998408945
X;2;2 6.756822565134798e-05
X;2;3 2.0270467695404392e-05
X;2;4 0.0001956823674857183
X;2;5 0.0
X;3;0 0.0
X;3;1 0.000188216073099218
X;3;2 4.7297757955943585e-05
X;3;3 5.405458052107838e-05
X;3;4 0.00037849903662548397
X;3;5 0.0
X;4;0 0.0
X;4;1 0.0006398334353430017
X;4;2 0.0
X;4;3 0.0
X;4;4 0.00031991671767150085
X;4;5 0.0
X;5;0 0.0
X;5;1 0.0005478186636639442
X;5;2 0.0
X;5;3 5.405458052107838e-05
X;5;4 0.0005068313851352055
X;5;5 0.0
X;6;0 0.0
X;6;1 0.0014057689490028352
X;6;2 0.0
X;6;3 0.0
X;6;4 0.0004720509220837602
X;6;5 0.0014142526393638758
X;7;0 0.0
X;7;1 0.0
X;7;2 0.00010246819632184678
X;7;3 0.0
X;7;4 0.0007109930334791123
X;7;5 0.0
X;8;0 0.001459609322385648
X;8;1 0.000252332691083656
X;8;2 0.00039126098449874066
X;8;3 0.00044529928760599796
X;8;4 0.0002856679999363578
X;8;5 0.0
X;9;0 0.0
X;9;1 0.0012170773961303854
X;9;2 4.0540935390808783e-05
X;9;3 0.0
X;9;4 0.0004671455122419801
X;9;5 0.0
X;10;0 0.0
X;10;1 0.0009327905892374893
X;10;2 2.702729026053919e-05
X;10;3 0.0
X;10;4 0.000564648219297654
X;10;5 0.0007729766419680794
X;11;0 0.0
X;11;1 0.0
X;11;2 0.0002359925891244652
X;11;3 5.405458052107838e-05
X;11;4 0.0002072350450314357
X;11;5 0.0024431285791596054
X;12;0 0.0
X;12;1 0.00040988359220286237
X;12;2 4.0540935390808783e-05
X;12;3 0.0
X;12;4 0.0002359925891244652
X;12;5 0.0
X;13;0 0.0018269759879494724
X;13;1 0.0005068313851352055
X;13;2 0.0
X;13;3 0.0
X;13;4 0.0
X;13;5 0.0
X;14;0 0.0
X;14;1 0.00040988359220286237
X;14;2 8.108187078161757e-05
X;14;3 0.0
X;14;4 0.00020494179610143118
X;14;5 0.0
X;15;0 0.0
X;15;1 0.000282324109648827
X;15;2 0.00013587491647753638
X;15;3 3.378411282567399e-05
X;15;4 0.000428680938908538
X;15;5 0.0
X;16;0 0.0
X;16;1 0.0009327905892374893
X;16;2 5.405458052107838e-05
X;16;3 0.0
X;16;4 0.0009342910244839602
X;16;5 0.0
X;17;0 0.0
X;17;1 0.0
X;17;2 0.0
X;17;3 0.0
X;17;4 0.00025341569256760277
X;17;5 0.0021462420028032165
X;18;0 0.0
X;18;1 0.0007907355543373962
X;18;2 0.0
X;18;3 0.0
X;18;4 0.0001428339999681789
X;18;5 0.0
X;19;0 0.0
X;19;1 0.0
X;19;2 0.0
X;19;3 6.0811403086213175e-05
X;19;4 0.0017756515693993558
X;19;5 0.0
Y;0;0 0.0
Y;0;1 0.0006747990402798514
Y;0;2 0.0
Y;0;3 0.0
Y;0;4 0.000428680938908538
Y;0;5 0.0
Y;1;0 0.0
Y;1;1 0.0001513375325030405
Y;1;2 0.0
Y;1;3 0.0
Y;1;4 0.000470540182748045
Y;1;5 0.0
Y;2;0 0.0009605420122495407
Y;2;1 0.000564648219297654
Y;2;2 0.0
Y;2;3 2.0270467695404392e-05
Y;2;4 0.0002434154792260771
Y;2;5 0.0
Y;3;0 0.0
Y;3;1 0.000127228367887428
Y;3;2 0.0
Y;3;3 5.405458052107838e-05
Y;3;4 0.00031991671767150085
Y;3;5 0.0
Y;4;0 0.0
Y;4;1 0.0
Y;4;2 2.0270467695404392e-05
Y;4;3 0.0
Y;4;4 0.0029209857507129246
Y;4;5 0.0
Y;5;0 0.0
Y;5;1 0.0009848743273514718
Y;5;2 0.0
Y;5;3 3.378411282567399e-05
Y;5;4 0.0007827294699428732
Y;5;5 0.0
Y;6;0 0.0
Y;6;1 0.0014014365367259402
Y;6;2 0.0
Y;6;3 5.495390427639525e-05
Y;6;4 0.0011808983204897399
Y;6;5 0.0
Y;7;0 0.0
Y;7;1 0.0
Y;7;2 6.756822565134798e-05
Y;7;3 0.0
Y;7;4 0.00040048699690164335
Y;7;5 0.0
Y;8;0 0.0
Y;8;1 0.0004868309584521542
Y;8;2 0.0
Y;8;3 7.432504821648277e-05
Y;8;4 0.0008955305581440472
Y;8;5 0.001459609322385648
Y;9;0 0.0
Y;9;1 0.0003935235354003607
Y;9;2 0.0
Y;9;3 4.0540935390808783e-05
Y;9;4 0.00033975965411811354
Y;9;5 0.0
Y;10;0 0.0027875180001990132
Y;10;1 0.00034537584620204293
Y;10;2 0.0
Y;10;3 0.00016486171282918577
Y;10;4 0.0009179029224725733
Y;10;5 0.0
Y;11;0 0.0
Y;11;1 0.0
Y;11;2 0.0
Y;11;3 0.0
Y;11;4 0.0015819750731987244
Y;11;5 0.0
Y;12;0 0.0
Y;12;1 0.0007283147894792387
Y;12;2 9.459551591188717e-05
Y;12;3 0.0
Y;12;4 0.0
Y;12;5 0.0
Y;13;0 0.0
Y;13;1 0.00031470061472250684
Y;13;2 0.0
Y;13;3 0.0
Y;13;4 0.0
Y;13;5 0.0
Y;14;0 0.0
Y;14;1 0.000428680938908538
Y;14;2 3.378411282567399e-05
Y;14;3 7.432504821648277e-05
Y;14;4 0.00020393955085779312
Y;14;5 0.0
Y;15;0 0.0
Y;15;1 0.000282324109648827
Y;15;2 6.756822565134798e-05
Y;15;3 0.00010246819632184678
Y;15;4 0.0004477652790720236
Y;15;5 0.0
Y;16;0 0.0
Y;16;1 0.0009300481596436457
Y;16;2 0.0
Y;16;3 2.702729026053919e-05
Y;16;4 0.0007071263196819379
Y;16;5 0.0
Y;17;0 0.0
Y;17;1 0.0009327905892374893
Y;17;2 0.0
Y;17;3 0.0
Y;17;4 0.000252332691083656
Y;17;5 0.0
Y;18;0 0.0
Y;18;1 0.00016869976006996285
Y;18;2 0.0
Y;18;3 7.432504821648277e-05
Y;18;4 0.000857361877817076
Y;18;5 0.0
Y;19;0 0.0
Y;19;1 0.0
Y;19;2 0.0
Y;19;3 1.3513645130269595e-05
Y;19;4 0.0020794586648647554
Y;19;5 0.0022000134636418435
Z;0;0 0.0
Z;0;1 0.00018655811784749784
Z;0;2 0.0
Z;0;3 0.0
Z;0;4 0.00010196977542889656
Z;0;5 0.0
Z;1;0 0.0
Z;1;1 0.0005060992802098885
Z;1;2 4.7297757955943585e-05
Z;1;3 0.0
Z;1;4 0.0
Z;1;5 0.0
Z;2;0 0.0
Z;2;1 0.0007462324713899914
Z;2;2 6.0811403086213175e-05
Z;2;3 0.0
Z;2;4 0.0004671455122419801
Z;2;5 0.0
Z;3;0 0.0
Z;3;1 0.0003539888836866978
Z;3;2 0.0
Z;3;3 0.0
Z;3;4 0.00017756515693993557
Z;3;5 0.0
Z;4;0 0.0
Z;4;1 0.0026865916744321415
Z;4;2 0.0
Z;4;3 0.0
Z;4;4 0.0
Z;4;5 0.0
Z;5;0 0.0
Z;5;1 0.0012401221542100594
Z;5;2 5.405458052107838e-05
Z;5;3 0.0
Z;5;4 0.0001428339999681789
Z;5;5 0.0
Z;6;0 0.0
Z;6;1 0.0
Z;6;2 0.00010246819632184678
Z;6;3 0.0
Z;6;4 0.0001179962945622326
Z;6;5 0.0
Z;7;0 0.0
Z;7;1 0.0
Z;7;2 0.0
Z;7;3 0.0
Z;7;4 0.0006107821447899013
Z;7;5 0.0
Z;8;0 0.0
Z;8;1 0.000428680938908538
Z;8;2 0.0
Z;8;3 7.432504821648277e-05
Z;8;4 0.0009342910244839602
Z;8;5 0.0012798080271032848
Z;9;0 0.0
Z;9;1 0.0
Z;9;2 4.7297757955943585e-05
Z;9;3 0.0
Z;9;4 0.0009327905892374893
Z;9;5 0.0
Z;10;0 0.0022192091355792173
Z;10;1 0.001071702347271345
Z;10;2 0.0003935235354003607
Z;10;3 2.7476952138197627e-05
Z;10;4 0.0
Z;10;5 0.0
Z;11;0 0.0
Z;11;1 0.004032356914727013
Z;11;2 0.0
Z;11;3 0.00014345547485058552
Z;11;4 0.0
Z;11;5 0.0
Z;12;0 0.0
Z;12;1 0.001642154585356319
Z;12;2 0.0
Z;12;3 0.0
Z;12;4 0.0008210772926781595
Z;12;5 0.0
Z;13;0 0.0
Z;13;1 0.0001428339999681789
Z;13;2 0.0
Z;13;3 0.0
Z;13;4 0.0002590318846515322
Z;13;5 0.001459609322385648
Z;14;0 0.0
Z;14;1 0.00016869976006996285
Z;14;2 0.0
Z;14;3 0.0
Z;14;4 0.00035513031387987115
Z;14;5 0.0
Z;15;0 0.0
Z;15;1 0.0004477652790720236
Z;15;2 0.0
Z;15;3 4.7297757955943585e-05
Z;15;4 0.000643021408362807
Z;15;5 0.0
Z;16;0 0.0
Z;16;1 0.0009926003212417597
Z;16;2 0.0
Z;16;3 0.0
Z;16;4 0.0
Z;16;5 0.0
Z;17;0 0.0
Z;17;1 0.0009784118374285915
Z;17;2 0.0
Z;17;3 0.0
Z;17;4 0.0002688892245211819
Z;17;5 0.0
Z;18;0 0.0
Z;18;1 0.00010993166653979012
Z;18;2 0.0
Z;18;3 0.0
Z;18;4 0.0006148253883042935
Z;18;5 0.0
Z;19;0 0.0
Z;19;1 0.0
Z;19;2 0.0
Z;19;3 6.756822565134798e-05
Z;19;4 0.0015671784767520827
Z;19;5 0.0
W;0;0 0.0
W;0;1 0.0007827294699428732
W;0;2 0.0
W;0;3 0.0
W;0;4 0.00032979499961937036
W;0;5 0.0
W;1;0 0.0019664407075208534
W;1;1 0.0002590318846515322
W;1;2 6.793745823876819e-05
W;1;3 0.0
W;1;4 0.0007602470777028082
W;1;5 0.0
W;2;0 0.0
W;2;1 0.0
W;2;2 0.0
W;2;3 8.152494988652182e-05
W;2;4 0.0007827294699428732
W;2;5 0.0
W;3;0 0.001459609322385648
W;3;1 0.00018655811784749784
W;3;2 6.0811403086213175e-05
W;3;3 0.0
W;3;4 0.0002590318846515322
W;3;5 0.0
W;4;0 0.0
W;4;1 0.0003913647349714366
W;4;2 0.0
W;4;3 0.0
W;4;4 0.0006398334353430017
W;4;5 0.0
W;5;0 0.0
W;5;1 0.0005901956032585457
W;5;2 6.0811403086213175e-05
W;5;3 0.0
W;5;4 0.00015995835883575042
W;5;5 0.0
W;6;0 0.003802040580728292
W;6;1 0.00040333383678177275
W;6;2 2.0270467695404392e-05
W;6;3 8.152494988652182e-05
W;6;4 0.00033975965411811354
W;6;5 0.0
W;7;0 0.0
W;7;1 0.0008009739938032867
W;7;2 0.0
W;7;3 0.0
W;7;4 0.0008267481028067063
W;7;5 0.0
W;8;0 0.0012798080271032848
W;8;1 0.0004477652790720236
W;8;2 0.0005687944267832898
W;8;3 0.000550726075764387
W;8;4 0.00015735030736125342
W;8;5 0.0
W;9;0 0.0
W;9;1 0.0005271570362249308
W;9;2 0.0
W;9;3 0.0
W;9;4 0.0005870471024571549
W;9;5 0.0
W;10;0 0.0
W;10;1 0.0
W;10;2 0.00010246819632184678
W;10;3 0.00022487059165734896
W;10;4 0.0012170773961303854
W;10;5 0.0017705868097756372
W;11;0 0.0
W;11;1 0.003071352849183555
W;11;2 0.0
W;11;3 3.378411282567399e-05
W;11;4 0.0
W;11;5 0.0
W;12;0 0.0
W;12;1 0.00020393955085779312
W;12;2 0.0
W;12;3 4.0540935390808783e-05
W;12;4 0.00040988359220286237
W;12;5 0.0
W;13;0 0.0
W;13;1 0.000214340469454269
W;13;2 0.0
W;13;3 0.0
W;13;4 0.0004868309584521542
W;13;5 0.0
W;14;0 0.0
W;14;1 0.0003539888836866978
W;14;2 0.0
W;14;3 5.405458052107838e-05
W;14;4 0.0004868309584521542
W;14;5 0.0
W;15;0 0.0
W;15;1 0.00035513031387987115
W;15;2 5.405458052107838e-05
W;15;3 0.0
W;15;4 0.0005068313851352055
W;15;5 0.0
W;16;0 0.0
W;16;1 0.0009327905892374893
W;16;2 5.405458052107838e-05
W;16;3 0.0
W;16;4 0.0009342910244839602
W;16;5 0.0
W;17;0 0.0
W;17;1 0.0008197671844057247
W;17;2 0.0
W;17;3 0.0
W;17;4 0.0009736619169043084
W;17;5 0.0
W;18;0 0.0
W;18;1 6.3614183943714e-05
W;18;2 0.0
W;18;3 0.0
W;18;4 0.0
W;18;5 0.0
W;19;0 0.0013937590000995066
W;19;1 0.0005271570362249308
W;19;2 9.459551591188717e-05
W;19;3 0.0
W;19;4 0.0
W;19;5 0.0
