X;0;0 0.0
X;0;1 0.00037637260902529513
X;0;2 0.0
X;0;3 0.0
X;0;4 0.0002509387176985102
X;0;5 0.0
X;1;0 0.0
X;1;1 0.0004178003692704366
X;1;2 7.949203017805644e-05
X;1;3 0.0
X;1;4 0.00037637260902529513
X;1;5 0.0
X;2;0 0.0
X;2;1 0.0001680399999625634
X;2;2 5.564442112463951e-05
X;2;3 6.359362414244515e-05
X;2;4 0.00023021454998319797
X;2;5 0.0
X;3;0 0.0
X;3;1 0.00022143067423437411
X;3;2 7.15428271602508e-05
X;3;3 3.1796812071222575e-05
X;3;4 0.0002968619895101835
X;3;5 0.0
X;4;0 0.0
X;4;1 0.0009409315225632378
X;4;2 0.0
X;4;3 0.0
X;4;4 0.00037637260902529513
X;4;5 0.0
X;5;0 0.0
X;5;1 0.0009667388182304896
X;5;2 0.0
X;5;3 1.5898406035611288e-05
X;5;4 0.00029813610890306203
X;5;5 0.0
X;6;0 0.0
X;6;1 0.0
X;6;2 0.0
X;6;3 0.0
X;6;4 0.00046279502165074533
X;6;5 0.0
X;7;0 0.0
X;7;1 0.004671060335255339
X;7;2 0.0001928813107234763
X;7;3 0.0
X;7;4 8.364623923283674e-05
X;7;5 0.0
X;8;0 0.0
X;8;1 0.0
X;8;2 0.0002876919003667211
X;8;3 0.0005238815148305858
X;8;4 0.0006721599998502536
X;8;5 0.0013923104143661745
X;9;0 0.0
X;9;1 0.0
X;9;2 5.564442112463951e-05
X;9;3 0.0
X;9;4 0.0
X;9;5 0.0
X;10;0 0.0
X;10;1 0.0013168808318646905
X;10;2 5.564442112463951e-05
X;10;3 0.0
X;10;4 0.0
X;10;5 0.0
X;11;0 0.0
X;11;1 0.0
X;11;2 0.00013881917007321483
X;11;3 9.539043621366773e-05
X;11;4 0.00016253729022073387
X;11;5 0.0
X;12;0 0.0
X;12;1 0.0004822159908268969
X;12;2 3.974601508902822e-05
X;12;3 0.0
X;12;4 0.00013881917007321483
X;12;5 0.0
X;13;0 0.0
X;13;1 0.00029813610890306203
X;13;2 0.0
X;13;3 0.0
X;13;4 0.00020316226247178997
X;13;5 0.0
X;14;0 0.0
X;14;1 0.0004822159908268969
X;14;2 4.7695218106833866e-05
X;14;3 0.0
X;14;4 0.0009644319816537938
X;14;5 0.0
X;15;0 0.0
X;15;1 0.0003321460113515612
X;15;2 4.7955852874424605e-05
X;15;3 5.564442112463951e-05
X;15;4 0.0010086610327259718
X;15;5 0.0
X;16;0 0.0
X;16;1 0.0006584404159323453
X;16;2 6.359362414244515e-05
X;16;3 0.0
X;16;4 0.00027479147778940004
X;16;5 0.0
X;17;0 0.0
X;17;1 0.00018818630451264756
X;17;2 0.0
X;17;3 0.0
X;17;4 0.0005962722178061241
X;17;5 0.0
X;18;0 0.0
X;18;1 0.0015504618712497964
X;18;2 0.0
X;18;3 0.0
X;18;4 0.0003360799999251268
X;18;5 0.0
X;19;0 0.0
X;19;1 0.0
X;19;2 0.0
X;19;3 7.949203017805644e-05
X;19;4 0.000626700553905655
X;19;5 0.0
Y;0;0 0.0
Y;0;1 0.00019847030596466215
Y;0;2 0.0
Y;0;3 0.0
Y;0;4 0.0005043305163629859
Y;0;5 0.0
Y;1;0 0.0
Y;1;1 0.00035608831177185997
Y;1;2 0.0
Y;1;3 0.0
Y;1;4 0.00022143067423437411
Y;1;5 0.0
Y;2;0 0.0
Y;2;1 0.00011071533711718706
Y;2;2 0.0
Y;2;3 6.359362414244515e-05
Y;2;4 0.0002863711520306789
Y;2;5 0.0
Y;3;0 0.0
Y;3;1 0.0
Y;3;2 0.0
Y;3;3 6.359362414244515e-05
Y;3;4 0.0011291178270758854
Y;3;5 0.0
Y;4;0 0.0019019774588955461
Y;4;1 0.00089022077942965
Y;4;2 4.7695218106833866e-05
Y;4;3 0.0
Y;4;4 0.0005727423040613578
Y;4;5 0.0
Y;5;0 0.0
Y;5;1 0.0011586756792370256
Y;5;2 0.0
Y;5;3 7.15428271602508e-05
Y;5;4 0.00046042909996639594
Y;5;5 0.0
Y;6;0 0.0
Y;6;1 0.0
Y;6;2 0.0
Y;6;3 0.0003879099125392606
Y;6;4 0.0007938812238586486
Y;6;5 0.0
Y;7;0 0.0
Y;7;1 0.0
Y;7;2 1.5898406035611288e-05
Y;7;3 0.0
Y;7;4 0.0028269670369527765
Y;7;5 0.0017171874381007623
Y;8;0 0.0
Y;8;1 0.0005727423040613578
Y;8;2 0.0
Y;8;3 5.564442112463951e-05
Y;8;4 0.0013169567031530106
Y;8;5 0.0
Y;9;0 0.0
Y;9;1 0.00013227681862196998
Y;9;2 0.0
Y;9;3 3.1796812071222575e-05
Y;9;4 0.0007994344802779141
Y;9;5 0.0
Y;10;0 0.0
Y;10;1 0.0006094867874153699
Y;10;2 0.0
Y;10;3 6.465165208987677e-05
Y;10;4 0.0
Y;10;5 0.0
Y;11;0 0.0
Y;11;1 0.0
Y;11;2 0.0
Y;11;3 0.0
Y;11;4 0.0006203823816465586
Y;11;5 0.0
Y;12;0 0.0
Y;12;1 0.0008568409287991043
Y;12;2 2.3847609053416933e-05
Y;12;3 0.0
Y;12;4 0.0007398815945125694
Y;12;5 0.0
Y;13;0 0.0
Y;13;1 9.255900433014907e-05
Y;13;2 0.0
Y;13;3 0.0
Y;13;4 0.0007233239862403454
Y;13;5 0.0
Y;14;0 0.0
Y;14;1 0.0007564957745444788
Y;14;2 4.7695218106833866e-05
Y;14;3 3.974601508902822e-05
Y;14;4 0.00035989332504316433
Y;14;5 0.0
Y;15;0 0.0
Y;15;1 0.0003321460113515612
Y;15;2 2.3847609053416933e-05
Y;15;3 0.0001446609830426072
Y;15;4 0.0013169567031530106
Y;15;5 0.0
Y;16;0 0.0
Y;16;1 0.0
Y;16;2 0.0
Y;16;3 7.949203017805644e-05
Y;16;4 0.0
Y;16;5 0.0
Y;17;0 0.0
Y;17;1 0.0008779205545764604
Y;17;2 0.0
Y;17;3 0.0
Y;17;4 0.0002968619895101835
Y;17;5 0.0
Y;18;0 0.0
Y;18;1 0.00019847030596466215
Y;18;2 0.0
Y;18;3 5.564442112463951e-05
Y;18;4 0.0015129915490889577
Y;18;5 0.0
Y;19;0 0.0
Y;19;1 0.0
Y;19;2 0.0
Y;19;3 3.974601508902822e-05
Y;19;4 0.00018818630451264756
Y;19;5 0.0
Z;0;0 0.0
Z;0;1 0.0004389602772882302
Z;0;2 0.0
Z;0;3 0.0
Z;0;4 0.00035989332504316433
Z;0;5 0.0010599684116139266
Z;1;0 0.0
Z;1;1 0.001389292141752635
Z;1;2 3.1796812071222575e-05
Z;1;3 0.0
Z;1;4 0.0004178003692704366
Z;1;5 0.0
Z;2;0 0.0
Z;2;1 0.0006584404159323453
Z;2;2 8.74412331958621e-05
Z;2;3 0.0
Z;2;4 0.0
Z;2;5 0.0
Z;3;0 0.0
Z;3;1 0.0
Z;3;2 0.0
Z;3;3 0.0
Z;3;4 0.0004178003692704366
Z;3;5 0.0
Z;4;0 0.0
Z;4;1 0.0005267826812612042
Z;4;2 0.0
Z;4;3 0.0
Z;4;4 0.0010974006932205755
Z;4;5 0.002015323547003824
Z;5;0 0.0
Z;5;1 0.00048632241341570957
Z;5;2 3.1796812071222575e-05
Z;5;3 0.0
Z;5;4 0.0006721599998502536
Z;5;5 0.0
Z;6;0 0.0
Z;6;1 0.0
Z;6;2 2.4110163840434537e-05
Z;6;3 0.0
Z;6;4 0.00041645751021964443
Z;6;5 0.0008078031534324337
Z;7;0 0.0
Z;7;1 0.0023380290437349637
Z;7;2 0.0
Z;7;3 0.0
Z;7;4 0.0
Z;7;5 0.0
Z;8;0 0.0
Z;8;1 0.0005043305163629859
Z;8;2 0.0
Z;8;3 5.564442112463951e-05
Z;8;4 0.0010991659111576001
Z;8;5 0.0015056565024744526
Z;9;0 0.0
Z;9;1 0.0
Z;9;2 5.564442112463951e-05
Z;9;3 0.0
Z;9;4 0.0
Z;9;5 0.0
Z;10;0 0.0
Z;10;1 0.0022694873236334366
Z;10;2 0.0004629688651768949
Z;10;3 3.2325826044938384e-05
Z;10;4 0.0
Z;10;5 0.0
Z;11;0 0.0
Z;11;1 0.0020331211334758048
Z;11;2 0.0
Z;11;3 4.8220327680869075e-05
Z;11;4 0.0
Z;11;5 0.0
Z;12;0 0.0
Z;12;1 0.0
Z;12;2 0.0
Z;12;3 0.0
Z;12;4 0.0009659732855037171
Z;12;5 0.0
Z;13;0 0.0
Z;13;1 0.0005041199998876901
Z;13;2 0.0
Z;13;3 0.0
Z;13;4 0.00010158113123589498
Z;13;5 0.0
Z;14;0 0.0
Z;14;1 0.00019847030596466215
Z;14;2 0.0
Z;14;3 0.0
Z;14;4 0.0008356007385408732
Z;14;5 0.0
Z;15;0 0.0
Z;15;1 0.0
Z;15;2 0.0
Z;15;3 4.7695218106833866e-05
Z;15;4 0.0012608262909074648
Z;15;5 0.0
Z;16;0 0.0
Z;16;1 0.0
Z;16;2 0.0
Z;16;3 0.0
Z;16;4 0.0008568409287991043
Z;16;5 0.0
Z;17;0 0.0
Z;17;1 0.0009208581999327919
Z;17;2 0.0
Z;17;3 0.0
Z;17;4 0.0003163402641425669
Z;17;5 0.0
Z;18;0 0.0
Z;18;1 0.00038799411719925926
Z;18;2 0.0
Z;18;3 0.0
Z;18;4 0.0009644319816537938
Z;18;5 0.0
Z;19;0 0.0
Z;19;1 0.0
Z;19;2 0.0
Z;19;3 3.1796812071222575e-05
Z;19;4 0.0002633913406306021
Z;19;5 0.0
W;0;0 0.0
W;0;1 0.00046042909996639594
W;0;2 0.0
W;0;3 0.0
W;0;4 0.00038799411719925926
W;0;5 0.0
W;1;0 0.0
W;1;1 0.00030474339370768495
W;1;2 0.00017583812720622355
W;1;3 0.0
W;1;4 0.0
W;1;5 0.0
W;2;0 0.0
W;2;1 0.0
W;2;2 0.0
W;2;3 9.591170574884921e-05
W;2;4 0.0006906436499495939
W;2;5 0.0
W;3;0 0.0
W;3;1 0.0004389602772882302
W;3;2 3.1796812071222575e-05
W;3;3 0.0
W;3;4 0.00040632452494357993
W;3;5 0.0
W;4;0 0.0
W;4;1 0.00046042909996639594
W;4;2 0.0
W;4;3 0.0
W;4;4 0.0009409315225632378
W;4;5 0.0
W;5;0 0.0
W;5;1 0.0006943477685394656
W;5;2 1.5898406035611288e-05
W;5;3 0.0
W;5;4 0.0005645589135379427
W;5;5 0.0
W;6;0 0.0
W;6;1 0.00047451039621385034
W;6;2 4.7695218106833866e-05
W;6;3 9.591170574884921e-05
W;6;4 0.0007994344802779141
W;6;5 0.0
W;7;0 0.0
W;7;1 0.001884644691301851
W;7;2 0.0
W;7;3 0.0
W;7;4 0.0
W;7;5 0.0
W;8;0 0.0
W;8;1 0.0
W;8;2 0.00033458495693134695
W;8;3 0.0006479130303110435
W;8;4 0.00046279502165074533
W;8;5 0.0008826433698368029
W;9;0 0.0
W;9;1 0.0003100923742499593
W;9;2 0.0
W;9;3 0.0
W;9;4 0.00046042909996639594
W;9;5 0.0
W;10;0 0.0
W;10;1 0.0
W;10;2 2.4110163840434537e-05
W;10;3 0.00019841522793295494
W;10;4 0.0031500826723374685
W;10;5 0.0006943477685394656
W;11;0 0.0
W;11;1 0.0
W;11;2 0.0
W;11;3 8.74412331958621e-05
W;11;4 0.0
W;11;5 0.0
W;12;0 0.0
W;12;1 0.00011996444168105477
W;12;2 0.0
W;12;3 3.974601508902822e-05
W;12;4 0.0004822159908268969
W;12;5 0.0
W;13;0 0.0
W;13;1 0.00025216525818149294
W;13;2 0.0
W;13;3 0.0
W;13;4 0.0002863711520306789
W;13;5 0.0
W;14;0 0.0
W;14;1 0.00027763834014642966
W;14;2 0.0
W;14;3 3.1796812071222575e-05
W;14;4 0.0008591134560920367
W;14;5 0.0
W;15;0 0.0
W;15;1 0.0010445009231760916
W;15;2 4.7695218106833866e-05
W;15;3 0.0
W;15;4 0.00029813610890306203
W;15;5 0.0
W;16;0 0.0
W;16;1 0.0006584404159323453
W;16;2 6.359362414244515e-05
W;16;3 0.0
W;16;4 0.00027479147778940004
W;16;5 0.0
W;17;0 0.0
W;17;1 0.00024110799541344845
W;17;2 0.0
W;17;3 0.0
W;17;4 0.0020045980642147522
W;17;5 0.0
W;18;0 0.0
W;18;1 0.0001496804328087388
W;18;2 0.0
W;18;3 0.0
W;18;4 0.00115107274991599
W;18;5 0.0
W;19;0 0.0
W;19;1 0.0006201847484999186
W;19;2 3.974601508902822e-05
W;19;3 0.0
W;19;4 0.0
W;19;5 0.0
