X;0;0 0.0
X;0;1 0.00031991671767150085
X;0;2 0.0
X;0;3 0.0
X;0;4 0.0002843972133916449
X;0;5 0.0
X;1;0 0.0
X;1;1 0.0
X;1;2 5.405458052107838e-05
X;1;3 0.0
X;1;4 0.0006398334353430017
X;1;5 0.0
X;2;0 0.0
X;2;1 0.0005713359998727156
X;2;2 5.405458052107838e-05
X;2;3 5.405458052107838e-05
X;2;4 0.0
X;2;5 0.0
X;3;0 0.0
X;3;1 0.000376432146198436
X;3;2 5.405458052107838e-05
X;3;3 4.0540935390808783e-05
X;3;4 0.000252332691083656
X;3;5 0.0
X;4;0 0.0
X;4;1 0.0006398334353430017
X;4;2 0.0
X;4;3 0.0
X;4;4 0.0
X;4;5 0.0
X;5;0 0.0
X;5;1 0.0
X;5;2 0.0
X;5;3 2.702729026053919e-05
X;5;4 0.0
X;5;5 0.0
X;6;0 0.0
X;6;1 0.0014057689490028352
X;6;2 0.0
X;6;3 0.0
X;6;4 0.0
X;6;5 0.0
X;7;0 0.0
X;7;1 0.0
X;7;2 0.00024592367117243224
X;7;3 0.0
X;7;4 0.0
X;7;5 0.0
X;8;0 0.0
X;8;1 0.0007569980732509679
X;8;2 0.00039126098449874066
X;8;3 0.00038168510366228393
X;8;4 0.0
X;8;5 0.0
X;9;0 0.0
X;9;1 0.0009736619169043084
X;9;2 2.702729026053919e-05
X;9;3 0.0
X;9;4 0.0004671455122419801
X;9;5 0.0
X;10;0 0.0
X;10;1 0.0
X;10;2 2.702729026053919e-05
X;10;3 0.0
X;10;4 0.000188216073099218
X;10;5 0.0
X;11;0 0.0
X;11;1 0.0
X;11;2 0.0004719851782489304
X;11;3 0.0
X;11;4 0.00048354843840668334
X;11;5 0.0012215642895798027
X;12;0 0.0
X;12;1 0.00040988359220286237
X;12;2 4.0540935390808783e-05
X;12;3 0.0
X;12;4 0.0007079777673733956
X;12;5 0.0
X;13;0 0.0
X;13;1 0.0015204941554056164
X;13;2 0.0
X;13;3 0.0
X;13;4 0.0
X;13;5 0.0
X;14;0 0.003066447439341775
X;14;1 0.0
X;14;2 4.0540935390808783e-05
X;14;3 0.0
X;14;4 0.00040988359220286237
X;14;5 0.002366927704422497
X;15;0 0.0
X;15;1 0.0
X;15;2 0.0002173998663640582
X;15;3 2.702729026053919e-05
X;15;4 0.0
X;15;5 0.0
X;16;0 0.0
X;16;1 0.0
X;16;2 5.405458052107838e-05
X;16;3 0.0
X;16;4 0.0004671455122419801
X;16;5 0.0
X;17;0 0.0
X;17;1 0.00031991671767150085
X;17;2 0.0
X;17;3 0.0
X;17;4 0.001013662770270411
X;17;5 0.0
X;18;0 0.0
X;18;1 0.0
X;18;2 0.0
X;18;3 0.0
X;18;4 0.0005713359998727156
X;18;5 0.0
X;19;0 0.0
X;19;1 0.0
X;19;2 0.0
X;19;3 6.756822565134798e-05
X;19;4 0.0
X;19;5 0.0
Y;0;0 0.0
Y;0;1 0.0003373995201399257
Y;0;2 0.0
Y;0;3 0.0
Y;0;4 0.000428680938908538
Y;0;5 0.0
Y;1;0 0.0
Y;1;1 0.000605350130012162
Y;1;2 0.0
Y;1;3 0.0
Y;1;4 0.0
Y;1;5 0.0
Y;2;0 0.0
Y;2;1 0.000376432146198436
Y;2;2 0.0
Y;2;3 5.405458052107838e-05
Y;2;4 0.0
Y;2;5 0.0
Y;3;0 0.0
Y;3;1 0.000127228367887428
Y;3;2 0.0
Y;3;3 2.702729026053919e-05
Y;3;4 0.00031991671767150085
Y;3;5 0.0
Y;4;0 0.0
Y;4;1 0.000302675065006081
Y;4;2 6.756822565134798e-05
Y;4;3 0.0
Y;4;4 0.0
Y;4;5 0.0
Y;5;0 0.0
Y;5;1 0.0
Y;5;2 0.0
Y;5;3 2.702729026053919e-05
Y;5;4 0.0
Y;5;5 0.0
Y;6;0 0.0
Y;6;1 0.0014014365367259402
Y;6;2 0.0
Y;6;3 0.000219815617105581
Y;6;4 0.0
Y;6;5 0.0
Y;7;0 0.0
Y;7;1 0.001023784283061185
Y;7;2 4.0540935390808783e-05
Y;7;3 0.0
Y;7;4 0.00240292198140986
Y;7;5 0.0
Y;8;0 0.0
Y;8;1 0.0004868309584521542
Y;8;2 0.0
Y;8;3 5.405458052107838e-05
Y;8;4 0.0004477652790720236
Y;8;5 0.0
Y;9;0 0.0
Y;9;1 0.00022487059165734896
Y;9;2 0.0
Y;9;3 4.0540935390808783e-05
Y;9;4 0.0
Y;9;5 0.0
Y;10;0 0.0
Y;10;1 0.00017268792310102147
Y;10;2 0.0
Y;10;3 0.00016486171282918577
Y;10;4 0.0
Y;10;5 0.0
Y;11;0 0.0
Y;11;1 0.0
Y;11;2 0.0
Y;11;3 0.0
Y;11;4 0.0
Y;11;5 0.0
Y;12;0 0.0
Y;12;1 0.0
Y;12;2 6.756822565134798e-05
Y;12;3 0.0
Y;12;4 0.0012577987106713682
Y;12;5 0.0
Y;13;0 0.0
Y;13;1 0.00015735030736125342
Y;13;2 0.0
Y;13;3 0.0
Y;13;4 0.0008197671844057247
Y;13;5 0.0
Y;14;0 0.0
Y;14;1 0.000857361877817076
Y;14;2 5.405458052107838e-05
Y;14;3 4.0540935390808783e-05
Y;14;4 0.00020393955085779312
Y;14;5 0.0
Y;15;0 0.0
Y;15;1 0.0
Y;15;2 9.459551591188717e-05
Y;15;3 0.00012296183558621612
Y;15;4 0.0
Y;15;5 0.0
Y;16;0 0.0
Y;16;1 0.0
Y;16;2 0.0
Y;16;3 4.0540935390808783e-05
Y;16;4 0.0
Y;16;5 0.0
Y;17;0 0.0
Y;17;1 0.0
Y;17;2 0.0
Y;17;3 0.0
Y;17;4 0.000252332691083656
Y;17;5 0.0
Y;18;0 0.0
Y;18;1 0.0
Y;18;2 0.0
Y;18;3 2.702729026053919e-05
Y;18;4 0.000428680938908538
Y;18;5 0.0
Y;19;0 0.0
Y;19;1 0.0
Y;19;2 0.0
Y;19;3 6.756822565134798e-05
Y;19;4 0.0
Y;19;5 0.0
Z;0;0 0.0
Z;0;1 0.0003731162356949957
Z;0;2 0.0
Z;0;3 0.0
Z;0;4 0.0
Z;0;5 0.0
Z;1;0 0.0
Z;1;1 0.0
Z;1;2 4.0540935390808783e-05
Z;1;3 0.0
Z;1;4 0.0
Z;1;5 0.0
Z;2;0 0.0
Z;2;1 0.0003731162356949957
Z;2;2 2.702729026053919e-05
Z;2;3 0.0
Z;2;4 0.0004671455122419801
Z;2;5 0.0
Z;3;0 0.0
Z;3;1 0.0004719851782489304
Z;3;2 0.0
Z;3;3 0.0
Z;3;4 0.00035513031387987115
Z;3;5 0.0
Z;4;0 0.0
Z;4;1 0.0
Z;4;2 0.0
Z;4;3 0.0
Z;4;4 0.0003731162356949957
Z;4;5 0.0
Z;5;0 0.0
Z;5;1 0.002480244308420119
Z;5;2 8.108187078161757e-05
Z;5;3 0.0
Z;5;4 0.0
Z;5;5 0.0
Z;6;0 0.0
Z;6;1 0.0
Z;6;2 8.197455705747743e-05
Z;6;3 0.0
Z;6;4 0.0007079777673733956
Z;6;5 0.0
Z;7;0 0.0
Z;7;1 0.0009936623435873595
Z;7;2 0.0
Z;7;3 0.0
Z;7;4 0.0012215642895798027
Z;7;5 0.0
Z;8;0 0.0
Z;8;1 0.000428680938908538
Z;8;2 0.0
Z;8;3 5.405458052107838e-05
Z;8;4 0.0004671455122419801
Z;8;5 0.0
Z;9;0 0.0
Z;9;1 0.0010956373273278883
Z;9;2 4.0540935390808783e-05
Z;9;3 0.0
Z;9;4 0.0
Z;9;5 0.0
Z;10;0 0.005706537777203701
Z;10;1 0.0
Z;10;2 0.0
Z;10;3 5.495390427639525e-05
Z;10;4 0.0
Z;10;5 0.0
Z;11;0 0.0
Z;11;1 0.0
Z;11;2 0.0
Z;11;3 4.0987278528738714e-05
Z;11;4 0.0
Z;11;5 0.0
Z;12;0 0.0
Z;12;1 0.0
Z;12;2 0.0
Z;12;3 0.0
Z;12;4 0.0
Z;12;5 0.0
Z;13;0 0.0
Z;13;1 0.0005713359998727156
Z;13;2 0.0
Z;13;3 0.0
Z;13;4 0.0
Z;13;5 0.0
Z;14;0 0.0
Z;14;1 0.0003373995201399257
Z;14;2 0.0
Z;14;3 0.0
Z;14;4 0.00035513031387987115
Z;14;5 0.0
Z;15;0 0.0
Z;15;1 0.0013432958372160708
Z;15;2 0.0
Z;15;3 4.0540935390808783e-05
Z;15;4 0.0
Z;15;5 0.0
Z;16;0 0.0
Z;16;1 0.0
Z;16;2 0.0
Z;16;3 0.0
Z;16;4 0.0014566295789584774
Z;16;5 0.0
Z;17;0 0.0
Z;17;1 0.0
Z;17;2 0.0
Z;17;3 0.0
Z;17;4 0.0002688892245211819
Z;17;5 0.0
Z;18;0 0.0
Z;18;1 0.0010993166653979012
Z;18;2 0.0
Z;18;3 0.0
Z;18;4 0.00040988359220286237
Z;18;5 0.0
Z;19;0 0.0
Z;19;1 0.000857361877817076
Z;19;2 0.0
Z;19;3 4.0540935390808783e-05
Z;19;4 0.0
Z;19;5 0.0
W;0;0 0.0
W;0;1 0.0
W;0;2 0.0
W;0;3 0.0
W;0;4 0.00021986333307958024
W;0;5 0.0
W;1;0 0.0
W;1;1 0.00017268792310102147
W;1;2 0.00013587491647753638
W;1;3 0.0
W;1;4 0.0005068313851352055
W;1;5 0.0
W;2;0 0.0
W;2;1 0.0008009739938032867
W;2;2 0.0
W;2;3 0.00013587491647753638
W;2;4 0.0
W;2;5 0.0
W;3;0 0.0
W;3;1 0.0003731162356949957
W;3;2 4.0540935390808783e-05
W;3;3 0.0
W;3;4 0.00034537584620204293
W;3;5 0.0
W;4;0 0.0
W;4;1 0.0
W;4;2 0.0
W;4;3 0.0
W;4;4 0.0006398334353430017
W;4;5 0.0
W;5;0 0.0
W;5;1 0.0011803912065170914
W;5;2 4.0540935390808783e-05
W;5;3 0.0
W;5;4 0.0
W;5;5 0.0
W;6;0 0.0
W;6;1 0.0008066676735635455
W;6;2 6.756822565134798e-05
W;6;3 5.434996659101455e-05
W;6;4 0.0
W;6;5 0.0
W;7;0 0.0
W;7;1 0.0008009739938032867
W;7;2 0.0
W;7;3 0.0
W;7;4 0.0
W;7;5 0.0
W;8;0 0.0
W;8;1 0.0013432958372160708
W;8;2 0.0005687944267832898
W;8;3 0.0004720509220837602
W;8;4 0.0
W;8;5 0.0
W;9;0 0.0
W;9;1 0.0
W;9;2 0.0
W;9;3 0.0
W;9;4 0.0015654589398857463
W;9;5 0.0
W;10;0 0.0
W;10;1 0.0
W;10;2 4.0987278528738714e-05
W;10;3 0.0010119176624580702
W;10;4 0.0
W;10;5 0.0
W;11;0 0.0
W;11;1 0.0
W;11;2 0.0
W;11;3 8.108187078161757e-05
W;11;4 0.0
W;11;5 0.0
W;12;0 0.0
W;12;1 0.00040787910171558625
W;12;2 0.0
W;12;3 4.0540935390808783e-05
W;12;4 0.00040988359220286237
W;12;5 0.0
W;13;0 0.0
W;13;1 0.0
W;13;2 0.0
W;13;3 0.0
W;13;4 0.0
W;13;5 0.0
W;14;0 0.0
W;14;1 0.0002359925891244652
W;14;2 0.0
W;14;3 1.3513645130269595e-05
W;14;4 0.0004868309584521542
W;14;5 0.0
W;15;0 0.0
W;15;1 0.0
W;15;2 4.0540935390808783e-05
W;15;3 0.0
W;15;4 0.0015204941554056164
W;15;5 0.0
W;16;0 0.0
W;16;1 0.0
W;16;2 5.405458052107838e-05
W;16;3 0.0
W;16;4 0.0004671455122419801
W;16;5 0.0
W;17;0 0.0
W;17;1 0.00040988359220286237
W;17;2 0.0
W;17;3 0.0
W;17;4 0.0014604928753564623
W;17;5 0.0
W;18;0 0.0
W;18;1 0.000508913471549712
W;18;2 0.0
W;18;3 0.0
W;18;4 0.0003913647349714366
W;18;5 0.0
W;19;0 0.0
W;19;1 0.0
W;19;2 4.0540935390808783e-05
W;19;3 0.0
W;19;4 0.000605350130012162
W;19;5 0.0
