X;0;0 0.0
X;0;1 0.0014396252295217537
X;0;2 0.0
X;0;3 0.0
X;0;4 0.0
X;0;5 0.0
X;1;0 0.0
X;1;1 0.0
X;1;2 8.108187078161757e-05
X;1;3 0.0
X;1;4 0.0
X;1;5 0.0011834638522112485
X;2;0 0.0
X;2;1 0.0
X;2;2 9.459551591188717e-05
X;2;3 4.0540935390808783e-05
X;2;4 0.0
X;2;5 0.0
X;3;0 0.0
X;3;1 0.000564648219297654
X;3;2 4.7297757955943585e-05
X;3;3 2.702729026053919e-05
X;3;4 0.00037849903662548397
X;3;5 0.0
X;4;0 0.0
X;4;1 0.0
X;4;2 0.0
X;4;3 0.0
X;4;4 0.00031991671767150085
X;4;5 0.0
X;5;0 0.0
X;5;1 0.0008217279954959161
X;5;2 0.0
X;5;3 2.0270467695404392e-05
X;5;4 0.0005068313851352055
X;5;5 0.0
X;6;0 0.0
X;6;1 0.0
X;6;2 0.0
X;6;3 0.0
X;6;4 0.00015735030736125342
X;6;5 0.0014142526393638758
X;7;0 0.0
X;7;1 0.0
X;7;2 0.00014345547485058552
X;7;3 0.0
X;7;4 0.00014219860669582244
X;7;5 0.001693182078506638
X;8;0 0.0
X;8;1 0.00037849903662548397
X;8;2 0.0002445381153117129
X;8;3 0.00044529928760599796
X;8;4 0.0007141699998408945
X;8;5 0.0
X;9;0 0.0
X;9;1 0.0019473238338086167
X;9;2 5.405458052107838e-05
X;9;3 0.0
X;9;4 0.00023357275612099004
X;9;5 0.0
X;10;0 0.0
X;10;1 0.0014924649427799828
X;10;2 4.0540935390808783e-05
X;10;3 0.0
X;10;4 0.000282324109648827
X;10;5 0.0
X;11;0 0.0
X;11;1 0.0013341901377218034
X;11;2 0.000589981472811163
X;11;3 7.432504821648277e-05
X;11;4 0.00010361752251571785
X;11;5 0.0
X;12;0 0.0
X;12;1 0.00020494179610143118
X;12;2 8.108187078161757e-05
X;12;3 0.0
X;12;4 0.0004719851782489304
X;12;5 0.0
X;13;0 0.0018269759879494724
X;13;1 0.0012670784628380138
X;13;2 0.0
X;13;3 0.0
X;13;4 0.00034537584620204293
X;13;5 0.0
X;14;0 0.003066447439341775
X;14;1 0.00020494179610143118
X;14;2 8.108187078161757e-05
X;14;3 0.0
X;14;4 0.00020494179610143118
X;14;5 0.0
X;15;0 0.0
X;15;1 0.000470540182748045
X;15;2 6.793745823876819e-05
X;15;3 3.378411282567399e-05
X;15;4 0.001071702347271345
X;15;5 0.0
X;16;0 0.0
X;16;1 0.00018655811784749784
X;16;2 5.405458052107838e-05
X;16;3 0.0
X;16;4 0.00023357275612099004
X;16;5 0.0
X;17;0 0.0
X;17;1 0.00015995835883575042
X;17;2 0.0
X;17;3 0.0
X;17;4 0.0
X;17;5 0.0
X;18;0 0.0
X;18;1 0.0021086281448997233
X;18;2 0.0
X;18;3 0.0
X;18;4 0.0001428339999681789
X;18;5 0.0
X;19;0 0.0
X;19;1 0.0
X;19;2 0.0
X;19;3 7.432504821648277e-05
X;19;4 0.0008878257846996779
X;19;5 0.0
Y;0;0 0.0
Y;0;1 0.00016869976006996285
Y;0;2 0.0
Y;0;3 0.0
Y;0;4 0.001071702347271345
Y;0;5 0.0
Y;1;0 0.0
Y;1;1 0.0001513375325030405
Y;1;2 0.0
Y;1;3 0.0
Y;1;4 0.0
Y;1;5 0.0
Y;2;0 0.0
Y;2;1 0.0
Y;2;2 0.0
Y;2;3 4.0540935390808783e-05
Y;2;4 0.0
Y;2;5 0.0
Y;3;0 0.0
Y;3;1 0.00019084255183114197
Y;3;2 0.0
Y;3;3 5.405458052107838e-05
Y;3;4 0.0007997917941787522
Y;3;5 0.0
Y;4;0 0.0
Y;4;1 0.0
Y;4;2 9.459551591188717e-05
Y;4;3 0.0
Y;4;4 0.0007302464376782312
Y;4;5 0.0
Y;5;0 0.0
Y;5;1 0.0016414572122524533
Y;5;2 0.0
Y;5;3 2.0270467695404392e-05
Y;5;4 0.0003913647349714366
Y;5;5 0.0
Y;6;0 0.0
Y;6;1 0.00023357275612099004
Y;6;2 0.0
Y;6;3 0.00019233866496738342
Y;6;4 0.0006747990402798514
Y;6;5 0.0
Y;7;0 0.0
Y;7;1 0.0
Y;7;2 7.432504821648277e-05
Y;7;3 0.0
Y;7;4 0.0
Y;7;5 0.0
Y;8;0 0.0
Y;8;1 0.0004868309584521542
Y;8;2 0.0
Y;8;3 2.0270467695404392e-05
Y;8;4 0.0
Y;8;5 0.0
Y;9;0 0.0
Y;9;1 0.0006746117749720468
Y;9;2 0.0
Y;9;3 2.702729026053919e-05
Y;9;4 0.00033975965411811354
Y;9;5 0.0
Y;10;0 0.0
Y;10;1 0.0007770956539545965
Y;10;2 0.0
Y;10;3 5.495390427639525e-05
Y;10;4 0.0009179029224725733
Y;10;5 0.0
Y;11;0 0.0
Y;11;1 0.0007283147894792387
Y;11;2 0.0
Y;11;3 0.0
Y;11;4 0.0005273250243995748
Y;11;5 0.0
Y;12;0 0.0
Y;12;1 0.0
Y;12;2 0.00010135233847702197
Y;12;3 0.0
Y;12;4 0.0
Y;12;5 0.0
Y;13;0 0.0
Y;13;1 0.0002360254610418801
Y;13;2 0.0
Y;13;3 0.0
Y;13;4 0.001024708980507156
Y;13;5 0.003066447439341775
Y;14;0 0.0
Y;14;1 0.000214340469454269
Y;14;2 1.3513645130269595e-05
Y;14;3 8.108187078161757e-05
Y;14;4 0.0005098488771444828
Y;14;5 0.0
Y;15;0 0.0009605420122495407
Y;15;1 0.000376432146198436
Y;15;2 3.378411282567399e-05
Y;15;3 0.00012296183558621612
Y;15;4 0.0008955305581440472
Y;15;5 0.0
Y;16;0 0.0
Y;16;1 0.0
Y;16;2 0.0
Y;16;3 4.7297757955943585e-05
Y;16;4 0.0
Y;16;5 0.0
Y;17;0 0.0
Y;17;1 0.0003731162356949957
Y;17;2 0.0
Y;17;3 0.0
Y;17;4 0.0008831644187927961
Y;17;5 0.0
Y;18;0 0.0
Y;18;1 0.00016869976006996285
Y;18;2 0.0
Y;18;3 6.0811403086213175e-05
Y;18;4 0.001714723755634152
Y;18;5 0.0
Y;19;0 0.0
Y;19;1 0.000126166345541828
Y;19;2 0.0
Y;19;3 4.7297757955943585e-05
Y;19;4 0.001119708511850253
Y;19;5 0.0
Z;0;0 0.0
Z;0;1 0.0009327905892374893
Z;0;2 0.0
Z;0;3 0.0
Z;0;4 0.0005098488771444828
Z;0;5 0.0
Z;1;0 0.0
Z;1;1 0.0011808983204897399
Z;1;2 3.378411282567399e-05
Z;1;3 0.0
Z;1;4 0.0005326954708198067
Z;1;5 0.0
Z;2;0 0.0
Z;2;1 0.001305906824932485
Z;2;2 4.7297757955943585e-05
Z;2;3 0.0
Z;2;4 0.0
Z;2;5 0.0
Z;3;0 0.0
Z;3;1 0.0
Z;3;2 0.0
Z;3;3 0.0
Z;3;4 0.0023083470402191627
Z;3;5 0.0
Z;4;0 0.0
Z;4;1 0.0006716479186080354
Z;4;2 0.0
Z;4;3 0.0
Z;4;4 0.0
Z;4;5 0.0
Z;5;0 0.0
Z;5;1 0.004133740514033531
Z;5;2 4.7297757955943585e-05
Z;5;3 0.0
Z;5;4 0.0002856679999363578
Z;5;5 0.0
Z;6;0 0.0
Z;6;1 0.0
Z;6;2 6.148091779310806e-05
Z;6;3 0.0
Z;6;4 0.0017699444184334889
Z;6;5 0.0
Z;7;0 0.0
Z;7;1 0.0
Z;7;2 0.0
Z;7;3 0.0
Z;7;4 0.0
Z;7;5 0.0
Z;8;0 0.0
Z;8;1 0.000428680938908538
Z;8;2 0.0
Z;8;3 4.0540935390808783e-05
Z;8;4 0.0
Z;8;5 0.0
Z;9;0 0.0
Z;9;1 0.0005478186636639442
Z;9;2 1.3513645130269595e-05
Z;9;3 0.0
Z;9;4 0.0016790230606274804
Z;9;5 0.0
Z;10;0 0.0
Z;10;1 0.0
Z;10;2 0.0006746117749720468
Z;10;3 0.000219815617105581
Z;10;4 0.0
Z;10;5 0.0
Z;11;0 0.0
Z;11;1 0.0
Z;11;2 0.0
Z;11;3 0.00030740458896554035
Z;11;4 0.0009605420122495407
Z;11;5 0.0
Z;12;0 0.0
Z;12;1 0.0
Z;12;2 0.0
Z;12;3 0.0
Z;12;4 0.0008210772926781595
Z;12;5 0.0
Z;13;0 0.002919218644771296
Z;13;1 0.0007141699998408945
Z;13;2 0.0
Z;13;3 0.0
Z;13;4 0.0002590318846515322
Z;13;5 0.0
Z;14;0 0.0
Z;14;1 0.0
Z;14;2 0.0
Z;14;3 0.0
Z;14;4 0.0010653909416396133
Z;14;5 0.0016166808400612143
Z;15;0 0.0
Z;15;1 0.0006716479186080354
Z;15;2 0.0
Z;15;3 4.7297757955943585e-05
Z;15;4 0.001071702347271345
Z;15;5 0.0
Z;16;0 0.0
Z;16;1 0.0
Z;16;2 0.0
Z;16;3 0.0
Z;16;4 0.0
Z;16;5 0.0
Z;17;0 0.0
Z;17;1 0.0003913647349714366
Z;17;2 0.0
Z;17;3 0.0
Z;17;4 0.0009411122858241366
Z;17;5 0.0
Z;18;0 0.0
Z;18;1 0.00010993166653979012
Z;18;2 0.0
Z;18;3 0.0
Z;18;4 0.0016395343688114495
Z;18;5 0.0015332237196708876
Z;19;0 0.0
Z;19;1 0.0
Z;19;2 0.0
Z;19;3 4.7297757955943585e-05
Z;19;4 0.0004477652790720236
Z;19;5 0.0
W;0;0 0.0
W;0;1 0.0007827294699428732
W;0;2 0.0
W;0;3 0.0
W;0;4 0.000769521665778531
W;0;5 0.0
W;1;0 0.0
W;1;1 0.00017268792310102147
W;1;2 0.00013587491647753638
W;1;3 0.0
W;1;4 0.00025341569256760277
W;1;5 0.0
W;2;0 0.0
W;2;1 0.0
W;2;2 0.0
W;2;3 8.152494988652182e-05
W;2;4 0.0011740942049143098
W;2;5 0.0
W;3;0 0.004378827967156944
W;3;1 0.0014924649427799828
W;3;2 3.378411282567399e-05
W;3;3 0.0
W;3;4 0.0
W;3;5 0.0
W;4;0 0.0
W;4;1 0.0003913647349714366
W;4;2 0.0
W;4;3 0.0
W;4;4 0.0
W;4;5 0.0
W;5;0 0.0
W;5;1 0.002360782413034183
W;5;2 4.0540935390808783e-05
W;5;3 0.0
W;5;4 0.00031991671767150085
W;5;5 0.0
W;6;0 0.0
W;6;1 0.002016669183908864
W;6;2 1.3513645130269595e-05
W;6;3 2.7174983295507274e-05
W;6;4 0.00033975965411811354
W;6;5 0.0
W;7;0 0.0
W;7;1 0.0
W;7;2 0.0
W;7;3 0.0
W;7;4 0.0
W;7;5 0.0
W;8;0 0.0
W;8;1 0.0006716479186080354
W;8;2 0.00035549651673955616
W;8;3 0.000550726075764387
W;8;4 0.00039337576840313356
W;8;5 0.0
W;9;0 0.0
W;9;1 0.0002635785181124654
W;9;2 0.0
W;9;3 0.0
W;9;4 0.0017611413073714646
W;9;5 0.0
W;10;0 0.0
W;10;1 0.0
W;10;2 0.00020493639264369356
W;10;3 0.0005621764791433724
W;10;4 0.0
W;10;5 0.0
W;11;0 0.0
W;11;1 0.0
W;11;2 0.0
W;11;3 8.108187078161757e-05
W;11;4 0.000846591039253319
W;11;5 0.0
W;12;0 0.0
W;12;1 0.00040787910171558625
W;12;2 0.0
W;12;3 8.108187078161757e-05
W;12;4 0.00020494179610143118
W;12;5 0.0
W;13;0 0.0
W;13;1 0.0
W;13;2 0.0
W;13;3 0.0
W;13;4 0.0
W;13;5 0.0
W;14;0 0.0
W;14;1 0.0
W;14;2 0.0
W;14;3 8.108187078161757e-05
W;14;4 0.0012170773961303854
W;14;5 0.0016166808400612143
W;15;0 0.0
W;15;1 0.0008878257846996779
W;15;2 4.7297757955943585e-05
W;15;3 0.0
W;15;4 0.0005068313851352055
W;15;5 0.0011403433075319038
W;16;0 0.0
W;16;1 0.00018655811784749784
W;16;2 5.405458052107838e-05
W;16;3 0.0
W;16;4 0.00023357275612099004
W;16;5 0.0
W;17;0 0.0
W;17;1 0.0006148253883042935
W;17;2 0.0
W;17;3 0.0
W;17;4 0.0002434154792260771
W;17;5 0.0
W;18;0 0.0
W;18;1 6.3614183943714e-05
W;18;2 0.0
W;18;3 0.0
W;18;4 0.0017611413073714646
W;18;5 0.003066447439341775
W;19;0 0.0
W;19;1 0.0007907355543373962
W;19;2 7.432504821648277e-05
W;19;3 0.0
W;19;4 0.0001513375325030405
W;19;5 0.0
