X;0;0 0.0
X;0;1 0.00047987507650725127
X;0;2 0.0
X;0;3 0.0
X;0;4 0.0002843972133916449
X;0;5 0.0
X;1;0 0.0
X;1;1 0.00035513031387987115
X;1;2 6.0811403086213175e-05
X;1;3 0.0
X;1;4 0.00047987507650725127
X;1;5 0.0
X;2;0 0.0
X;2;1 0.0005713359998727156
X;2;2 4.7297757955943585e-05
X;2;3 4.0540935390808783e-05
X;2;4 0.0005870471024571549
X;2;5 0.0
X;3;0 0.0
X;3;1 0.000188216073099218
X;3;2 4.0540935390808783e-05
X;3;3 2.702729026053919e-05
X;3;4 0.001009330764334624
X;3;5 0.0
X;4;0 0.0
X;4;1 0.00015995835883575042
X;4;2 0.0
X;4;3 0.0
X;4;4 0.00031991671767150085
X;4;5 0.0
X;5;0 0.0
X;5;1 0.0
X;5;2 0.0
X;5;3 6.756822565134798e-05
X;5;4 0.0005068313851352055
X;5;5 0.0
X;6;0 0.0
X;6;1 0.0
X;6;2 0.0
X;6;3 0.0
X;6;4 7.867515368062671e-05
X;6;5 0.0
X;7;0 0.0
X;7;1 0.0
X;7;2 4.0987278528738714e-05
X;7;3 0.0
X;7;4 0.0002843972133916449
X;7;5 0.000846591039253319
X;8;0 0.001459609322385648
X;8;1 0.0
X;8;2 0.0003423533614363981
X;8;3 0.00044529928760599796
X;8;4 0.0005713359998727156
X;8;5 0.0011834638522112485
X;9;0 0.0
X;9;1 0.0002434154792260771
X;9;2 6.0811403086213175e-05
X;9;3 0.0
X;9;4 0.0004671455122419801
X;9;5 0.001459609322385648
X;10;0 0.0
X;10;1 0.0005596743535424935
X;10;2 4.0540935390808783e-05
X;10;3 0.0
X;10;4 0.000376432146198436
X;10;5 0.0
X;11;0 0.0
X;11;1 0.0
X;11;2 0.0001179962945622326
X;11;3 9.459551591188717e-05
X;11;4 0.00017269587085952975
X;11;5 0.0
X;12;0 0.0
X;12;1 0.00040988359220286237
X;12;2 3.378411282567399e-05
X;12;3 0.0
X;12;4 0.0001179962945622326
X;12;5 0.0
X;13;0 0.0
X;13;1 0.00025341569256760277
X;13;2 0.0
X;13;3 0.0
X;13;4 8.634396155051073e-05
X;13;5 0.0
X;14;0 0.0
X;14;1 0.0
X;14;2 8.108187078161757e-05
X;14;3 0.0
X;14;4 0.00020494179610143118
X;14;5 0.0
X;15;0 0.0
X;15;1 0.000282324109648827
X;15;2 0.00012228742482978274
X;15;3 4.0540935390808783e-05
X;15;4 0.000428680938908538
X;15;5 0.0
X;16;0 0.0
X;16;1 0.00018655811784749784
X;16;2 6.0811403086213175e-05
X;16;3 0.0
X;16;4 0.0007007182683629701
X;16;5 0.0
X;17;0 0.0
X;17;1 0.00015995835883575042
X;17;2 0.0
X;17;3 0.0
X;17;4 0.001013662770270411
X;17;5 0.0021462420028032165
X;18;0 0.0
X;18;1 0.001317892590562327
X;18;2 0.0
X;18;3 0.0
X;18;4 0.0002856679999363578
X;18;5 0.0
X;19;0 0.0
X;19;1 0.0004540125975091215
X;19;2 0.0
X;19;3 8.783869334675238e-05
X;19;4 0.00017756515693993557
X;19;5 0.0
Y;0;0 0.0
Y;0;1 0.00016869976006996285
Y;0;2 0.0
Y;0;3 0.0
Y;0;4 0.000214340469454269
Y;0;5 0.0
Y;1;0 0.0
Y;1;1 0.000302675065006081
Y;1;2 0.0
Y;1;3 0.0
Y;1;4 0.000188216073099218
Y;1;5 0.0
Y;2;0 0.0
Y;2;1 0.000376432146198436
Y;2;2 0.0
Y;2;3 4.7297757955943585e-05
Y;2;4 0.0004868309584521542
Y;2;5 0.0
Y;3;0 0.0
Y;3;1 0.000254456735774856
Y;3;2 0.0
Y;3;3 3.378411282567399e-05
Y;3;4 0.0007997917941787522
Y;3;5 0.0
Y;4;0 0.0016166808400612143
Y;4;1 0.000605350130012162
Y;4;2 5.405458052107838e-05
Y;4;3 0.0
Y;4;4 0.0007302464376782312
Y;4;5 0.0
Y;5;0 0.0
Y;5;1 0.0
Y;5;2 0.0
Y;5;3 6.0811403086213175e-05
Y;5;4 0.0009784118374285915
Y;5;5 0.0025596160542065696
Y;6;0 0.0
Y;6;1 0.00023357275612099004
Y;6;2 0.0
Y;6;3 0.0001099078085527905
Y;6;4 0.00016869976006996285
Y;6;5 0.0
Y;7;0 0.0
Y;7;1 0.0005118921415305925
Y;7;2 3.378411282567399e-05
Y;7;3 0.0
Y;7;4 0.0
Y;7;5 0.0
Y;8;0 0.0
Y;8;1 0.0004868309584521542
Y;8;2 0.0
Y;8;3 5.405458052107838e-05
Y;8;4 0.0008955305581440472
Y;8;5 0.001459609322385648
Y;9;0 0.0
Y;9;1 0.0001686529437430117
Y;9;2 0.0
Y;9;3 3.378411282567399e-05
Y;9;4 0.002038557924708681
Y;9;5 0.0
Y;10;0 0.0
Y;10;1 0.0005180637693030644
Y;10;2 0.0
Y;10;3 0.00016486171282918577
Y;10;4 0.0009179029224725733
Y;10;5 0.0
Y;11;0 0.0
Y;11;1 0.0
Y;11;2 0.0
Y;11;3 0.0
Y;11;4 0.0
Y;11;5 0.0
Y;12;0 0.0
Y;12;1 0.002184944368437716
Y;12;2 6.0811403086213175e-05
Y;12;3 0.0
Y;12;4 0.0006288993553356841
Y;12;5 0.0
Y;13;0 0.0
Y;13;1 0.0002360254610418801
Y;13;2 0.0
Y;13;3 0.0
Y;13;4 0.0008197671844057247
Y;13;5 0.0
Y;14;0 0.0
Y;14;1 0.000214340469454269
Y;14;2 4.0540935390808783e-05
Y;14;3 7.432504821648277e-05
Y;14;4 0.00020393955085779312
Y;14;5 0.0
Y;15;0 0.0
Y;15;1 0.000188216073099218
Y;15;2 6.0811403086213175e-05
Y;15;3 0.00014345547485058552
Y;15;4 0.0004477652790720236
Y;15;5 0.0
Y;16;0 0.0
Y;16;1 0.0018600963192872914
Y;16;2 0.0
Y;16;3 7.432504821648277e-05
Y;16;4 0.0014142526393638758
Y;16;5 0.0
Y;17;0 0.0
Y;17;1 0.0003731162356949957
Y;17;2 0.0
Y;17;3 0.0
Y;17;4 0.0
Y;17;5 0.0
Y;18;0 0.0
Y;18;1 0.00016869976006996285
Y;18;2 0.0
Y;18;3 6.756822565134798e-05
Y;18;4 0.000428680938908538
Y;18;5 0.0
Y;19;0 0.00106211634318565
Y;19;1 0.000252332691083656
Y;19;2 0.0
Y;19;3 8.783869334675238e-05
Y;19;4 0.00015995835883575042
Y;19;5 0.0
Z;0;0 0.0
Z;0;1 0.00018655811784749784
Z;0;2 0.0
Z;0;3 0.0
Z;0;4 0.000713788428002276
Z;0;5 0.0
Z;1;0 0.0
Z;1;1 0.0
Z;1;2 6.756822565134798e-05
Z;1;3 0.0
Z;1;4 0.0007102606277597423
Z;1;5 0.0
Z;2;0 0.0
Z;2;1 0.0007462324713899914
Z;2;2 4.7297757955943585e-05
Z;2;3 0.0
Z;2;4 0.0007007182683629701
Z;2;5 0.0
Z;3;0 0.0
Z;3;1 0.0002359925891244652
Z;3;2 0.0
Z;3;3 0.0
Z;3;4 0.0012429560985795492
Z;3;5 0.0013341901377218034
Z;4;0 0.0
Z;4;1 0.0006716479186080354
Z;4;2 0.0
Z;4;3 0.0
Z;4;4 0.0009327905892374893
Z;4;5 0.0
Z;5;0 0.0
Z;5;1 0.0
Z;5;2 2.702729026053919e-05
Z;5;3 0.0
Z;5;4 0.0015711739996499678
Z;5;5 0.003066447439341775
Z;6;0 0.0
Z;6;1 0.0035832449907141476
Z;6;2 0.0001844427533793242
Z;6;3 0.0
Z;6;4 0.0
Z;6;5 0.0
Z;7;0 0.0
Z;7;1 0.002484155858968399
Z;7;2 0.0
Z;7;3 0.0
Z;7;4 0.0
Z;7;5 0.0
Z;8;0 0.0
Z;8;1 0.000428680938908538
Z;8;2 0.0
Z;8;3 5.405458052107838e-05
Z;8;4 0.0011678637806049501
Z;8;5 0.0
Z;9;0 0.0
Z;9;1 0.0005478186636639442
Z;9;2 6.756822565134798e-05
Z;9;3 0.0
Z;9;4 0.00018655811784749784
Z;9;5 0.0
Z;10;0 0.00475544814766975
Z;10;1 0.0
Z;10;2 5.621764791433724e-05
Z;10;3 8.243085641459288e-05
Z;10;4 0.0007502468643612825
Z;10;5 0.0
Z;11;0 0.0
Z;11;1 0.003456305926908868
Z;11;2 0.0
Z;11;3 2.0493639264369357e-05
Z;11;4 0.0
Z;11;5 0.0
Z;12;0 0.0
Z;12;1 0.0
Z;12;2 0.0
Z;12;3 0.0
Z;12;4 0.0
Z;12;5 0.0
Z;13;0 0.0
Z;13;1 0.0005713359998727156
Z;13;2 0.0
Z;13;3 0.0
Z;13;4 0.0002590318846515322
Z;13;5 0.0
Z;14;0 0.0
Z;14;1 0.00016869976006996285
Z;14;2 0.0
Z;14;3 0.0
Z;14;4 0.00035513031387987115
Z;14;5 0.0
Z;15;0 0.0
Z;15;1 0.0006716479186080354
Z;15;2 0.0
Z;15;3 4.7297757955943585e-05
Z;15;4 0.000428680938908538
Z;15;5 0.0
Z;16;0 0.0
Z;16;1 0.0
Z;16;2 0.0
Z;16;3 0.0
Z;16;4 0.0007283147894792387
Z;16;5 0.0
Z;17;0 0.0
Z;17;1 0.0003913647349714366
Z;17;2 0.0
Z;17;3 0.0
Z;17;4 0.0
Z;17;5 0.0
Z;18;0 0.0
Z;18;1 0.00032979499961937036
Z;18;2 0.0
Z;18;3 0.0
Z;18;4 0.0006148253883042935
Z;18;5 0.0
Z;19;0 0.0
Z;19;1 0.000428680938908538
Z;19;2 0.0
Z;19;3 4.7297757955943585e-05
Z;19;4 0.0008955305581440472
Z;19;5 0.0
W;0;0 0.0
W;0;1 0.0007827294699428732
W;0;2 0.0
W;0;3 0.0
W;0;4 0.0
W;0;5 0.0
W;1;0 0.0
W;1;1 8.634396155051073e-05
W;1;2 0.00012228742482978274
W;1;3 0.0
W;1;4 0.0005068313851352055
W;1;5 0.0
W;2;0 0.0
W;2;1 0.00040048699690164335
W;2;2 0.0
W;2;3 0.00016304989977304363
W;2;4 0.0007827294699428732
W;2;5 0.0
W;3;0 0.0
W;3;1 0.0005596743535424935
W;3;2 4.7297757955943585e-05
W;3;3 0.0
W;3;4 0.0005180637693030644
W;3;5 0.0
W;4;0 0.0
W;4;1 0.0003913647349714366
W;4;2 0.0
W;4;3 0.0
W;4;4 0.00031991671767150085
W;4;5 0.0
W;5;0 0.0
W;5;1 0.00029509780162927286
W;5;2 5.405458052107838e-05
W;5;3 0.0
W;5;4 0.00031991671767150085
W;5;5 0.0025596160542065696
W;6;0 0.0
W;6;1 0.0
W;6;2 2.702729026053919e-05
W;6;3 0.00020381237471630455
W;6;4 0.0
W;6;5 0.0018269759879494724
W;7;0 0.0
W;7;1 0.00040048699690164335
W;7;2 0.0
W;7;3 0.0
W;7;4 0.0
W;7;5 0.0
W;8;0 0.0
W;8;1 0.0002238826395360118
W;8;2 0.0004976951234353786
W;8;3 0.000550726075764387
W;8;4 0.00031470061472250684
W;8;5 0.0007502468643612825
W;9;0 0.0012798080271032848
W;9;1 0.001845049626787258
W;9;2 0.0
W;9;3 0.0
W;9;4 0.0003913647349714366
W;9;5 0.0
W;10;0 0.0
W;10;1 0.0
W;10;2 8.197455705747743e-05
W;10;3 5.621764791433724e-05
W;10;4 0.0
W;10;5 0.004426467024439093
W;11;0 0.0
W;11;1 0.0
W;11;2 0.0
W;11;3 8.108187078161757e-05
W;11;4 0.0
W;11;5 0.0
W;12;0 0.0
W;12;1 0.00010196977542889656
W;12;2 0.0
W;12;3 3.378411282567399e-05
W;12;4 0.00040988359220286237
W;12;5 0.0
W;13;0 0.0
W;13;1 0.000214340469454269
W;13;2 0.0
W;13;3 0.0
W;13;4 0.0
W;13;5 0.0
W;14;0 0.0
W;14;1 0.0001179962945622326
W;14;2 0.0
W;14;3 6.756822565134798e-05
W;14;4 0.0002434154792260771
W;14;5 0.0
W;15;0 0.0
W;15;1 0.0005326954708198067
W;15;2 4.7297757955943585e-05
W;15;3 0.0
W;15;4 0.0005068313851352055
W;15;5 0.0
W;16;0 0.0
W;16;1 0.00018655811784749784
W;16;2 6.0811403086213175e-05
W;16;3 0.0
W;16;4 0.0007007182683629701
W;16;5 0.0
W;17;0 0.0032333616801224286
W;17;1 0.00020494179610143118
W;17;2 0.0
W;17;3 0.0
W;17;4 0.0009736619169043084
W;17;5 0.0018269759879494724
W;18;0 0.0
W;18;1 0.000254456735774856
W;18;2 0.0
W;18;3 0.0
W;18;4 0.0003913647349714366
W;18;5 0.0
W;19;0 0.0
W;19;1 0.0010543140724498616
W;19;2 4.7297757955943585e-05
W;19;3 0.0
W;19;4 0.000302675065006081
W;19;5 0.0
