X;0;0 0.0
X;0;1 0.0012796668706860034
X;0;2 0.0
X;0;3 0.0
X;0;4 0.00037919628452219323
X;0;5 0.0
X;1;0 0.0
X;1;1 0.0011837677129329038
X;1;2 4.504548376756532e-05
X;1;3 0.0
X;1;4 0.00021327781178100057
X;1;5 0.0
X;2;0 0.0013685231127142428
X;2;1 0.0007617813331636208
X;2;2 5.405458052107838e-05
X;2;3 2.702729026053919e-05
X;2;4 0.00026090982331429107
X;2;5 0.0
X;3;0 0.0
X;3;1 0.000376432146198436
X;3;2 4.504548376756532e-05
X;3;3 2.702729026053919e-05
X;3;4 0.000504665382167312
X;3;5 0.0014161551242475334
X;4;0 0.0
X;4;1 0.0008531112471240023
X;4;2 0.0
X;4;3 0.0
X;4;4 0.00021327781178100057
X;4;5 0.0
X;5;0 0.0
X;5;1 0.0003652124424426294
X;5;2 0.0
X;5;3 6.306367727459145e-05
X;5;4 0.001351550360360548
X;5;5 0.0
X;6;0 0.0
X;6;1 0.00046858964966761175
X;6;2 0.0
X;6;3 0.0
X;6;4 0.00020980040981500458
X;6;5 0.0
X;7;0 0.0
X;7;1 0.0
X;7;2 2.732485235249248e-05
X;7;3 0.0
X;7;4 0.0004739953556527415
X;7;5 0.0
X;8;0 0.0
X;8;1 0.0
X;8;2 0.0003260508204156172
X;8;3 0.0008481891192495198
X;8;4 0.0
X;8;5 0.0
X;9;0 0.0
X;9;1 0.00032455397230143614
X;9;2 9.009096753513064e-05
X;9;3 0.0
X;9;4 0.00031143034149465343
X;9;5 0.0
X;10;0 0.0
X;10;1 0.002238697414169974
X;10;2 9.009096753513063e-06
X;10;3 0.0
X;10;4 0.0002509547641322907
X;10;5 0.0
X;11;0 0.0
X;11;1 0.0
X;11;2 0.00015732839274964347
X;11;3 0.00011711825779566983
X;11;4 4.6052232229207936e-05
X;11;5 0.0
X;12;0 0.0
X;12;1 0.0
X;12;2 5.405458052107838e-05
X;12;3 0.0
X;12;4 0.00031465678549928694
X;12;5 0.0
X;13;0 0.0
X;13;1 0.001013662770270411
X;13;2 0.0
X;13;3 0.0
X;13;4 0.0
X;13;5 0.0
X;14;0 0.0020442982928945167
X;14;1 0.0
X;14;2 9.009096753513064e-05
X;14;3 0.0
X;14;4 0.0002732557281352416
X;14;5 0.0
X;15;0 0.0017064107028043796
X;15;1 0.000376432146198436
X;15;2 9.058327765169091e-05
X;15;3 3.6036387014052253e-05
X;15;4 0.0005715745852113841
X;15;5 0.0
X;16;0 0.0
X;16;1 0.0017412090999099799
X;16;2 5.405458052107838e-05
X;16;3 0.0
X;16;4 0.0
X;16;5 0.0
X;17;0 0.0
X;17;1 0.00042655562356200114
X;17;2 0.0
X;17;3 0.0
X;17;4 0.0
X;17;5 0.0
X;18;0 0.0
X;18;1 0.0
X;18;2 0.0
X;18;3 0.0
X;18;4 0.0017140079996181465
X;18;5 0.005838437289542592
X;19;0 0.0014666756424278956
X;19;1 0.000605350130012162
X;19;2 0.0
X;19;3 4.504548376756532e-05
X;19;4 0.00047350708517316157
X;19;5 0.0
Y;0;0 0.0
Y;0;1 0.0006747990402798514
Y;0;2 0.0
Y;0;3 0.0
Y;0;4 0.0
Y;0;5 0.0
Y;1;0 0.0
Y;1;1 0.00020178337667072069
Y;1;2 0.0
Y;1;3 0.0
Y;1;4 0.0006273869103307267
Y;1;5 0.0
Y;2;0 0.0012807226829993875
Y;2;1 0.000752864292396872
Y;2;2 0.0
Y;2;3 2.702729026053919e-05
Y;2;4 0.0
Y;2;5 0.0
Y;3;0 0.0
Y;3;1 0.0004240945596247599
Y;3;2 0.0
Y;3;3 3.6036387014052253e-05
Y;3;4 0.00042655562356200114
Y;3;5 0.0
Y;4;0 0.0
Y;4;1 0.0010089168833536033
Y;4;2 8.108187078161757e-05
Y;4;3 0.0
Y;4;4 0.0
Y;4;5 0.0
Y;5;0 0.0
Y;5;1 0.00043772192326732085
Y;5;2 0.0
Y;5;3 3.6036387014052253e-05
Y;5;4 0.0015654589398857463
Y;5;5 0.0
Y;6;0 0.0
Y;6;1 0.00031143034149465343
Y;6;2 0.0
Y;6;3 0.0
Y;6;4 0.00157453109398632
Y;6;5 0.004561373230127615
Y;7;0 0.0
Y;7;1 0.0
Y;7;2 4.504548376756532e-05
Y;7;3 0.0
Y;7;4 0.0
Y;7;5 0.0
Y;8;0 0.0
Y;8;1 0.0
Y;8;2 0.0
Y;8;3 8.108187078161757e-05
Y;8;4 0.001194040744192063
Y;8;5 0.0
Y;9;0 0.0
Y;9;1 0.00022487059165734896
Y;9;2 0.0
Y;9;3 4.504548376756532e-05
Y;9;4 0.0004530128721574847
Y;9;5 0.0
Y;10;0 0.0
Y;10;1 0.0002302505641346953
Y;10;2 0.0
Y;10;3 3.6635936184263504e-05
Y;10;4 0.002447741126593529
Y;10;5 0.004105569338142728
Y;11;0 0.0
Y;11;1 0.0
Y;11;2 0.0
Y;11;3 0.0
Y;11;4 0.004218600195196599
Y;11;5 0.0
Y;12;0 0.0
Y;12;1 0.0
Y;12;2 5.405458052107838e-05
Y;12;3 0.0
Y;12;4 0.0
Y;12;5 0.0
Y;13;0 0.0
Y;13;1 0.0
Y;13;2 0.0
Y;13;3 0.0
Y;13;4 0.0
Y;13;5 0.0
Y;14;0 0.0
Y;14;1 0.00028578729260569203
Y;14;2 8.108187078161757e-05
Y;14;3 4.504548376756532e-05
Y;14;4 0.0
Y;14;5 0.0
Y;15;0 0.0012807226829993875
Y;15;1 0.000376432146198436
Y;15;2 4.504548376756532e-05
Y;15;3 0.00013662426176246238
Y;15;4 0.00029851018604801574
Y;15;5 0.0
Y;16;0 0.0
Y;16;1 0.0
Y;16;2 0.0
Y;16;3 4.504548376756532e-05
Y;16;4 0.0
Y;16;5 0.0
Y;17;0 0.0
Y;17;1 0.0
Y;17;2 0.0
Y;17;3 0.0
Y;17;4 0.0
Y;17;5 0.0
Y;18;0 0.0
Y;18;1 0.0
Y;18;2 0.0
Y;18;3 7.207277402810451e-05
Y;18;4 0.00028578729260569203
Y;18;5 0.0
Y;19;0 0.0014161551242475334
Y;19;1 0.000504665382167312
Y;19;2 0.0
Y;19;3 1.8018193507026127e-05
Y;19;4 0.0006398334353430017
Y;19;5 0.0
Z;0;0 0.0
Z;0;1 0.0014924649427799828
Z;0;2 0.0
Z;0;3 0.0
Z;0;4 0.00040787910171558625
Z;0;5 0.0
Z;1;0 0.0
Z;1;1 0.0006747990402798514
Z;1;2 3.6036387014052253e-05
Z;1;3 0.0
Z;1;4 0.00023675354258658078
Z;1;5 0.0
Z;2;0 0.0
Z;2;1 0.0
Z;2;2 4.504548376756532e-05
Z;2;3 0.0
Z;2;4 0.00031143034149465343
Z;2;5 0.0021555744534149527
Z;3;0 0.001946145763180864
Z;3;1 0.00031465678549928694
Z;3;2 0.0
Z;3;3 0.0
Z;3;4 0.0
Z;3;5 0.0
Z;4;0 0.0
Z;4;1 0.0
Z;4;2 0.0
Z;4;3 0.0
Z;4;4 0.0012437207856499856
Z;4;5 0.0
Z;5;0 0.0
Z;5;1 0.0005511654018711375
Z;5;2 2.702729026053919e-05
Z;5;3 0.0
Z;5;4 0.0003808906665818104
Z;5;5 0.0
Z;6;0 0.01430828001868811
Z;6;1 0.0047776599876188635
Z;6;2 5.464970470498496e-05
Z;6;3 0.0
Z;6;4 0.0
Z;6;5 0.0
Z;7;0 0.0
Z;7;1 0.000662441562391573
Z;7;2 0.0
Z;7;3 0.0
Z;7;4 0.0
Z;7;5 0.0
Z;8;0 0.0
Z;8;1 0.0
Z;8;2 0.0
Z;8;3 8.108187078161757e-05
Z;8;4 0.0006228606829893069
Z;8;5 0.0017064107028043796
Z;9;0 0.0
Z;9;1 0.0
Z;9;2 9.009096753513063e-06
Z;9;3 0.0
Z;9;4 0.0002487441571299971
Z;9;5 0.0
Z;10;0 0.0
Z;10;1 0.0
Z;10;2 0.0011243529582867448
Z;10;3 0.0
Z;10;4 0.0
Z;10;5 0.0
Z;11;0 0.0
Z;11;1 0.0
Z;11;2 0.0
Z;11;3 2.732485235249248e-05
Z;11;4 0.0
Z;11;5 0.0
Z;12;0 0.0
Z;12;1 0.0
Z;12;2 0.0
Z;12;3 0.0
Z;12;4 0.0
Z;12;5 0.0
Z;13;0 0.0
Z;13;1 0.0007617813331636208
Z;13;2 0.0
Z;13;3 0.0
Z;13;4 0.0
Z;13;5 0.0
Z;14;0 0.0
Z;14;1 0.00157453109398632
Z;14;2 0.0
Z;14;3 0.0
Z;14;4 0.0
Z;14;5 0.0
Z;15;0 0.0
Z;15;1 0.0005970203720960315
Z;15;2 0.0
Z;15;3 6.306367727459145e-05
Z;15;4 0.0
Z;15;5 0.0
Z;16;0 0.0
Z;16;1 0.0
Z;16;2 0.0
Z;16;3 0.0
Z;16;4 0.0
Z;16;5 0.0
Z;17;0 0.0
Z;17;1 0.0
Z;17;2 0.0
Z;17;3 0.0
Z;17;4 0.0
Z;17;5 0.0
Z;18;0 0.0
Z;18;1 0.0
Z;18;2 0.0
Z;18;3 0.0
Z;18;4 0.0002732557281352416
Z;18;5 0.0
Z;19;0 0.0
Z;19;1 0.0014289364630284602
Z;19;2 0.0
Z;19;3 9.009096753513063e-06
Z;19;4 0.0
Z;19;5 0.0
W;0;0 0.0
W;0;1 0.0005218196466285821
W;0;2 0.0
W;0;3 0.0
W;0;4 0.0
W;0;5 0.0
W;1;0 0.0
W;1;1 0.0002302505641346953
W;1;2 0.00019928321083372003
W;1;3 0.0
W;1;4 0.0
W;1;5 0.0
W;2;0 0.0
W;2;1 0.0005339826625355245
W;2;2 0.0
W;2;3 3.6233311060676366e-05
W;2;4 0.0005218196466285821
W;2;5 0.0
W;3;0 0.0
W;3;1 0.0
W;3;2 5.405458052107838e-05
W;3;3 0.0
W;3;4 0.0002302505641346953
W;3;5 0.0
W;4;0 0.0
W;4;1 0.00026090982331429107
W;4;2 0.0
W;4;3 0.0
W;4;4 0.0012796668706860034
W;4;5 0.0
W;5;0 0.0
W;5;1 0.0
W;5;2 7.207277402810451e-05
W;5;3 0.0
W;5;4 0.0
W;5;5 0.0
W;6;0 0.0
W;6;1 0.0
W;6;2 9.009096753513063e-06
W;6;3 3.6233311060676366e-05
W;6;4 0.003171090105102393
W;6;5 0.012179839919663149
W;7;0 0.0
W;7;1 0.0
W;7;2 0.0
W;7;3 0.0
W;7;4 0.0005511654018711375
W;7;5 0.0
W;8;0 0.0
W;8;1 0.0
W;8;2 0.0005687944267832898
W;8;3 0.0008392016392600183
W;8;4 0.00010490020490750229
W;8;5 0.0
W;9;0 0.0
W;9;1 0.0
W;9;2 0.0
W;9;3 0.0
W;9;4 0.00026090982331429107
W;9;5 0.0
W;10;0 0.0
W;10;1 0.0
W;10;2 0.0
W;10;3 0.0011243529582867448
W;10;4 0.0
W;10;5 0.0
W;11;0 0.0
W;11;1 0.0006825228553741234
W;11;2 0.0
W;11;3 0.00010810916104215676
W;11;4 0.0
W;11;5 0.0
W;12;0 0.0
W;12;1 0.00027191940114372416
W;12;2 0.0
W;12;3 5.405458052107838e-05
W;12;4 0.0
W;12;5 0.0
W;13;0 0.0
W;13;1 0.0
W;13;2 0.0
W;13;3 0.0
W;13;4 0.0
W;13;5 0.0
W;14;0 0.0
W;14;1 0.0
W;14;2 0.0
W;14;3 5.405458052107838e-05
W;14;4 0.0022718778061100527
W;14;5 0.0
W;15;0 0.0
W;15;1 0.00023675354258658078
W;15;2 7.207277402810451e-05
W;15;3 0.0
W;15;4 0.000675775180180274
W;15;5 0.0
W;16;0 0.0
W;16;1 0.0017412090999099799
W;16;2 5.405458052107838e-05
W;16;3 0.0
W;16;4 0.0
W;16;5 0.0
W;17;0 0.0
W;17;1 0.0005465114562704832
W;17;2 0.0
W;17;3 0.0
W;17;4 0.0
W;17;5 0.0
W;18;0 0.0
W;18;1 0.001017826943099424
W;18;2 0.0
W;18;3 0.0
W;18;4 0.0
W;18;5 0.0
W;19;0 0.0
W;19;1 0.0
W;19;2 9.009096753513063e-06
W;19;3 0.0
W;19;4 0.0010089168833536033
W;19;5 0.0
