X;0;0 0.0
X;0;1 0.0
X;0;2 0.0
X;0;3 0.0
X;0;4 8.887412918488904e-05
X;0;5 0.0
X;1;0 0.0
X;1;1 0.00044391289234983896
X;1;2 5.067616923851098e-05
X;1;3 0.0
X;1;4 0.0
X;1;5 0.0
X;2;0 0.0012829904181696026
X;2;1 0.0007141699998408945
X;2;2 5.067616923851098e-05
X;2;3 4.2230141032092486e-05
X;2;4 0.0
X;2;5 0.0
X;3;0 0.0
X;3;1 0.0002352700913740225
X;3;2 4.2230141032092486e-05
X;3;3 3.378411282567399e-05
X;3;4 0.000788539659636425
X;3;5 0.0
X;4;0 0.0
X;4;1 0.00019994794854468804
X;4;2 0.0
X;4;3 0.0
X;4;4 0.000599843845634064
X;4;5 0.0
X;5;0 0.0
X;5;1 0.0
X;5;2 0.0
X;5;3 2.533808461925549e-05
X;5;4 0.0
X;5;5 0.0
X;6;0 0.0
X;6;1 0.0035144223725070882
X;6;2 0.0
X;6;3 0.0
X;6;4 0.00019668788420156678
X;6;5 0.0
X;7;0 0.0
X;7;1 0.0
X;7;2 0.00023055344172415526
X;7;3 0.0
X;7;4 8.887412918488904e-05
X;7;5 0.0
X;8;0 0.0
X;8;1 0.000473123795781855
X;8;2 0.0005502107594513541
X;8;3 0.00023855318978892746
X;8;4 0.00017854249996022362
X;8;5 0.0
X;9;0 0.0
X;9;1 0.0
X;9;2 9.290631027060347e-05
X;9;3 0.0
X;9;4 0.0
X;9;5 0.0
X;10;0 0.0
X;10;1 0.002331976473093723
X;10;2 2.533808461925549e-05
X;10;3 0.0
X;10;4 0.0002352700913740225
X;10;5 0.0
X;11;0 0.0
X;11;1 0.0
X;11;2 0.0007374768410139537
X;11;3 6.756822565134798e-05
X;11;4 4.317396771488244e-05
X;11;5 0.0015269553619747535
X;12;0 0.0
X;12;1 0.0007685317353803669
X;12;2 5.067616923851098e-05
X;12;3 0.0
X;12;4 0.00014749536820279075
X;12;5 0.0
X;13;0 0.0
X;13;1 0.00031676961570950346
X;13;2 0.0
X;13;3 0.0
X;13;4 0.0006475797116288305
X;13;5 0.0
X;14;0 0.0019165296495886096
X;14;1 0.001024708980507156
X;14;2 7.601425385776648e-05
X;14;3 0.0
X;14;4 0.000256177245126789
X;14;5 0.0
X;15;0 0.0
X;15;1 0.0
X;15;2 1.6984364559692047e-05
X;15;3 0.00010979836668344047
X;15;4 0.0005358511736356725
X;15;5 0.0
X;16;0 0.0
X;16;1 0.00046639529461874464
X;16;2 2.533808461925549e-05
X;16;3 0.0
X;16;4 0.0005839318903024751
X;16;5 0.0
X;17;0 0.0
X;17;1 0.00019994794854468804
X;17;2 0.0
X;17;3 0.0
X;17;4 0.0
X;17;5 0.0
X;18;0 0.0
X;18;1 0.0006589462952811636
X;18;2 0.0
X;18;3 0.0
X;18;4 0.0
X;18;5 0.0
X;19;0 0.0
X;19;1 0.0003783438312576013
X;19;2 0.0
X;19;3 5.912219744492947e-05
X;19;4 0.00044391289234983896
X;19;5 0.0
Y;0;0 0.0
Y;0;1 0.0010543735004372677
Y;0;2 0.0
Y;0;3 0.0
Y;0;4 0.0
Y;0;5 0.0
Y;1;0 0.0
Y;1;1 0.0
Y;1;2 0.0
Y;1;3 0.0
Y;1;4 0.0002352700913740225
Y;1;5 0.0
Y;2;0 0.0012006775153119258
Y;2;1 0.000470540182748045
Y;2;2 0.0
Y;2;3 3.378411282567399e-05
Y;2;4 0.0
Y;2;5 0.0
Y;3;0 0.0
Y;3;1 0.00023855318978892746
Y;3;2 0.0
Y;3;3 3.378411282567399e-05
Y;3;4 0.0007997917941787522
Y;3;5 0.0
Y;4;0 0.0
Y;4;1 0.0
Y;4;2 1.6892056412836994e-05
Y;4;3 0.0
Y;4;4 0.00030426934903259636
Y;4;5 0.0
Y;5;0 0.0
Y;5;1 0.0
Y;5;2 0.0
Y;5;3 1.6892056412836994e-05
Y;5;4 0.0
Y;5;5 0.0
Y;6;0 0.0
Y;6;1 0.003211625396663613
Y;6;2 0.0
Y;6;3 3.4346190172747036e-05
Y;6;4 0.00021087470008745356
Y;6;5 0.0
Y;7;0 0.0
Y;7;1 0.0006398651769132407
Y;7;2 0.00010135233847702197
Y;7;3 0.0
Y;7;4 0.0010012174922541083
Y;7;5 0.0
Y;8;0 0.0
Y;8;1 0.0
Y;8;2 0.0
Y;8;3 6.756822565134798e-05
Y;8;4 0.0
Y;8;5 0.0
Y;9;0 0.0
Y;9;1 0.00042163235935752927
Y;9;2 0.0
Y;9;3 8.446028206418497e-06
Y;9;4 0.0
Y;9;5 0.0
Y;10;0 0.0
Y;10;1 0.0011872294713195226
Y;10;2 0.0
Y;10;3 6.869238034549407e-05
Y;10;4 0.00038245955103023894
Y;10;5 0.0
Y;11;0 0.0
Y;11;1 0.0
Y;11;2 0.0
Y;11;3 0.0
Y;11;4 0.001318312560998937
Y;11;5 0.0
Y;12;0 0.0
Y;12;1 0.0
Y;12;2 0.00011824439488985895
Y;12;3 0.0
Y;12;4 0.0007861241941696051
Y;12;5 0.0
Y;13;0 0.0
Y;13;1 0.0004917197105039169
Y;13;2 0.0
Y;13;3 0.0
Y;13;4 0.0
Y;13;5 0.0
Y;14;0 0.0
Y;14;1 0.0
Y;14;2 1.6892056412836994e-05
Y;14;3 7.601425385776648e-05
Y;14;4 0.0005098488771444828
Y;14;5 0.0019165296495886096
Y;15;0 0.0
Y;15;1 0.0
Y;15;2 4.2230141032092486e-05
Y;15;3 0.00023055344172415526
Y;15;4 0.0005597065988400295
Y;15;5 0.0
Y;16;0 0.0
Y;16;1 0.0
Y;16;2 0.0
Y;16;3 7.601425385776648e-05
Y;16;4 0.0008839078996024224
Y;16;5 0.0
Y;17;0 0.0
Y;17;1 0.00023319764730937232
Y;17;2 0.0
Y;17;3 0.0
Y;17;4 0.0
Y;17;5 0.0
Y;18;0 0.0
Y;18;1 0.0
Y;18;2 0.0
Y;18;3 9.290631027060347e-05
Y;18;4 0.0008037767604535088
Y;18;5 0.0
Y;19;0 0.0
Y;19;1 0.00031541586385457
Y;19;2 0.0
Y;19;3 6.756822565134798e-05
Y;19;4 0.00019994794854468804
Y;19;5 0.0
Z;0;0 0.0
Z;0;1 0.0
Z;0;2 0.0
Z;0;3 0.0
Z;0;4 0.0
Z;0;5 0.0
Z;1;0 0.0
Z;1;1 0.00021087470008745356
Z;1;2 5.067616923851098e-05
Z;1;3 0.0
Z;1;4 0.00022195644617491948
Z;1;5 0.0
Z;2;0 0.0
Z;2;1 0.00046639529461874464
Z;2;2 4.2230141032092486e-05
Z;2;3 0.0
Z;2;4 0.0005839318903024751
Z;2;5 0.0
Z;3;0 0.0
Z;3;1 0.0004424861046083722
Z;3;2 0.0
Z;3;3 0.0
Z;3;4 0.00044391289234983896
Z;3;5 0.0
Z;4;0 0.0
Z;4;1 0.00027985329942001476
Z;4;2 0.0
Z;4;3 0.0
Z;4;4 0.0
Z;4;5 0.0
Z;5;0 0.0
Z;5;1 0.0036170229497793395
Z;5;2 5.912219744492947e-05
Z;5;3 0.0
Z;5;4 0.00017854249996022362
Z;5;5 0.0
Z;6;0 0.0
Z;6;1 0.0
Z;6;2 5.123409816092339e-05
Z;6;3 0.0
Z;6;4 0.000589981472811163
Z;6;5 0.007724617654697647
Z;7;0 0.0
Z;7;1 0.0
Z;7;2 0.0
Z;7;3 0.0
Z;7;4 0.0
Z;7;5 0.0
Z;8;0 0.0
Z;8;1 0.0
Z;8;2 0.0
Z;8;3 6.756822565134798e-05
Z;8;4 0.0
Z;8;5 0.0
Z;9;0 0.0
Z;9;1 0.0
Z;9;2 2.533808461925549e-05
Z;9;3 0.0
Z;9;4 0.00023319764730937232
Z;9;5 0.0
Z;10;0 0.002774011419474021
Z;10;1 0.0016075535209070177
Z;10;2 0.0001405441197858431
Z;10;3 3.4346190172747036e-05
Z;10;4 0.0
Z;10;5 0.0
Z;11;0 0.0
Z;11;1 0.0014401274695453618
Z;11;2 0.0
Z;11;3 0.00020493639264369356
Z;11;4 0.0012006775153119258
Z;11;5 0.0
Z;12;0 0.0
Z;12;1 0.0
Z;12;2 0.0
Z;12;3 0.0
Z;12;4 0.0010263466158476995
Z;12;5 0.0
Z;13;0 0.0
Z;13;1 0.0
Z;13;2 0.0
Z;13;3 0.0
Z;13;4 0.0004317198077525537
Z;13;5 0.0
Z;14;0 0.0
Z;14;1 0.0
Z;14;2 0.0
Z;14;3 0.0
Z;14;4 0.00022195644617491948
Z;14;5 0.0
Z;15;0 0.0016677376721522545
Z;15;1 0.00027985329942001476
Z;15;2 0.0
Z;15;3 5.067616923851098e-05
Z;15;4 0.0005358511736356725
Z;15;5 0.0
Z;16;0 0.0
Z;16;1 0.0
Z;16;2 0.0
Z;16;3 0.0
Z;16;4 0.0
Z;16;5 0.0
Z;17;0 0.0
Z;17;1 0.0002446029593571479
Z;17;2 0.0
Z;17;3 0.0
Z;17;4 0.0
Z;17;5 0.0
Z;18;0 0.0
Z;18;1 0.00041224374952421295
Z;18;2 0.0
Z;18;3 0.0
Z;18;4 0.0
Z;18;5 0.0
Z;19;0 0.0
Z;19;1 0.0005358511736356725
Z;19;2 0.0
Z;19;3 3.378411282567399e-05
Z;19;4 0.0008395598982600442
Z;19;5 0.0
W;0;0 0.0
W;0;1 0.0
W;0;2 0.0
W;0;3 0.0
W;0;4 0.0006870729158736882
W;0;5 0.0
W;1;0 0.0
W;1;1 0.00032378985581441527
W;1;2 8.492182279846023e-05
W;1;3 0.0
W;1;4 0.00031676961570950346
W;1;5 0.0
W;2;0 0.0
W;2;1 0.0010012174922541083
W;2;2 0.0
W;2;3 0.00015285928103722844
W;2;4 0.0002446029593571479
W;2;5 0.0
W;3;0 0.0
W;3;1 0.00046639529461874464
W;3;2 7.601425385776648e-05
W;3;3 0.0
W;3;4 0.00010792995193813843
W;3;5 0.0
W;4;0 0.0
W;4;1 0.0007338088780714435
W;4;2 0.0
W;4;3 0.0
W;4;4 0.00019994794854468804
W;4;5 0.0
W;5;0 0.0
W;5;1 0.0003688722520365911
W;5;2 0.00010135233847702197
W;5;3 0.0
W;5;4 0.0
W;5;5 0.0
W;6;0 0.006110422361884755
W;6;1 0.0006722230613029547
W;6;2 8.446028206418497e-06
W;6;3 1.6984364559692047e-05
W;6;4 0.00042469956764764195
W;6;5 0.0
W;7;0 0.0
W;7;1 0.0
W;7;2 0.0
W;7;3 0.0
W;7;4 0.0
W;7;5 0.0
W;8;0 0.0
W;8;1 0.0005597065988400295
W;8;2 0.0008887412918488903
W;8;3 0.0002950318263023501
W;8;4 9.834394210078339e-05
W;8;5 0.0
W;9;0 0.0
W;9;1 0.0
W;9;2 0.0
W;9;3 0.0
W;9;4 0.0002446029593571479
W;9;5 0.0
W;10;0 0.0
W;10;1 0.0
W;10;2 2.5617049080461695e-05
W;10;3 7.027205989292155e-05
W;10;4 0.0021298854432281744
W;10;5 0.0025821057642561374
W;11;0 0.0
W;11;1 0.0012797303538264813
W;11;2 0.0
W;11;3 6.756822565134798e-05
W;11;4 0.0010582387990666488
W;11;5 0.0
W;12;0 0.0
W;12;1 0.0001274622192861207
W;12;2 0.0
W;12;3 5.067616923851098e-05
W;12;4 0.0007685317353803669
W;12;5 0.0
W;13;0 0.0
W;13;1 0.001071702347271345
W;13;2 0.0
W;13;3 0.0
W;13;4 0.00030426934903259636
W;13;5 0.0
W;14;0 0.0
W;14;1 0.0004424861046083722
W;14;2 0.0
W;14;3 2.533808461925549e-05
W;14;4 0.00030426934903259636
W;14;5 0.0
W;15;0 0.0
W;15;1 0.00044391289234983896
W;15;2 5.067616923851098e-05
W;15;3 0.0
W;15;4 0.00031676961570950346
W;15;5 0.0014254291344148798
W;16;0 0.0
W;16;1 0.00046639529461874464
W;16;2 2.533808461925549e-05
W;16;3 0.0
W;16;4 0.0005839318903024751
W;16;5 0.0
W;17;0 0.0
W;17;1 0.000256177245126789
W;17;2 0.0
W;17;3 0.0
W;17;4 0.00030426934903259636
W;17;5 0.0
W;18;0 0.0
W;18;1 0.00039758864964821244
W;18;2 0.0
W;18;3 0.0
W;18;4 0.0
W;18;5 0.0
W;19;0 0.0
W;19;1 0.0009884194429217452
W;19;2 3.378411282567399e-05
W;19;3 0.0
W;19;4 0.0003783438312576013
W;19;5 0.0
