X;0;0 0.0
X;0;1 0.0003998958970893761
X;0;2 0.0
X;0;3 0.0
X;0;4 0.0007109930334791123
X;0;5 0.0
X;1;0 0.0
X;1;1 0.0008878257846996779
X;1;2 5.067616923851098e-05
X;1;3 0.0
X;1;4 0.0003998958970893761
X;1;5 0.0
X;2;0 0.0
X;2;1 0.0
X;2;2 8.446028206418497e-05
X;2;3 2.533808461925549e-05
X;2;4 0.0007338088780714435
X;2;5 0.0
X;3;0 0.0
X;3;1 0.000470540182748045
X;3;2 5.912219744492947e-05
X;3;3 3.378411282567399e-05
X;3;4 0.000157707931927285
X;3;5 0.0
X;4;0 0.0
X;4;1 0.0003998958970893761
X;4;2 0.0
X;4;3 0.0
X;4;4 0.000599843845634064
X;4;5 0.0
X;5;0 0.0020208510500765177
X;5;1 0.003081479983109686
X;5;2 0.0
X;5;3 1.6892056412836994e-05
X;5;4 0.0006335392314190069
X;5;5 0.0
X;6;0 0.0
X;6;1 0.0008786055931267721
X;6;2 0.0
X;6;3 0.0
X;6;4 0.0005900636526047003
X;6;5 0.0
X;7;0 0.0
X;7;1 0.0
X;7;2 2.5617049080461695e-05
X;7;3 0.0
X;7;4 0.0006221189042942231
X;7;5 0.004232955196266595
X;8;0 0.0
X;8;1 0.000473123795781855
X;8;2 0.0004890762306234258
X;8;3 0.00031807091971856996
X;8;4 0.00017854249996022362
X;8;5 0.0
X;9;0 0.0
X;9;1 0.00030426934903259636
X;9;2 2.533808461925549e-05
X;9;3 0.0
X;9;4 0.00029196594515123754
X;9;5 0.0
X;10;0 0.0
X;10;1 0.0013991858838562337
X;10;2 5.912219744492947e-05
X;10;3 0.0
X;10;4 0.0
X;10;5 0.0
X;11;0 0.0
X;11;1 0.0
X;11;2 0.00014749536820279075
X;11;3 0.00010979836668344047
X;11;4 8.634793542976488e-05
X;11;5 0.0
X;12;0 0.0
X;12;1 0.000512354490253578
X;12;2 5.912219744492947e-05
X;12;3 0.0
X;12;4 0.0
X;12;5 0.0
X;13;0 0.0022837199849368404
X;13;1 0.00031676961570950346
X;13;2 0.0
X;13;3 0.0
X;13;4 0.0
X;13;5 0.0
X;14;0 0.0
X;14;1 0.001024708980507156
X;14;2 5.067616923851098e-05
X;14;3 0.0
X;14;4 0.001024708980507156
X;14;5 0.0
X;15;0 0.0063990401355164235
X;15;1 0.0007058102741220675
X;15;2 6.793745823876819e-05
X;15;3 1.6892056412836994e-05
X;15;4 0.0
X;15;5 0.0
X;16;0 0.0
X;16;1 0.00046639529461874464
X;16;2 8.446028206418497e-06
X;16;3 0.0
X;16;4 0.0023357275612099003
X;16;5 0.0
X;17;0 0.0
X;17;1 0.00019994794854468804
X;17;2 0.0
X;17;3 0.0
X;17;4 0.0012670784628380138
X;17;5 0.0
X;18;0 0.0
X;18;1 0.0003294731476405818
X;18;2 0.0
X;18;3 0.0
X;18;4 0.0
X;18;5 0.0
X;19;0 0.0013750084147761523
X;19;1 0.0003783438312576013
X;19;2 0.0
X;19;3 4.2230141032092486e-05
X;19;4 0.0011097822308745973
X;19;5 0.00182451165298206
Y;0;0 0.0
Y;0;1 0.0
Y;0;2 0.0
Y;0;3 0.0
Y;0;4 0.0005358511736356725
Y;0;5 0.0
Y;1;0 0.0
Y;1;1 0.0003783438312576013
Y;1;2 0.0
Y;1;3 0.0
Y;1;4 0.0005881752284350563
Y;1;5 0.0
Y;2;0 0.0
Y;2;1 0.0
Y;2;2 0.0
Y;2;3 2.533808461925549e-05
Y;2;4 0.000912808047097789
Y;2;5 0.0
Y;3;0 0.0
Y;3;1 0.0004771063795778549
Y;3;2 0.0
Y;3;3 1.6892056412836994e-05
Y;3;4 0.0003998958970893761
Y;3;5 0.0
Y;4;0 0.0
Y;4;1 0.0007566876625152026
Y;4;2 4.2230141032092486e-05
Y;4;3 0.0
Y;4;4 0.0006085386980651927
Y;4;5 0.0
Y;5;0 0.0
Y;5;1 0.0
Y;5;2 0.0
Y;5;3 8.446028206418497e-05
Y;5;4 0.0004892059187142958
Y;5;5 0.0
Y;6;0 0.0
Y;6;1 0.0005839318903024751
Y;6;2 0.0
Y;6;3 0.0002747695213819763
Y;6;4 0.0010543735004372677
Y;6;5 0.0
Y;7;0 0.0
Y;7;1 0.0
Y;7;2 4.2230141032092486e-05
Y;7;3 0.0
Y;7;4 0.0030036524767623252
Y;7;5 0.0
Y;8;0 0.0
Y;8;1 0.0006085386980651927
Y;8;2 0.0
Y;8;3 5.912219744492947e-05
Y;8;4 0.00027985329942001476
Y;8;5 0.0
Y;9;0 0.0
Y;9;1 0.00021081617967876463
Y;9;2 0.0
Y;9;3 4.2230141032092486e-05
Y;9;4 0.0
Y;9;5 0.0
Y;10;0 0.0
Y;10;1 0.0008634396155051074
Y;10;2 0.0
Y;10;3 3.4346190172747036e-05
Y;10;4 0.0
Y;10;5 0.0
Y;11;0 0.0
Y;11;1 0.0009103934868490484
Y;11;2 0.0
Y;11;3 0.0
Y;11;4 0.0
Y;11;5 0.0
Y;12;0 0.0
Y;12;1 0.0
Y;12;2 5.912219744492947e-05
Y;12;3 0.0
Y;12;4 0.0
Y;12;5 0.0
Y;13;0 0.0
Y;13;1 0.0
Y;13;2 0.0
Y;13;3 0.0
Y;13;4 0.0007685317353803669
Y;13;5 0.0
Y;14;0 0.0022837199849368404
Y;14;1 0.00026792558681783626
Y;14;2 2.533808461925549e-05
Y;14;3 4.2230141032092486e-05
Y;14;4 0.0007647733157167242
Y;14;5 0.0
Y;15;0 0.00840474260718348
Y;15;1 0.0005881752284350563
Y;15;2 2.533808461925549e-05
Y;15;3 2.5617049080461695e-05
Y;15;4 0.0
Y;15;5 0.0
Y;16;0 0.0
Y;16;1 0.0
Y;16;2 0.0
Y;16;3 6.756822565134798e-05
Y;16;4 0.0
Y;16;5 0.0
Y;17;0 0.0
Y;17;1 0.00046639529461874464
Y;17;2 0.0
Y;17;3 0.0
Y;17;4 0.0014193713873455651
Y;17;5 0.0
Y;18;0 0.0
Y;18;1 0.00021087470008745356
Y;18;2 0.0
Y;18;3 0.00010135233847702197
Y;18;4 0.0
Y;18;5 0.0
Y;19;0 0.0013276454289820625
Y;19;1 0.00031541586385457
Y;19;2 0.0
Y;19;3 4.2230141032092486e-05
Y;19;4 0.0009997397427234402
Y;19;5 0.0013750084147761523
Z;0;0 0.0
Z;0;1 0.0006995929419281169
Z;0;2 0.0
Z;0;3 0.0
Z;0;4 0.0002549244385722414
Z;0;5 0.0
Z;1;0 0.002458050884401067
Z;1;1 0.0012652482005247212
Z;1;2 5.067616923851098e-05
Z;1;3 0.0
Z;1;4 0.00044391289234983896
Z;1;5 0.0
Z;2;0 0.0
Z;2;1 0.00023319764730937232
Z;2;2 2.533808461925549e-05
Z;2;3 0.0
Z;2;4 0.0020437616160586627
Z;2;5 0.0
Z;3;0 0.0
Z;3;1 0.0007374768410139537
Z;3;2 0.0
Z;3;3 0.0
Z;3;4 0.00044391289234983896
Z;3;5 0.0
Z;4;0 0.0
Z;4;1 0.0005597065988400295
Z;4;2 0.0
Z;4;3 0.0
Z;4;4 0.0009327905892374893
Z;4;5 0.0
Z;5;0 0.0
Z;5;1 0.0010334351285083828
Z;5;2 8.446028206418497e-06
Z;5;3 0.0
Z;5;4 0.0010712549997613416
Z;5;5 0.0019165296495886096
Z;6;0 0.0
Z;6;1 0.0012797303538264813
Z;6;2 5.123409816092339e-05
Z;6;3 0.0
Z;6;4 0.0008849722092167444
Z;6;5 0.0
Z;7;0 0.0
Z;7;1 0.003726233788452598
Z;7;2 0.0
Z;7;3 0.0
Z;7;4 0.0
Z;7;5 0.0
Z;8;0 0.0
Z;8;1 0.0005358511736356725
Z;8;2 0.0
Z;8;3 5.067616923851098e-05
Z;8;4 0.0005839318903024751
Z;8;5 0.0
Z;9;0 0.0
Z;9;1 0.0
Z;9;2 1.6892056412836994e-05
Z;9;3 0.0
Z;9;4 0.00023319764730937232
Z;9;5 0.0
Z;10;0 0.002774011419474021
Z;10;1 0.0016075535209070177
Z;10;2 0.0001405441197858431
Z;10;3 3.4346190172747036e-05
Z;10;4 0.0
Z;10;5 0.0
Z;11;0 0.0
Z;11;1 0.0
Z;11;2 0.0
Z;11;3 0.0002817875398850787
Z;11;4 0.0
Z;11;5 0.0
Z;12;0 0.0
Z;12;1 0.0010263466158476995
Z;12;2 0.0
Z;12;3 0.0
Z;12;4 0.0
Z;12;5 0.0
Z;13;0 0.0
Z;13;1 0.0008927124998011181
Z;13;2 0.0
Z;13;3 0.0
Z;13;4 0.0
Z;13;5 0.0
Z;14;0 0.002458050884401067
Z;14;1 0.0012652482005247212
Z;14;2 0.0
Z;14;3 0.0
Z;14;4 0.00022195644617491948
Z;14;5 0.0020208510500765177
Z;15;0 0.0
Z;15;1 0.0
Z;15;2 0.0
Z;15;3 3.378411282567399e-05
Z;15;4 0.0013396279340891814
Z;15;5 0.00182451165298206
Z;16;0 0.0
Z;16;1 0.0
Z;16;2 0.0
Z;16;3 0.0
Z;16;4 0.0009103934868490484
Z;16;5 0.0
Z;17;0 0.0
Z;17;1 0.0002446029593571479
Z;17;2 0.0
Z;17;3 0.0
Z;17;4 0.001512501887931648
Z;17;5 0.0
Z;18;0 0.0
Z;18;1 0.0010993166653979012
Z;18;2 0.0
Z;18;3 0.0
Z;18;4 0.000256177245126789
Z;18;5 0.0
Z;19;0 0.0
Z;19;1 0.0008037767604535088
Z;19;2 0.0
Z;19;3 5.912219744492947e-05
Z;19;4 0.0008395598982600442
Z;19;5 0.0
W;0;0 0.0
W;0;1 0.0004892059187142958
W;0;2 0.0
W;0;3 0.0
W;0;4 0.0009619020822231634
W;0;5 0.0020208510500765177
W;1;0 0.002458050884401067
W;1;1 0.0006475797116288305
W;1;2 8.492182279846023e-05
W;1;3 0.0
W;1;4 0.0006335392314190069
W;1;5 0.0
W;2;0 0.0
W;2;1 0.0005006087461270542
W;2;2 0.0
W;2;3 6.793745823876819e-05
W;2;4 0.0004892059187142958
W;2;5 0.0
W;3;0 0.0
W;3;1 0.00023319764730937232
W;3;2 1.6892056412836994e-05
W;3;3 0.0
W;3;4 0.0009713695674432457
W;3;5 0.0015997600338791059
W;4;0 0.0016677376721522545
W;4;1 0.0012230147967857393
W;4;2 0.0
W;4;3 0.0
W;4;4 0.0003998958970893761
W;4;5 0.0
W;5;0 0.0
W;5;1 0.0003688722520365911
W;5;2 2.533808461925549e-05
W;5;3 0.0
W;5;4 0.0017995315369021925
W;5;5 0.0015997600338791059
W;6;0 0.0
W;6;1 0.0011763903572801705
W;6;2 4.2230141032092486e-05
W;6;3 3.3968729119384095e-05
W;6;4 0.0008493991352952839
W;6;5 0.0
W;7;0 0.0
W;7;1 0.0030036524767623252
W;7;2 0.0
W;7;3 0.0
W;7;4 0.0
W;7;5 0.0
W;8;0 0.0
W;8;1 0.0005597065988400295
W;8;2 0.0007998671626640013
W;8;3 0.00039337576840313356
W;8;4 9.834394210078339e-05
W;8;5 0.0
W;9;0 0.0
W;9;1 0.0
W;9;2 0.0
W;9;3 0.0
W;9;4 0.0004892059187142958
W;9;5 0.0
W;10;0 0.0
W;10;1 0.0
W;10;2 2.5617049080461695e-05
W;10;3 0.0001405441197858431
W;10;4 0.0021298854432281744
W;10;5 0.0022132335122195465
W;11;0 0.0
W;11;1 0.0012797303538264813
W;11;2 0.0
W;11;3 4.2230141032092486e-05
W;11;4 0.0
W;11;5 0.0
W;12;0 0.0
W;12;1 0.0
W;12;2 0.0
W;12;3 5.912219744492947e-05
W;12;4 0.000512354490253578
W;12;5 0.0
W;13;0 0.0
W;13;1 0.0016075535209070177
W;13;2 0.0
W;13;3 0.0
W;13;4 0.00030426934903259636
W;13;5 0.0
W;14;0 0.0020208510500765177
W;14;1 0.001179962945622326
W;14;2 0.0
W;14;3 1.6892056412836994e-05
W;14;4 0.0006085386980651927
W;14;5 0.0
W;15;0 0.0
W;15;1 0.0
W;15;2 2.533808461925549e-05
W;15;3 0.0
W;15;4 0.0006335392314190069
W;15;5 0.0
W;16;0 0.0
W;16;1 0.00046639529461874464
W;16;2 8.446028206418497e-06
W;16;3 0.0
W;16;4 0.0023357275612099003
W;16;5 0.0
W;17;0 0.0
W;17;1 0.000256177245126789
W;17;2 0.0
W;17;3 0.0
W;17;4 0.000912808047097789
W;17;5 0.0
W;18;0 0.0
W;18;1 0.0006361418394371399
W;18;2 0.0
W;18;3 0.0
W;18;4 0.0004892059187142958
W;18;5 0.0
W;19;0 0.0
W;19;1 0.0006589462952811636
W;19;2 5.912219744492947e-05
W;19;3 0.0
W;19;4 0.0005675157468864019
W;19;5 0.0
