X;0;0 0.0
X;0;1 0.0
X;0;2 0.0
X;0;3 0.0
X;0;4 0.00040628173341663556
X;0;5 0.0
X;1;0 0.0
X;1;1 0.0
X;1;2 9.652603664478282e-05
X;1;3 0.0
X;1;4 0.0
X;1;5 0.0
X;2;0 0.0
X;2;1 0.0008161942855324508
X;2;2 9.652603664478282e-05
X;2;3 0.0
X;2;4 0.0
X;2;5 0.0
X;3;0 0.0
X;3;1 0.0005377602088549086
X;3;2 5.7915621986869693e-05
X;3;3 3.861041465791313e-05
X;3;4 0.0
X;3;5 0.0
X;4;0 0.0
X;4;1 0.00045702388238785834
X;4;2 0.0
X;4;3 0.0
X;4;4 0.0
X;4;5 0.0
X;5;0 0.0
X;5;1 0.0023477942728454748
X;5;2 0.0
X;5;3 0.0
X;5;4 0.0
X;5;5 0.0
X;6;0 0.0
X;6;1 0.0
X;6;2 0.0
X;6;3 0.0
X;6;4 0.0
X;6;5 0.0
X;7;0 0.0
X;7;1 0.0
X;7;2 0.00011710651008211061
X;7;3 0.0
X;7;4 0.00040628173341663556
X;7;5 0.0
X;8;0 0.0
X;8;1 0.0
X;8;2 0.00027947213178481473
X;8;3 0.0007270192450710171
X;8;4 0.0004080971427662254
X;8;5 0.0
X;9;0 0.0
X;9;1 0.0006954727977887916
X;9;2 3.861041465791313e-05
X;9;3 0.0
X;9;4 0.0
X;9;5 0.0
X;10;0 0.0
X;10;1 0.0
X;10;2 1.9305207328956563e-05
X;10;3 0.0
X;10;4 0.0005377602088549086
X;10;5 0.0
X;11;0 0.0
X;11;1 0.0
X;11;2 0.0010113968105334222
X;11;3 7.722082931582625e-05
X;11;4 0.0
X;11;5 0.0
X;12;0 0.0
X;12;1 0.0
X;12;2 3.861041465791313e-05
X;12;3 0.0
X;12;4 0.0006742645403556148
X;12;5 0.0
X;13;0 0.0
X;13;1 0.0
X;13;2 0.0
X;13;3 0.0
X;13;4 0.00024669703300145924
X;13;5 0.0
X;14;0 0.0
X;14;1 0.0011710959777224638
X;14;2 5.7915621986869693e-05
X;14;3 0.0
X;14;4 0.0
X;14;5 0.0
X;15;0 0.0
X;15;1 0.0008066403132823629
X;15;2 0.00011646421412360261
X;15;3 1.9305207328956563e-05
X;15;4 0.0
X;15;5 0.0
X;16;0 0.0
X;16;1 0.0
X;16;2 0.0
X;16;3 0.0
X;16;4 0.0013347014635485144
X;16;5 0.0
X;17;0 0.0
X;17;1 0.00045702388238785834
X;17;2 0.0
X;17;3 0.0
X;17;4 0.0
X;17;5 0.0
X;18;0 0.0
X;18;1 0.0007530814803213296
X;18;2 0.0
X;18;3 0.0
X;18;4 0.0
X;18;5 0.0
X;19;0 0.0
X;19;1 0.0
X;19;2 0.0
X;19;3 7.722082931582625e-05
X;19;4 0.0005073290198283874
X;19;5 0.0
Y;0;0 0.0
Y;0;1 0.0009639986289712162
Y;0;2 0.0
Y;0;3 0.0
Y;0;4 0.0
Y;0;5 0.0
Y;1;0 0.0
Y;1;1 0.0
Y;1;2 0.0
Y;1;3 0.0
Y;1;4 0.0
Y;1;5 0.0
Y;2;0 0.0
Y;2;1 0.0002688801044274543
Y;2;2 0.0
Y;2;3 0.0
Y;2;4 0.0
Y;2;5 0.0
Y;3;0 0.0
Y;3;1 0.00018175481126775426
Y;3;2 0.0
Y;3;3 1.9305207328956563e-05
Y;3;4 0.0
Y;3;5 0.0
Y;4;0 0.0
Y;4;1 0.00043239295000868714
Y;4;2 9.652603664478282e-05
Y;4;3 0.0
Y;4;4 0.0
Y;4;5 0.0
Y;5;0 0.0
Y;5;1 0.0009379755498585446
Y;5;2 0.0
Y;5;3 1.9305207328956563e-05
Y;5;4 0.0
Y;5;5 0.0
Y;6;0 0.0
Y;6;1 0.0
Y;6;2 0.0
Y;6;3 0.00023551673261312252
Y;6;4 0.0
Y;6;5 0.0
Y;7;0 0.0
Y;7;1 0.0
Y;7;2 5.7915621986869693e-05
Y;7;3 0.0
Y;7;4 0.0
Y;7;5 0.0
Y;8;0 0.0
Y;8;1 0.0
Y;8;2 0.0
Y;8;3 0.00011583124397373939
Y;8;4 0.0
Y;8;5 0.0
Y;9;0 0.0
Y;9;1 0.00032124370236764134
Y;9;2 0.0
Y;9;3 1.9305207328956563e-05
Y;9;4 0.0
Y;9;5 0.0
Y;10;0 0.0
Y;10;1 0.0
Y;10;2 0.0
Y;10;3 0.0003925278876885375
Y;10;4 0.0008741932594976889
Y;10;5 0.0
Y;11;0 0.0
Y;11;1 0.0
Y;11;2 0.0
Y;11;3 0.0
Y;11;4 0.001506642926855928
Y;11;5 0.0
Y;12;0 0.0
Y;12;1 0.0
Y;12;2 7.722082931582625e-05
Y;12;3 0.0
Y;12;4 0.0
Y;12;5 0.0
Y;13;0 0.0
Y;13;1 0.00044957230674643833
Y;13;2 0.0
Y;13;3 0.0
Y;13;4 0.0
Y;13;5 0.0
Y;14;0 0.0
Y;14;1 0.0
Y;14;2 0.0
Y;14;3 9.652603664478282e-05
Y;14;4 0.000582684431022266
Y;14;5 0.0
Y;15;0 0.0
Y;15;1 0.0010755204177098172
Y;15;2 3.861041465791313e-05
Y;15;3 5.8553255041055305e-05
Y;15;4 0.0
Y;15;5 0.0
Y;16;0 0.0
Y;16;1 0.0
Y;16;2 0.0
Y;16;3 7.722082931582625e-05
Y;16;4 0.0
Y;16;5 0.0
Y;17;0 0.0
Y;17;1 0.0
Y;17;2 0.0
Y;17;3 0.0
Y;17;4 0.00036047527297665145
Y;17;5 0.0
Y;18;0 0.0
Y;18;1 0.0
Y;18;2 0.0
Y;18;3 9.652603664478282e-05
Y;18;4 0.0
Y;18;5 0.0
Y;19;0 0.0
Y;19;1 0.0
Y;19;2 0.0
Y;19;3 7.722082931582625e-05
Y;19;4 0.00045702388238785834
Y;19;5 0.0
Z;0;0 0.0
Z;0;1 0.0010660463876999875
Z;0;2 0.0
Z;0;3 0.0
Z;0;4 0.0
Z;0;5 0.0
Z;1;0 0.0
Z;1;1 0.0004819993144856081
Z;1;2 3.861041465791313e-05
Z;1;3 0.0
Z;1;4 0.0005073290198283874
Z;1;5 0.0
Z;2;0 0.0
Z;2;1 0.0
Z;2;2 0.0
Z;2;3 0.0
Z;2;4 0.0
Z;2;5 0.0
Z;3;0 0.0
Z;3;1 0.0006742645403556148
Z;3;2 0.0
Z;3;3 0.0
Z;3;4 0.0
Z;3;5 0.0
Z;4;0 0.0
Z;4;1 0.0
Z;4;2 0.0
Z;4;3 0.0
Z;4;4 0.0005330231938499938
Z;4;5 0.0
Z;5;0 0.0
Z;5;1 0.0
Z;5;2 1.9305207328956563e-05
Z;5;3 0.0
Z;5;4 0.0
Z;5;5 0.0
Z;6;0 0.0
Z;6;1 0.0
Z;6;2 0.00011710651008211061
Z;6;3 0.0
Z;6;4 0.0003371322701778074
Z;6;5 0.0
Z;7;0 0.0
Z;7;1 0.0
Z;7;2 0.0
Z;7;3 0.0
Z;7;4 0.0
Z;7;5 0.0
Z;8;0 0.0
Z;8;1 0.0
Z;8;2 0.0
Z;8;3 0.00011583124397373939
Z;8;4 0.0
Z;8;5 0.0
Z;9;0 0.0
Z;9;1 0.0007825980909484916
Z;9;2 5.7915621986869693e-05
Z;9;3 0.0
Z;9;4 0.0
Z;9;5 0.0
Z;10;0 0.0
Z;10;1 0.0
Z;10;2 0.0006424874047352827
Z;10;3 0.00023551673261312252
Z;10;4 0.0
Z;10;5 0.0
Z;11;0 0.0
Z;11;1 0.0
Z;11;2 0.0
Z;11;3 0.00023421302016422122
Z;11;4 0.0027444057492844016
Z;11;5 0.0
Z;12;0 0.0
Z;12;1 0.0
Z;12;2 0.0
Z;12;3 0.0
Z;12;4 0.0
Z;12;5 0.0
Z;13;0 0.0
Z;13;1 0.0
Z;13;2 0.0
Z;13;3 0.0
Z;13;4 0.00024669703300145924
Z;13;5 0.0
Z;14;0 0.0
Z;14;1 0.0014459979434568242
Z;14;2 0.0
Z;14;3 0.0
Z;14;4 0.0
Z;14;5 0.0
Z;15;0 0.0
Z;15;1 0.0
Z;15;2 0.0
Z;15;3 9.652603664478282e-05
Z;15;4 0.0006124013412979114
Z;15;5 0.0
Z;16;0 0.0
Z;16;1 0.0
Z;16;2 0.0
Z;16;3 0.0
Z;16;4 0.0
Z;16;5 0.0
Z;17;0 0.0
Z;17;1 0.0
Z;17;2 0.0
Z;17;3 0.0
Z;17;4 0.00038412746360168835
Z;17;5 0.0
Z;18;0 0.0
Z;18;1 0.0006281809516559435
Z;18;2 0.0
Z;18;3 0.0
Z;18;4 0.0
Z;18;5 0.0
Z;19;0 0.0
Z;19;1 0.0
Z;19;2 0.0
Z;19;3 9.652603664478282e-05
Z;19;4 0.0006396646843886051
Z;19;5 0.0
W;0;0 0.0
W;0;1 0.0
W;0;2 0.0
W;0;3 0.0
W;0;4 0.0006281809516559435
W;0;5 0.0
W;1;0 0.0
W;1;1 0.0007400910990043777
W;1;2 0.00011646421412360261
W;1;3 0.0
W;1;4 0.0
W;1;5 0.0
W;2;0 0.0
W;2;1 0.0
W;2;2 0.0
W;2;3 0.00011646421412360261
W;2;4 0.0
W;2;5 0.0
W;3;0 0.0
W;3;1 0.0
W;3;2 0.0
W;3;3 0.0
W;3;4 0.0004933940660029185
W;3;5 0.0
W;4;0 0.0
W;4;1 0.0
W;4;2 0.0
W;4;3 0.0
W;4;4 0.00045702388238785834
W;4;5 0.0
W;5;0 0.0
W;5;1 0.0
W;5;2 0.0
W;5;3 0.0
W;5;4 0.001371071647163575
W;5;5 0.0
W;6;0 0.0
W;6;1 0.0007682549272033767
W;6;2 5.7915621986869693e-05
W;6;3 3.882140470786753e-05
W;6;4 0.0009707418689088958
W;6;5 0.0
W;7;0 0.0
W;7;1 0.0011442485625761238
W;7;2 0.0
W;7;3 0.0
W;7;4 0.0
W;7;5 0.0
W;8;0 0.0
W;8;1 0.0
W;8;2 0.00040628173341663556
W;8;3 0.0008991446134928767
W;8;4 0.00022478615337321917
W;8;5 0.0
W;9;0 0.0
W;9;1 0.0
W;9;2 0.0
W;9;3 0.0
W;9;4 0.0005590924785306236
W;9;5 0.0068561648439166255
W;10;0 0.0
W;10;1 0.0
W;10;2 0.0003513195302463318
W;10;3 0.00016062185118382067
W;10;4 0.0
W;10;5 0.0
W;11;0 0.0
W;11;1 0.0
W;11;2 0.0
W;11;3 5.7915621986869693e-05
W;11;4 0.0024188315407237685
W;11;5 0.0
W;12;0 0.0
W;12;1 0.000582684431022266
W;12;2 0.0
W;12;3 3.861041465791313e-05
W;12;4 0.0
W;12;5 0.0
W;13;0 0.0
W;13;1 0.0
W;13;2 0.0
W;13;3 0.0
W;13;4 0.0
W;13;5 0.0
W;14;0 0.0
W;14;1 0.0003371322701778074
W;14;2 0.0
W;14;3 3.861041465791313e-05
W;14;4 0.0
W;14;5 0.0
W;15;0 0.0
W;15;1 0.0020293160793135494
W;15;2 3.861041465791313e-05
W;15;3 0.0
W;15;4 0.0
W;15;5 0.0
W;16;0 0.0
W;16;1 0.0
W;16;2 0.0
W;16;3 0.0
W;16;4 0.0013347014635485144
W;16;5 0.0
W;17;0 0.0
W;17;1 0.0005855479888612319
W;17;2 0.0
W;17;3 0.0
W;17;4 0.0
W;17;5 0.0
W;18;0 0.0
W;18;1 0.00036350962253550853
W;18;2 0.0
W;18;3 0.0
W;18;4 0.0
W;18;5 0.0
W;19;0 0.0
W;19;1 0.0007530814803213296
W;19;2 9.652603664478282e-05
W;19;3 0.0
W;19;4 0.0
W;19;5 0.0
