X;0;0 0.0
X;0;1 0.000599843845634064
X;0;2 0.0
X;0;3 0.0
X;0;4 0.00035549651673955616
X;0;5 0.0015372266685091558
X;1;0 0.0
X;1;1 0.0
X;1;2 4.2230141032092486e-05
X;1;3 0.0
X;1;4 0.0007997917941787522
X;1;5 0.0
X;2;0 0.0
X;2;1 0.0
X;2;2 5.912219744492947e-05
X;2;3 1.6892056412836994e-05
X;2;4 0.0017122207155000348
X;2;5 0.0
X;3;0 0.0
X;3;1 0.0005881752284350563
X;3;2 5.067616923851098e-05
X;3;3 2.533808461925549e-05
X;3;4 0.00031541586385457
X;3;5 0.0
X;4;0 0.0
X;4;1 0.000599843845634064
X;4;2 0.0
X;4;3 0.0
X;4;4 0.0003998958970893761
X;4;5 0.0
X;5;0 0.0
X;5;1 0.0010271599943698952
X;5;2 0.0
X;5;3 6.756822565134798e-05
X;5;4 0.0009503088471285102
X;5;5 0.0
X;6;0 0.0
X;6;1 0.00043930279656338603
X;6;2 0.0
X;6;3 0.0
X;6;4 0.0005900636526047003
X;6;5 0.0
X;7;0 0.0
X;7;1 0.0
X;7;2 0.00012808524540230848
X;7;3 0.0
X;7;4 0.00026662238755466707
X;7;5 0.0
X;8;0 0.00182451165298206
X;8;1 0.00189249518312742
X;8;2 0.00012226905765585645
X;8;3 0.0
X;8;4 0.00017854249996022362
X;8;5 0.0
X;9;0 0.0
X;9;1 0.00030426934903259636
X;9;2 2.533808461925549e-05
X;9;3 0.0
X;9;4 0.00029196594515123754
X;9;5 0.0
X;10;0 0.0
X;10;1 0.0013991858838562337
X;10;2 8.446028206418497e-06
X;10;3 0.0
X;10;4 0.0002352700913740225
X;10;5 0.0
X;11;0 0.0
X;11;1 0.0
X;11;2 0.00014749536820279075
X;11;3 4.2230141032092486e-05
X;11;4 0.0003453917417190595
X;11;5 0.0015269553619747535
X;12;0 0.0
X;12;1 0.000512354490253578
X;12;2 5.067616923851098e-05
X;12;3 0.0
X;12;4 0.000589981472811163
X;12;5 0.0
X;13;0 0.0
X;13;1 0.0
X;13;2 0.0
X;13;3 0.0
X;13;4 0.00032378985581441527
X;13;5 0.0
X;14;0 0.0
X;14;1 0.0012808862256339449
X;14;2 4.2230141032092486e-05
X;14;3 0.0
X;14;4 0.0007685317353803669
X;14;5 0.0
X;15;0 0.0
X;15;1 0.00011763504568701126
X;15;2 0.00010190618735815228
X;15;3 3.378411282567399e-05
X;15;4 0.0013396279340891814
X;15;5 0.0
X;16;0 0.0
X;16;1 0.00023319764730937232
X;16;2 7.601425385776648e-05
X;16;3 0.0
X;16;4 0.0005839318903024751
X;16;5 0.0
X;17;0 0.0
X;17;1 0.00019994794854468804
X;17;2 0.0
X;17;3 0.0
X;17;4 0.0015838480785475171
X;17;5 0.0
X;18;0 0.0
X;18;1 0.0
X;18;2 0.0
X;18;3 0.0
X;18;4 0.00017854249996022362
X;18;5 0.0
X;19;0 0.0
X;19;1 0.00018917191562880064
X;19;2 0.0
X;19;3 5.912219744492947e-05
X;19;4 0.00022195644617491948
X;19;5 0.0
Y;0;0 0.0
Y;0;1 0.0004217494001749071
Y;0;2 0.0
Y;0;3 0.0
Y;0;4 0.0005358511736356725
Y;0;5 0.002458050884401067
Y;1;0 0.0
Y;1;1 0.0003783438312576013
Y;1;2 0.0
Y;1;3 0.0
Y;1;4 0.0002352700913740225
Y;1;5 0.0
Y;2;0 0.0
Y;2;1 0.0002352700913740225
Y;2;2 0.0
Y;2;3 4.2230141032092486e-05
Y;2;4 0.0006085386980651927
Y;2;5 0.0
Y;3;0 0.00364902330596412
Y;3;1 0.00031807091971856996
Y;3;2 0.0
Y;3;3 1.6892056412836994e-05
Y;3;4 0.0003998958970893761
Y;3;5 0.0
Y;4;0 0.0
Y;4;1 0.00018917191562880064
Y;4;2 6.756822565134798e-05
Y;4;3 0.0
Y;4;4 0.0
Y;4;5 0.0
Y;5;0 0.0
Y;5;1 0.0016414572122524533
Y;5;2 0.0
Y;5;3 5.067616923851098e-05
Y;5;4 0.0012230147967857393
Y;5;5 0.0
Y;6;0 0.0
Y;6;1 0.0005839318903024751
Y;6;2 0.0
Y;6;3 0.00030911571155472334
Y;6;4 0.0004217494001749071
Y;6;5 0.0
Y;7;0 0.0
Y;7;1 0.0006398651769132407
Y;7;2 5.912219744492947e-05
Y;7;3 0.0
Y;7;4 0.0
Y;7;5 0.0
Y;8;0 0.0020208510500765177
Y;8;1 0.001825616094195578
Y;8;2 0.0
Y;8;3 1.6892056412836994e-05
Y;8;4 0.00027985329942001476
Y;8;5 0.0
Y;9;0 0.0
Y;9;1 0.00035136029946460773
Y;9;2 0.0
Y;9;3 2.533808461925549e-05
Y;9;4 0.00042469956764764195
Y;9;5 0.0
Y;10;0 0.0
Y;10;1 0.0005396497596906921
Y;10;2 0.0
Y;10;3 3.4346190172747036e-05
Y;10;4 0.0015298382041209558
Y;10;5 0.002565980836339205
Y;11;0 0.0
Y;11;1 0.0
Y;11;2 0.0
Y;11;3 0.0
Y;11;4 0.0
Y;11;5 0.0
Y;12;0 0.0
Y;12;1 0.0
Y;12;2 5.912219744492947e-05
Y;12;3 0.0
Y;12;4 0.0
Y;12;5 0.0
Y;13;0 0.0
Y;13;1 0.0002950318263023501
Y;13;2 0.0
Y;13;3 0.0
Y;13;4 0.0007685317353803669
Y;13;5 0.0019165296495886096
Y;14;0 0.0
Y;14;1 0.0
Y;14;2 2.533808461925549e-05
Y;14;3 5.067616923851098e-05
Y;14;4 0.0008922355350028449
Y;14;5 0.0
Y;15;0 0.0
Y;15;1 0.00011763504568701126
Y;15;2 5.067616923851098e-05
Y;15;3 7.685114724138509e-05
Y;15;4 0.0016791197965200884
Y;15;5 0.0
Y;16;0 0.0
Y;16;1 0.0
Y;16;2 0.0
Y;16;3 6.756822565134798e-05
Y;16;4 0.0
Y;16;5 0.0
Y;17;0 0.001742198750124383
Y;17;1 0.00046639529461874464
Y;17;2 0.0
Y;17;3 0.0
Y;17;4 0.00031541586385457
Y;17;5 0.0
Y;18;0 0.0
Y;18;1 0.0
Y;18;2 0.0
Y;18;3 6.756822565134798e-05
Y;18;4 0.0
Y;18;5 0.0
Y;19;0 0.0
Y;19;1 0.000157707931927285
Y;19;2 0.0
Y;19;3 5.912219744492947e-05
Y;19;4 0.00019994794854468804
Y;19;5 0.0
Z;0;0 0.0
Z;0;1 0.00046639529461874464
Z;0;2 0.0
Z;0;3 0.0
Z;0;4 0.0007647733157167242
Z;0;5 0.0011262164373397972
Z;1;0 0.0
Z;1;1 0.0
Z;1;2 8.446028206418497e-05
Z;1;3 0.0
Z;1;4 0.00022195644617491948
Z;1;5 0.0
Z;2;0 0.0
Z;2;1 0.0013991858838562337
Z;2;2 5.912219744492947e-05
Z;2;3 0.0
Z;2;4 0.0
Z;2;5 0.0
Z;3;0 0.0
Z;3;1 0.0004424861046083722
Z;3;2 0.0
Z;3;3 0.0
Z;3;4 0.00044391289234983896
Z;3;5 0.0
Z;4;0 0.0
Z;4;1 0.0
Z;4;2 0.0
Z;4;3 0.0
Z;4;4 0.00023319764730937232
Z;4;5 0.0
Z;5;0 0.0
Z;5;1 0.0015501526927625743
Z;5;2 1.6892056412836994e-05
Z;5;3 0.0
Z;5;4 0.001428339999681789
Z;5;5 0.0
Z;6;0 0.0
Z;6;1 0.0012797303538264813
Z;6;2 0.00023055344172415526
Z;6;3 0.0
Z;6;4 0.0004424861046083722
Z;6;5 0.0
Z;7;0 0.0
Z;7;1 0.0
Z;7;2 0.0
Z;7;3 0.0
Z;7;4 0.00229043304296213
Z;7;5 0.0
Z;8;0 0.0
Z;8;1 0.0018754791077248538
Z;8;2 0.0
Z;8;3 1.6892056412836994e-05
Z;8;4 0.00029196594515123754
Z;8;5 0.0
Z;9;0 0.0
Z;9;1 0.0006847733295799303
Z;9;2 9.290631027060347e-05
Z;9;3 0.0
Z;9;4 0.0
Z;9;5 0.0
Z;10;0 0.0
Z;10;1 0.0034830326286318714
Z;10;2 0.0001405441197858431
Z;10;3 3.4346190172747036e-05
Z;10;4 0.0
Z;10;5 0.0
Z;11;0 0.0
Z;11;1 0.0
Z;11;2 0.0
Z;11;3 0.00030740458896554035
Z;11;4 0.0
Z;11;5 0.0
Z;12;0 0.0
Z;12;1 0.0
Z;12;2 0.0
Z;12;3 0.0
Z;12;4 0.0
Z;12;5 0.0
Z;13;0 0.00182451165298206
Z;13;1 0.00035708499992044725
Z;13;2 0.0
Z;13;3 0.0
Z;13;4 0.00032378985581441527
Z;13;5 0.0
Z;14;0 0.0
Z;14;1 0.0006326241002623606
Z;14;2 0.0
Z;14;3 0.0
Z;14;4 0.0011097822308745973
Z;14;5 0.0
Z;15;0 0.0
Z;15;1 0.0005597065988400295
Z;15;2 0.0
Z;15;3 6.756822565134798e-05
Z;15;4 0.00026792558681783626
Z;15;5 0.0
Z;16;0 0.0
Z;16;1 0.0037222512046565983
Z;16;2 0.0
Z;16;3 0.0
Z;16;4 0.0009103934868490484
Z;16;5 0.0
Z;17;0 0.00182451165298206
Z;17;1 0.0004892059187142958
Z;17;2 0.0
Z;17;3 0.0
Z;17;4 0.00033611153065147734
Z;17;5 0.0
Z;18;0 0.001742198750124383
Z;18;1 0.0006870729158736882
Z;18;2 0.0
Z;18;3 0.0
Z;18;4 0.0
Z;18;5 0.0
Z;19;0 0.0
Z;19;1 0.0
Z;19;2 0.0
Z;19;3 0.00010135233847702197
Z;19;4 0.0
Z;19;5 0.0
W;0;0 0.0
W;0;1 0.0004892059187142958
W;0;2 0.0
W;0;3 0.0
W;0;4 0.0005496583326989506
W;0;5 0.0
W;1;0 0.0
W;1;1 0.0004317198077525537
W;1;2 0.00011889055191784432
W;1;3 0.0
W;1;4 0.0009503088471285102
W;1;5 0.0
W;2;0 0.0
W;2;1 0.0
W;2;2 0.0
W;2;3 6.793745823876819e-05
W;2;4 0.0
W;2;5 0.0
W;3;0 0.0
W;3;1 0.00046639529461874464
W;3;2 1.6892056412836994e-05
W;3;3 0.0
W;3;4 0.0006475797116288305
W;3;5 0.0
W;4;0 0.0
W;4;1 0.0004892059187142958
W;4;2 0.0
W;4;3 0.0
W;4;4 0.000599843845634064
W;4;5 0.0
W;5;0 0.0
W;5;1 0.0
W;5;2 1.6892056412836994e-05
W;5;3 0.0
W;5;4 0.0003998958970893761
W;5;5 0.0
W;6;0 0.0
W;6;1 0.000504167295977216
W;6;2 1.6892056412836994e-05
W;6;3 0.00015285928103722844
W;6;4 0.0008493991352952839
W;6;5 0.0
W;7;0 0.0
W;7;1 0.0010012174922541083
W;7;2 0.0
W;7;3 0.0
W;7;4 0.0010334351285083828
W;7;5 0.0
W;8;0 0.0
W;8;1 0.00027985329942001476
W;8;2 0.0
W;8;3 0.00019668788420156678
W;8;4 0.0010817833631086174
W;8;5 0.0018756171609032063
W;9;0 0.0
W;9;1 0.0003294731476405818
W;9;2 0.0
W;9;3 0.0
W;9;4 0.0
W;9;5 0.0
W;10;0 0.0
W;10;1 0.0
W;10;2 2.5617049080461695e-05
W;10;3 0.0001405441197858431
W;10;4 0.003955501537423752
W;10;5 0.0
W;11;0 0.0
W;11;1 0.0
W;11;2 0.0
W;11;3 3.378411282567399e-05
W;11;4 0.0
W;11;5 0.0
W;12;0 0.0
W;12;1 0.0005098488771444828
W;12;2 0.0
W;12;3 5.067616923851098e-05
W;12;4 0.000512354490253578
W;12;5 0.0
W;13;0 0.0
W;13;1 0.0
W;13;2 0.0
W;13;3 0.0
W;13;4 0.0
W;13;5 0.0
W;14;0 0.0
W;14;1 0.0004424861046083722
W;14;2 0.0
W;14;3 2.533808461925549e-05
W;14;4 0.0021298854432281744
W;14;5 0.0
W;15;0 0.0
W;15;1 0.00022195644617491948
W;15;2 6.756822565134798e-05
W;15;3 0.0
W;15;4 0.0006335392314190069
W;15;5 0.0
W;16;0 0.0
W;16;1 0.00023319764730937232
W;16;2 7.601425385776648e-05
W;16;3 0.0
W;16;4 0.0005839318903024751
W;16;5 0.0
W;17;0 0.0
W;17;1 0.000256177245126789
W;17;2 0.0
W;17;3 0.0
W;17;4 0.0012170773961303854
W;17;5 0.0
W;18;0 0.0019165296495886096
W;18;1 0.00039758864964821244
W;18;2 0.0
W;18;3 0.0
W;18;4 0.0
W;18;5 0.0
W;19;0 0.0
W;19;1 0.0
W;19;2 0.00010135233847702197
W;19;3 0.0
W;19;4 0.0
W;19;5 0.0
