X;0;0 0.0
X;0;1 0.0003367544396542114
X;0;2 0.0
X;0;3 0.0
X;0;4 0.00022452411583550913
X;0;5 0.0
X;1;0 0.0
X;1;1 0.00112146414909433
X;1;2 7.112444805405049e-05
X;1;3 0.0
X;1;4 0.0
X;1;5 0.0
X;2;0 0.003241238951165312
X;2;1 0.0007517578945693625
X;2;2 4.9787113637835344e-05
X;2;3 2.84497792216202e-05
X;2;4 0.0
X;2;5 0.0
X;3;0 0.0
X;3;1 0.0003962443644194063
X;3;2 5.68995584432404e-05
X;3;3 3.5562224027025246e-05
X;3;4 0.00026561335903542736
X;3;5 0.0
X;4;0 0.0
X;4;1 0.0003367544396542114
X;4;2 0.0
X;4;3 0.0
X;4;4 0.0003367544396542114
X;4;5 0.0
X;5;0 0.0
X;5;1 0.0014416280622735372
X;5;2 0.0
X;5;3 2.84497792216202e-05
X;5;4 0.0005335067211949531
X;5;5 0.0
X;6;0 0.002069937586864056
X;6;1 0.0
X;6;2 0.0
X;6;3 0.0
X;6;4 0.0
X;6;5 0.0
X;7;0 0.0
X;7;1 0.0
X;7;2 0.00010786125928615451
X;7;3 0.0
X;7;4 0.0
X;7;5 0.0
X;8;0 0.0
X;8;1 0.0009296467566239957
X;8;2 0.0003603719594067348
X;8;3 0.00026784919555247993
X;8;4 0.00015035157891387253
X;8;5 0.0
X;9;0 0.0
X;9;1 0.0
X;9;2 0.0001137991168864808
X;9;3 0.0
X;9;4 0.0
X;9;5 0.0
X;10;0 0.0
X;10;1 0.0015710157292420871
X;10;2 4.26746688324303e-05
X;10;3 0.0
X;10;4 9.906109110485157e-05
X;10;5 0.0
X;11;0 0.0
X;11;1 0.0
X;11;2 0.0004968265034199267
X;11;3 0.00010668667208107574
X;11;4 0.0
X;11;5 0.0
X;12;0 0.0
X;12;1 0.0006471846192676775
X;12;2 6.401200324864545e-05
X;12;3 0.0
X;12;4 0.0001242066258549817
X;12;5 0.0
X;13;0 0.0
X;13;1 0.0010670134423899063
X;13;2 0.0
X;13;3 0.0
X;13;4 0.00027266514173845496
X;13;5 0.0
X;14;0 0.0
X;14;1 0.0010786410321127957
X;14;2 3.5562224027025246e-05
X;14;3 0.0
X;14;4 0.00021572820642255913
X;14;5 0.0
X;15;0 0.0
X;15;1 0.0
X;15;2 2.8605245574218182e-05
X;15;3 0.00012091156169188586
X;15;4 0.0
X;15;5 0.0
X;16;0 0.0
X;16;1 0.0003927539323105218
X;16;2 2.84497792216202e-05
X;16;3 0.0
X;16;4 0.0007375981772241791
X;16;5 0.0
X;17;0 0.0
X;17;1 0.0005051316594813171
X;17;2 0.0
X;17;3 0.0
X;17;4 0.0013337668029873829
X;17;5 0.0
X;18;0 0.0
X;18;1 0.001109804286789328
X;18;2 0.0
X;18;3 0.0
X;18;4 0.00030070315782774505
X;18;5 0.0
X;19;0 0.0
X;19;1 0.0001593026657926742
X;19;2 0.0
X;19;3 3.5562224027025246e-05
X;19;4 0.00018691069151572165
X;19;5 0.0
Y;0;0 0.0
Y;0;1 0.0003551573896209744
Y;0;2 0.0
Y;0;3 0.0
Y;0;4 0.0
Y;0;5 0.0
Y;1;0 0.0
Y;1;1 0.0
Y;1;2 0.0
Y;1;3 0.0
Y;1;4 0.0006934276377339611
Y;1;5 0.0
Y;2;0 0.0030332905649985494
Y;2;1 0.0004953054555242579
Y;2;2 0.0
Y;2;3 2.133733441621515e-05
Y;2;4 0.0
Y;2;5 0.0
Y;3;0 0.0
Y;3;1 0.0003348114944405999
Y;3;2 0.0
Y;3;3 2.133733441621515e-05
Y;3;4 0.0001683772198271057
Y;3;5 0.0
Y;4;0 0.0
Y;4;1 0.0003186053315853484
Y;4;2 6.401200324864545e-05
Y;4;3 0.0
Y;4;4 0.0007686804607139276
Y;4;5 0.0
Y;5;0 0.0
Y;5;1 0.00034556993942156907
Y;5;2 0.0
Y;5;3 3.5562224027025246e-05
Y;5;4 0.00041196287891730166
Y;5;5 0.0
Y;6;0 0.0
Y;6;1 0.0007375981772241791
Y;6;2 0.0
Y;6;3 0.00014461553756946118
Y;6;4 0.0008878934740524359
Y;6;5 0.0
Y;7;0 0.0
Y;7;1 0.001616501499570292
Y;7;2 9.246178247026566e-05
Y;7;3 0.0
Y;7;4 0.0
Y;7;5 0.0
Y;8;0 0.0
Y;8;1 0.00025622682023797587
Y;8;2 0.0
Y;8;3 6.401200324864545e-05
Y;8;4 0.00047133187270739324
Y;8;5 0.0
Y;9;0 0.0
Y;9;1 0.00011835294297755208
Y;9;2 0.0
Y;9;3 2.84497792216202e-05
Y;9;4 0.0
Y;9;5 0.0
Y;10;0 0.0
Y;10;1 0.0009088838057948498
Y;10;2 0.0
Y;10;3 0.00011569243005556896
Y;10;4 0.0
Y;10;5 0.0
Y;11;0 0.0
Y;11;1 0.0
Y;11;2 0.0
Y;11;3 0.0
Y;11;4 0.000555078973052184
Y;11;5 0.0
Y;12;0 0.0
Y;12;1 0.0007666471468202512
Y;12;2 7.112444805405049e-05
Y;12;3 0.0
Y;12;4 0.0006619993214059832
Y;12;5 0.0
Y;13;0 0.0015364308656691031
Y;13;1 0.0002484478537282949
Y;13;2 0.0
Y;13;3 0.0
Y;13;4 0.00021572820642255913
Y;13;5 0.0
Y;14;0 0.0
Y;14;1 0.0
Y;14;2 4.9787113637835344e-05
Y;14;3 4.9787113637835344e-05
Y;14;4 0.0005366830285731398
Y;14;5 0.0
Y;15;0 0.0
Y;15;1 0.0
Y;15;2 1.42248896108101e-05
Y;15;3 0.0003667282815729253
Y;15;4 0.0
Y;15;5 0.0
Y;16;0 0.0
Y;16;1 0.0
Y;16;2 0.0
Y;16;3 3.5562224027025246e-05
Y;16;4 0.0
Y;16;5 0.0
Y;17;0 0.0
Y;17;1 0.0003927539323105218
Y;17;2 0.0
Y;17;3 0.0
Y;17;4 0.00013280667951771368
Y;17;5 0.0
Y;18;0 0.0
Y;18;1 0.0001775786948104872
Y;18;2 0.0
Y;18;3 5.68995584432404e-05
Y;18;4 0.0009024861871758695
Y;18;5 0.0
Y;19;0 0.0
Y;19;1 0.00013280667951771368
Y;19;2 0.0
Y;19;3 3.5562224027025246e-05
Y;19;4 0.0001683772198271057
Y;19;5 0.0
Z;0;0 0.0
Z;0;1 0.0003927539323105218
Z;0;2 0.0
Z;0;3 0.0
Z;0;4 0.0
Z;0;5 0.0
Z;1;0 0.0
Z;1;1 0.0
Z;1;2 9.246178247026566e-05
Z;1;3 0.0
Z;1;4 0.0
Z;1;5 0.0
Z;2;0 0.0
Z;2;1 0.0
Z;2;2 4.9787113637835344e-05
Z;2;3 0.0
Z;2;4 0.0009834642362989054
Z;2;5 0.0
Z;3;0 0.0
Z;3;1 0.0006210331292749084
Z;3;2 0.0
Z;3;3 0.0
Z;3;4 0.0003738213830314433
Z;3;5 0.0
Z;4;0 0.0
Z;4;1 0.0007069978090610899
Z;4;2 0.0
Z;4;3 0.0
Z;4;4 0.0005891308984657827
Z;4;5 0.0
Z;5;0 0.0
Z;5;1 0.0
Z;5;2 4.9787113637835344e-05
Z;5;3 0.0
Z;5;4 0.0009021094734832352
Z;5;5 0.0
Z;6;0 0.002259202108213912
Z;6;1 0.0005388338331900974
Z;6;2 8.62890074289236e-05
Z;6;3 0.0
Z;6;4 0.0006210331292749084
Z;6;5 0.0
Z;7;0 0.0
Z;7;1 0.004183841446683619
Z;7;2 0.0
Z;7;3 0.0
Z;7;4 0.0
Z;7;5 0.0
Z;8;0 0.0
Z;8;1 0.0
Z;8;2 0.0
Z;8;3 7.112444805405049e-05
Z;8;4 0.0004917321181494527
Z;8;5 0.0
Z;9;0 0.0
Z;9;1 0.0
Z;9;2 2.133733441621515e-05
Z;9;3 0.0
Z;9;4 0.0001963769661552609
Z;9;5 0.0
Z;10;0 0.0033371565948559652
Z;10;1 0.0011281077339698369
Z;10;2 0.00017752941446632812
Z;10;3 2.892310751389224e-05
Z;10;4 0.0
Z;10;5 0.0
Z;11;0 0.0
Z;11;1 0.0012127389217224099
Z;11;2 0.0
Z;11;3 4.31445037144618e-05
Z;11;4 0.0
Z;11;5 0.0
Z;12;0 0.0
Z;12;1 0.0
Z;12;2 0.0
Z;12;3 0.0
Z;12;4 0.0
Z;12;5 0.0
Z;13;0 0.0
Z;13;1 0.00015035157891387253
Z;13;2 0.0
Z;13;3 0.0
Z;13;4 0.00027266514173845496
Z;13;5 0.0015364308656691031
Z;14;0 0.0
Z;14;1 0.0003551573896209744
Z;14;2 0.0
Z;14;3 0.0
Z;14;4 0.00018691069151572165
Z;14;5 0.0
Z;15;0 0.0
Z;15;1 0.0
Z;15;2 0.0
Z;15;3 6.401200324864545e-05
Z;15;4 0.0
Z;15;5 0.0
Z;16;0 0.0
Z;16;1 0.0
Z;16;2 0.0
Z;16;3 0.0
Z;16;4 0.0
Z;16;5 0.0
Z;17;0 0.0
Z;17;1 0.00041196287891730166
Z;17;2 0.0
Z;17;3 0.0
Z;17;4 0.00014152064448483254
Z;17;5 0.0
Z;18;0 0.0
Z;18;1 0.00023143508745218972
Z;18;2 0.0
Z;18;3 0.0
Z;18;4 0.0006471846192676775
Z;18;5 0.0
Z;19;0 0.0
Z;19;1 0.0
Z;19;2 0.0
Z;19;3 4.26746688324303e-05
Z;19;4 0.0009426637454147865
Z;19;5 0.0
W;0;0 0.0
W;0;1 0.0
W;0;2 0.0
W;0;3 0.0
W;0;4 0.00023143508745218972
W;0;5 0.0017017693053275938
W;1;0 0.0
W;1;1 0.00036355352231793995
W;1;2 0.00012872360508398183
W;1;3 0.0
W;1;4 0.0
W;1;5 0.0
W;2;0 0.002259202108213912
W;2;1 0.0012646957796894002
W;2;2 0.0
W;2;3 0.0
W;2;4 0.00020598143945865083
W;2;5 0.0
W;3;0 0.0
W;3;1 0.0003927539323105218
W;3;2 2.84497792216202e-05
W;3;3 0.0
W;3;4 0.0006362186640563949
W;3;5 0.0
W;4;0 0.0
W;4;1 0.00020598143945865083
W;4;2 0.0
W;4;3 0.0
W;4;4 0.0003367544396542114
W;4;5 0.0
W;5;0 0.0
W;5;1 0.0006212585297458375
W;5;2 2.84497792216202e-05
W;5;3 0.0
W;5;4 0.0010102633189626343
W;5;5 0.0
W;6;0 0.0005717354256734274
W;6;1 0.0005660825779393302
W;6;2 5.68995584432404e-05
W;6;3 4.2907868361327276e-05
W;6;4 0.0007152834823539232
W;6;5 0.0019231326188941815
W;7;0 0.0
W;7;1 0.0
W;7;2 0.0
W;7;3 0.0
W;7;4 0.0013053917412737467
W;7;5 0.0
W;8;0 0.0
W;8;1 0.0016496615544758762
W;8;2 0.0005238896036161879
W;8;3 0.0003312638049710598
W;8;4 8.281595124276495e-05
W;8;5 0.0
W;9;0 0.0
W;9;1 0.000277451071697332
W;9;2 0.0
W;9;3 0.0
W;9;4 0.0
W;9;5 0.0
W;10;0 0.0
W;10;1 0.0
W;10;2 2.15722518572309e-05
W;10;3 0.00017752941446632812
W;10;4 0.0015373609214278552
W;10;5 0.002795663383856269
W;11;0 0.0
W;11;1 0.0
W;11;2 0.0
W;11;3 8.53493376648606e-05
W;11;4 0.0
W;11;5 0.0
W;12;0 0.0
W;12;1 0.00010733660571462795
W;12;2 0.0
W;12;3 6.401200324864545e-05
W;12;4 0.0006471846192676775
W;12;5 0.0
W;13;0 0.0
W;13;1 0.0006768646403819021
W;13;2 0.0
W;13;3 0.0
W;13;4 0.0005124536404759517
W;13;5 0.0
W;14;0 0.0
W;14;1 0.0004968265034199267
W;14;2 0.0
W;14;3 2.84497792216202e-05
W;14;4 0.0005124536404759517
W;14;5 0.0
W;15;0 0.0
W;15;1 0.0
W;15;2 6.401200324864545e-05
W;15;3 0.0
W;15;4 0.0
W;15;5 0.0
W;16;0 0.0
W;16;1 0.0003927539323105218
W;16;2 2.84497792216202e-05
W;16;3 0.0
W;16;4 0.0007375981772241791
W;16;5 0.0
W;17;0 0.0
W;17;1 0.0006471846192676775
W;17;2 0.0
W;17;3 0.0
W;17;4 0.0010249072809519035
W;17;5 0.0
W;18;0 0.0
W;18;1 0.00013392459777623997
W;18;2 0.0
W;18;3 0.0
W;18;4 0.0006179443183759525
W;18;5 0.0
W;19;0 0.0
W;19;1 0.001109804286789328
W;19;2 4.26746688324303e-05
W;19;3 0.0
W;19;4 0.0
W;19;5 0.0
