X;0;0 0.0
X;0;1 0.00017773150981750048
X;0;2 0.0
X;0;3 0.0
X;0;4 0.00015799845188424716
X;0;5 0.0013664237053414717
X;1;0 0.0
X;1;1 0.00019729461882215065
X;1;2 2.252274188378266e-05
X;1;3 0.0
X;1;4 0.0005331945294525014
X;1;5 0.001314959835790276
X;2;0 0.0
X;2;1 0.00031740888881817534
X;2;2 2.252274188378266e-05
X;2;3 5.2553064395492875e-05
X;2;4 0.0013045491165714553
X;2;5 0.0
X;3;0 0.0
X;3;1 0.00031369345516536333
X;3;2 4.504548376756532e-05
X;3;3 5.2553064395492875e-05
X;3;4 0.0002803696567596178
X;3;5 0.0
X;4;0 0.0
X;4;1 0.0008886575490875023
X;4;2 0.0
X;4;3 0.0
X;4;4 0.00035546301963500096
X;4;5 0.0015486211112216738
X;5;0 0.0
X;5;1 0.0009130311061065735
X;5;2 0.0
X;5;3 3.0030322511710215e-05
X;5;4 0.0008447189752253425
X;5;5 0.0
X;6;0 0.0
X;6;1 0.0019524568736150488
X;6;2 0.0
X;6;3 0.0
X;6;4 8.741683742291857e-05
X;6;5 0.002357087732273126
X;7;0 0.0
X;7;1 0.0022057784916483547
X;7;2 0.000250477813231181
X;7;3 0.0
X;7;4 0.00015799845188424716
X;7;5 0.0
X;8;0 0.0
X;8;1 0.0014018482837980888
X;8;2 0.0003803926238182201
X;8;3 7.068242660412666e-05
X;8;4 0.0
X;8;5 0.0
X;9;0 0.0
X;9;1 0.00027046164358453007
X;9;2 8.258338690720309e-05
X;9;3 0.0
X;9;4 0.0002595252845788778
X;9;5 0.0
X;10;0 0.0
X;10;1 0.00020728679760833094
X;10;2 7.507580627927553e-05
X;10;3 0.0
X;10;4 0.00020912897011024224
X;10;5 0.0008588629355200882
X;11;0 0.0
X;11;1 0.0
X;11;2 0.00039332098187410867
X;11;3 3.0030322511710215e-05
X;11;4 0.00019188430095503305
X;11;5 0.004071880965266009
X;12;0 0.0
X;12;1 0.000683139320338104
X;12;2 4.504548376756532e-05
X;12;3 0.0
X;12;4 0.0
X;12;5 0.0
X;13;0 0.0
X;13;1 0.00028157299174178083
X;13;2 0.0
X;13;3 0.0
X;13;4 0.0
X;13;5 0.0
X;14;0 0.0
X;14;1 0.000683139320338104
X;14;2 5.2553064395492875e-05
X;14;3 0.0
X;14;4 0.000683139320338104
X;14;5 0.0
X;15;0 0.0
X;15;1 0.00010456448505512112
X;15;2 9.058327765169091e-05
X;15;3 6.006064502342043e-05
X;15;4 0.0007144682315142301
X;15;5 0.0
X;16;0 0.0
X;16;1 0.0010364339880416546
X;16;2 6.006064502342043e-05
X;16;3 0.0
X;16;4 0.0005190505691577556
X;16;5 0.0
X;17;0 0.0
X;17;1 0.00035546301963500096
X;17;2 0.0
X;17;3 0.0
X;17;4 0.00028157299174178083
X;17;5 0.0
X;18;0 0.0
X;18;1 0.0005857300402499231
X;18;2 0.0
X;18;3 0.0
X;18;4 0.0007935222220454382
X;18;5 0.0
X;19;0 0.0
X;19;1 0.0
X;19;2 0.0
X;19;3 0.00010510612879098575
X;19;4 0.0
X;19;5 0.0
Y;0;0 0.0
Y;0;1 0.00018744417785551427
Y;0;2 0.0
Y;0;3 0.0
Y;0;4 0.00023815607717141002
Y;0;5 0.0
Y;1;0 0.0
Y;1;1 0.00033630562778453444
Y;1;2 0.0
Y;1;3 0.0
Y;1;4 0.00020912897011024224
Y;1;5 0.0
Y;2;0 0.0
Y;2;1 0.00020912897011024224
Y;2;2 0.0
Y;2;3 4.504548376756532e-05
Y;2;4 0.0005409232871690601
Y;2;5 0.0
Y;3;0 0.0
Y;3;1 0.00021204727981237996
Y;3;2 0.0
Y;3;3 3.7537903139637766e-05
Y;3;4 0.0005331945294525014
Y;3;5 0.0017963120445124603
Y;4;0 0.0
Y;4;1 0.0005044584416768016
Y;4;2 3.7537903139637766e-05
Y;4;3 0.0
Y;4;4 0.00027046164358453007
Y;4;5 0.0
Y;5;0 0.0
Y;5;1 0.0
Y;5;2 0.0
Y;5;3 9.759854816305818e-05
Y;5;4 0.0002174248527619092
Y;5;5 0.0
Y;6;0 0.0
Y;6;1 0.0
Y;6;2 0.0
Y;6;3 0.00015264973410109793
Y;6;4 0.0007497767114220571
Y;6;5 0.0
Y;7;0 0.0
Y;7;1 0.0011375380922902056
Y;7;2 4.504548376756532e-05
Y;7;3 0.0
Y;7;4 0.0008899711042258742
Y;7;5 0.0
Y;8;0 0.0
Y;8;1 0.0005409232871690601
Y;8;2 0.0
Y;8;3 7.507580627927554e-06
Y;8;4 0.0
Y;8;5 0.0
Y;9;0 0.0
Y;9;1 0.00024985621295260993
Y;9;2 0.0
Y;9;3 3.0030322511710215e-05
Y;9;4 0.0011325321803937118
Y;9;5 0.0014220089190036497
Y;10;0 0.0
Y;10;1 0.0007675018804489843
Y;10;2 0.0
Y;10;3 0.00015264973410109793
Y;10;4 0.0003399640453602124
Y;10;5 0.0
Y;11;0 0.0
Y;11;1 0.0
Y;11;2 0.0
Y;11;3 0.0
Y;11;4 0.0
Y;11;5 0.0
Y;12;0 0.0
Y;12;1 0.0
Y;12;2 7.507580627927554e-06
Y;12;3 0.0
Y;12;4 0.0
Y;12;5 0.0
Y;13;0 0.0
Y;13;1 0.0002622505122687557
Y;13;2 0.0
Y;13;3 0.0
Y;13;4 0.001366278640676208
Y;13;5 0.0
Y;14;0 0.0
Y;14;1 0.00023815607717141002
Y;14;2 4.504548376756532e-05
Y;14;3 5.2553064395492875e-05
Y;14;4 0.00045319900190620696
Y;14;5 0.0
Y;15;0 0.0
Y;15;1 0.00010456448505512112
Y;15;2 4.504548376756532e-05
Y;15;3 0.00018216568234994985
Y;15;4 0.0007462754651200393
Y;15;5 0.0
Y;16;0 0.0
Y;16;1 0.0020667736880969905
Y;16;2 0.0
Y;16;3 5.2553064395492875e-05
Y;16;4 0.0007856959107577088
Y;16;5 0.0
Y;17;0 0.0
Y;17;1 0.00020728679760833094
Y;17;2 0.0
Y;17;3 0.0
Y;17;4 0.0004205544851394267
Y;17;5 0.0
Y;18;0 0.0
Y;18;1 0.0007497767114220571
Y;18;2 0.0
Y;18;3 4.504548376756532e-05
Y;18;4 0.00047631215434282005
Y;18;5 0.0
Y;19;0 0.0
Y;19;1 0.0
Y;19;2 0.0
Y;19;3 9.009096753513064e-05
Y;19;4 0.0
Y;19;5 0.0
Z;0;0 0.0
Z;0;1 0.0
Z;0;2 0.0
Z;0;3 0.0
Z;0;4 0.0005664987523827587
Z;0;5 0.0010010812776353752
Z;1;0 0.0
Z;1;1 0.00018744417785551427
Z;1;2 5.2553064395492875e-05
Z;1;3 0.0
Z;1;4 0.00019729461882215065
Z;1;5 0.0
Z;2;0 0.0016217881359840533
Z;2;1 0.00020728679760833094
Z;2;2 9.759854816305818e-05
Z;2;3 0.0
Z;2;4 0.0
Z;2;5 0.0
Z;3;0 0.0
Z;3;1 0.0001311069939580362
Z;3;2 0.0
Z;3;3 0.0
Z;3;4 0.0003945892376443013
Z;3;5 0.0
Z;4;0 0.0
Z;4;1 0.00024875848837334645
Z;4;2 0.0
Z;4;3 0.0
Z;4;4 0.0006218603928249928
Z;4;5 0.0
Z;5;0 0.0031476385369119835
Z;5;1 0.0013779135046778437
Z;5;2 3.7537903139637766e-05
Z;5;3 0.0
Z;5;4 0.0007935222220454382
Z;5;5 0.0
Z;6;0 0.0
Z;6;1 0.0034126142768706167
Z;6;2 0.00011385355146871864
Z;6;3 0.0
Z;6;4 0.00039332098187410867
Z;6;5 0.0007629252004639651
Z;7;0 0.0
Z;7;1 0.0011040692706526217
Z;7;2 0.0
Z;7;3 0.0
Z;7;4 0.0013572936550886698
Z;7;5 0.0
Z;8;0 0.0
Z;8;1 0.00047631215434282005
Z;8;2 0.0
Z;8;3 5.2553064395492875e-05
Z;8;4 0.0
Z;8;5 0.0
Z;9;0 0.0
Z;9;1 0.0
Z;9;2 6.006064502342043e-05
Z;9;3 0.0
Z;9;4 0.00020728679760833094
Z;9;5 0.0
Z;10;0 0.0
Z;10;1 0.0
Z;10;2 0.00012492810647630497
Z;10;3 0.0004884791491235134
Z;10;4 0.0
Z;10;5 0.0
Z;11;0 0.0
Z;11;1 0.0
Z;11;2 0.0
Z;11;3 0.0003643313646998997
Z;11;4 0.0
Z;11;5 0.0
Z;12;0 0.0
Z;12;1 0.0009123081029757329
Z;12;2 0.0
Z;12;3 0.0
Z;12;4 0.0
Z;12;5 0.0
Z;13;0 0.0
Z;13;1 0.0009522266664545259
Z;13;2 0.0
Z;13;3 0.0
Z;13;4 0.00038375094022449215
Z;13;5 0.0
Z;14;0 0.002184934119467615
Z;14;1 0.00037488835571102854
Z;14;2 0.0
Z;14;3 0.0
Z;14;4 0.0
Z;14;5 0.0
Z;15;0 0.0
Z;15;1 0.0
Z;15;2 0.0
Z;15;3 7.507580627927553e-05
Z;15;4 0.00023815607717141002
Z;15;5 0.0
Z;16;0 0.0
Z;16;1 0.0
Z;16;2 0.0
Z;16;3 0.0
Z;16;4 0.0
Z;16;5 0.0
Z;17;0 0.0
Z;17;1 0.0002174248527619092
Z;17;2 0.0
Z;17;3 0.0
Z;17;4 0.0005975316100470708
Z;17;5 0.0
Z;18;0 0.0
Z;18;1 0.0004885851846212894
Z;18;2 0.0
Z;18;3 0.0
Z;18;4 0.00045542621355873595
Z;18;5 0.0017035819107454307
Z;19;0 0.0
Z;19;1 0.0
Z;19;2 0.0
Z;19;3 9.759854816305818e-05
Z;19;4 0.00024875848837334645
Z;19;5 0.0
W;0;0 0.0
W;0;1 0.0006522745582857276
W;0;2 0.0
W;0;3 0.0
W;0;4 0.0004885851846212894
W;0;5 0.0
W;1;0 0.0
W;1;1 0.00038375094022449215
W;1;2 0.00012077770353558789
W;1;3 0.0
W;1;4 0.0005631459834835617
W;1;5 0.0
W;2;0 0.0
W;2;1 0.0
W;2;2 0.0
W;2;3 0.00012077770353558789
W;2;4 0.0002174248527619092
W;2;5 0.0
W;3;0 0.0
W;3;1 0.0004145735952166619
W;3;2 3.0030322511710215e-05
W;3;3 0.0
W;3;4 9.593773505612304e-05
W;3;5 0.0
W;4;0 0.0014824334863575595
W;4;1 0.0006522745582857276
W;4;2 0.0
W;4;3 0.0
W;4;4 0.0008886575490875023
W;4;5 0.0
W;5;0 0.0
W;5;1 0.0006557728925094952
W;5;2 3.7537903139637766e-05
W;5;3 0.0
W;5;4 0.0007109260392700019
W;5;5 0.0
W;6;0 0.0
W;6;1 0.0005975316100470708
W;6;2 1.5015161255855107e-05
W;6;3 9.058327765169091e-05
W;6;4 0.0022650643607874236
W;6;5 0.0
W;7;0 0.0
W;7;1 0.0008899711042258742
W;7;2 0.0
W;7;3 0.0
W;7;4 0.0032151315109149687
W;7;5 0.0
W;8;0 0.0
W;8;1 0.0
W;8;2 7.899922594212358e-05
W;8;3 0.0
W;8;4 0.0013986693987666971
W;8;5 0.0008336076270680917
W;9;0 0.0014220089190036497
W;9;1 0.0005857300402499231
W;9;2 0.0
W;9;3 0.0
W;9;4 0.0002174248527619092
W;9;5 0.0
W;10;0 0.0
W;10;1 0.0
W;10;2 0.0003643313646998997
W;10;3 0.00012492810647630497
W;10;4 0.0
W;10;5 0.0
W;11;0 0.0
W;11;1 0.0
W;11;2 0.0
W;11;3 3.0030322511710215e-05
W;11;4 0.0009406567102814655
W;11;5 0.0
W;12;0 0.0
W;12;1 0.0
W;12;2 0.0
W;12;3 4.504548376756532e-05
W;12;4 0.000683139320338104
W;12;5 0.0
W;13;0 0.0
W;13;1 0.00023815607717141002
W;13;2 0.0
W;13;3 0.0
W;13;4 0.0005409232871690601
W;13;5 0.0
W;14;0 0.0017963120445124603
W;14;1 0.0002622139879160724
W;14;2 0.0
W;14;3 6.006064502342043e-05
W;14;4 0.0
W;14;5 0.0
W;15;0 0.0
W;15;1 0.00019729461882215065
W;15;2 7.507580627927553e-05
W;15;3 0.0
W;15;4 0.0
W;15;5 0.0
W;16;0 0.0
W;16;1 0.0010364339880416546
W;16;2 6.006064502342043e-05
W;16;3 0.0
W;16;4 0.0005190505691577556
W;16;5 0.0
W;17;0 0.0
W;17;1 0.00022771310677936797
W;17;2 0.0
W;17;3 0.0
W;17;4 0.00027046164358453007
W;17;5 0.0
W;18;0 0.0
W;18;1 0.0002827297064165066
W;18;2 0.0
W;18;3 0.0
W;18;4 0.0004348497055238184
W;18;5 0.0017035819107454307
W;19;0 0.0
W;19;1 0.00029286502012496155
W;19;2 9.759854816305818e-05
W;19;3 0.0
W;19;4 0.0
W;19;5 0.0
