X;0;0 0.0
X;0;1 0.0
X;0;2 0.0
X;0;3 0.0
X;0;4 0.00040628173341663556
X;0;5 0.0
X;1;0 0.0
X;1;1 0.0005073290198283874
X;1;2 7.078576020617407e-05
X;1;3 0.0
X;1;4 0.0
X;1;5 0.0
X;2;0 0.0
X;2;1 0.0013603238092207513
X;2;2 6.435069109652188e-05
X;2;3 6.435069109652189e-06
X;2;4 0.0
X;2;5 0.0
X;3;0 0.0
X;3;1 0.0004481335073790905
X;3;2 4.504548376756532e-05
X;3;3 3.861041465791313e-05
X;3;4 0.00024031684865110097
X;3;5 0.0010115393744625238
X;4;0 0.0
X;4;1 0.0009140477647757167
X;4;2 0.0
X;4;3 0.0
X;4;4 0.0
X;4;5 0.0
X;5;0 0.0015396960381535375
X;5;1 0.0007825980909484916
X;5;2 0.0
X;5;3 4.504548376756532e-05
X;5;4 0.0
X;5;5 0.0
X;6;0 0.0
X;6;1 0.0
X;6;2 0.0
X;6;3 0.0
X;6;4 0.0005994297423285845
X;6;5 0.0006734536377923218
X;7;0 0.0
X;7;1 0.0009453336392778663
X;7;2 9.758875840175883e-05
X;7;3 0.0
X;7;4 0.00020314086670831778
X;7;5 0.0
X;8;0 0.0
X;8;1 0.00024031684865110097
X;8;2 0.00037262950904641974
X;8;3 0.0004846794967140114
X;8;4 0.0004080971427662254
X;8;5 0.0
X;9;0 0.0
X;9;1 0.0
X;9;2 3.217534554826094e-05
X;9;3 0.0
X;9;4 0.0006673507317742572
X;9;5 0.0
X;10;0 0.0
X;10;1 0.00035534879589999593
X;10;2 6.435069109652188e-05
X;10;3 0.0
X;10;4 0.0001792534029516362
X;10;5 0.0007361682304457899
X;11;0 0.0
X;11;1 0.0
X;11;2 0.00011237742339260248
X;11;3 9.009096753513064e-05
X;11;4 0.00019736670955374828
X;11;5 0.0
X;12;0 0.0
X;12;1 0.0005855479888612319
X;12;2 5.7915621986869693e-05
X;12;3 0.0
X;12;4 0.00044950969357040993
X;12;5 0.0
X;13;0 0.0
X;13;1 0.00024134827863581216
X;13;2 0.0
X;13;3 0.0
X;13;4 0.0001644646886676395
X;13;5 0.0
X;14;0 0.0
X;14;1 0.000390365325907488
X;14;2 3.861041465791313e-05
X;14;3 0.0
X;14;4 0.0005855479888612319
X;14;5 0.0
X;15;0 0.0
X;15;1 0.0003585068059032724
X;15;2 0.00010352374588764676
X;15;3 4.504548376756532e-05
X;15;4 0.00040826756086527434
X;15;5 0.0
X;16;0 0.0
X;16;1 0.0
X;16;2 4.504548376756532e-05
X;16;3 0.0
X;16;4 0.001557151707473267
X;16;5 0.0
X;17;0 0.0
X;17;1 0.0006093651765171445
X;17;2 0.0
X;17;3 0.0
X;17;4 0.0004826965572716243
X;17;5 0.0
X;18;0 0.0
X;18;1 0.0
X;18;2 0.0
X;18;3 0.0
X;18;4 0.0
X;18;5 0.0
X;19;0 0.0
X;19;1 0.0
X;19;2 0.0
X;19;3 0.00012226631308339157
X;19;4 0.00016910967327612913
X;19;5 0.0
Y;0;0 0.0
Y;0;1 0.00032133287632373875
Y;0;2 0.0
Y;0;3 0.0
Y;0;4 0.0
Y;0;5 0.0
Y;1;0 0.0
Y;1;1 0.0
Y;1;2 0.0
Y;1;3 0.0
Y;1;4 0.0003585068059032724
Y;1;5 0.0
Y;2;0 0.0
Y;2;1 0.000985893716233999
Y;2;2 0.0
Y;2;3 6.435069109652189e-06
Y;2;4 0.0
Y;2;5 0.0
Y;3;0 0.0
Y;3;1 0.00012116987417850285
Y;3;2 0.0
Y;3;3 2.5740276438608757e-05
Y;3;4 0.00045702388238785834
Y;3;5 0.0
Y;4;0 0.0
Y;4;1 0.0002882619666724581
Y;4;2 5.7915621986869693e-05
Y;4;3 0.0
Y;4;4 0.0
Y;4;5 0.0
Y;5;0 0.0
Y;5;1 0.0009379755498585446
Y;5;2 0.0
Y;5;3 2.5740276438608757e-05
Y;5;4 0.0
Y;5;5 0.0
Y;6;0 0.0
Y;6;1 0.0
Y;6;2 0.0
Y;6;3 0.00041869641353444007
Y;6;4 0.0004819993144856081
Y;6;5 0.0
Y;7;0 0.0
Y;7;1 0.0014625489758016929
Y;7;2 3.217534554826094e-05
Y;7;3 0.0
Y;7;4 0.0011442485625761238
Y;7;5 0.00139010411655776
Y;8;0 0.0
Y;8;1 0.000927297063718389
Y;8;2 0.0
Y;8;3 5.1480552877217514e-05
Y;8;4 0.0
Y;8;5 0.0
Y;9;0 0.0
Y;9;1 0.00010708123412254713
Y;9;2 0.0
Y;9;3 3.861041465791313e-05
Y;9;4 0.0
Y;9;5 0.0
Y;10;0 0.0
Y;10;1 0.000328929377335279
Y;10;2 0.0
Y;10;3 0.0001308426292295125
Y;10;4 0.0005827955063317927
Y;10;5 0.0
Y;11;0 0.0
Y;11;1 0.0006936331328373703
Y;11;2 0.0
Y;11;3 0.0
Y;11;4 0.000502214308951976
Y;11;5 0.0
Y;12;0 0.0
Y;12;1 0.0
Y;12;2 2.5740276438608757e-05
Y;12;3 0.0
Y;12;4 0.0
Y;12;5 0.0
Y;13;0 0.0
Y;13;1 7.492871779107306e-05
Y;13;2 0.0
Y;13;3 0.0
Y;13;4 0.000780730651814976
Y;13;5 0.0
Y;14;0 0.0
Y;14;1 0.00020413378043263717
Y;14;2 5.1480552877217514e-05
Y;14;3 5.1480552877217514e-05
Y;14;4 0.0003884562873481774
Y;14;5 0.0
Y;15;0 0.0
Y;15;1 0.0003585068059032724
Y;15;2 5.1480552877217514e-05
Y;15;3 0.00013662426176246238
Y;15;4 0.0004264431229257368
Y;15;5 0.0
Y;16;0 0.0
Y;16;1 0.0
Y;16;2 0.0
Y;16;3 0.00010296110575443503
Y;16;4 0.0
Y;16;5 0.0
Y;17;0 0.0
Y;17;1 0.00017767439794999797
Y;17;2 0.0
Y;17;3 0.0
Y;17;4 0.0006007921216277523
Y;17;5 0.0014602130663532264
Y;18;0 0.0
Y;18;1 0.0
Y;18;2 0.0
Y;18;3 9.009096753513064e-05
Y;18;4 0.0
Y;18;5 0.0
Y;19;0 0.0
Y;19;1 0.0
Y;19;2 0.0
Y;19;3 0.00011583124397373939
Y;19;4 0.00015234129412928612
Y;19;5 0.0
Z;0;0 0.00139010411655776
Z;0;1 0.0007106975917999919
Z;0;2 0.0
Z;0;3 0.0
Z;0;4 0.000291342215511133
Z;0;5 0.0
Z;1;0 0.0
Z;1;1 0.00032133287632373875
Z;1;2 6.435069109652188e-05
Z;1;3 0.0
Z;1;4 0.0008455483663806456
Z;1;5 0.0
Z;2;0 0.0
Z;2;1 0.0
Z;2;2 3.217534554826094e-05
Z;2;3 0.0
Z;2;4 0.001557151707473267
Z;2;5 0.003079392076307075
Z;3;0 0.0
Z;3;1 0.00044950969357040993
Z;3;2 0.0
Z;3;3 0.0
Z;3;4 0.00016910967327612913
Z;3;5 0.0
Z;4;0 0.0
Z;4;1 0.0
Z;4;2 0.0
Z;4;3 0.0
Z;4;4 0.00035534879589999593
Z;4;5 0.0
Z;5;0 0.0
Z;5;1 0.0
Z;5;2 3.217534554826094e-05
Z;5;3 0.0
Z;5;4 0.0009522266664545259
Z;5;5 0.0
Z;6;0 0.0
Z;6;1 0.0
Z;6;2 1.951775168035177e-05
Z;6;3 0.0
Z;6;4 0.0011237742339260247
Z;6;5 0.0
Z;7;0 0.0
Z;7;1 0.0
Z;7;2 0.0
Z;7;3 0.0
Z;7;4 0.002908486403761435
Z;7;5 0.0
Z;8;0 0.0
Z;8;1 0.0008165351217305487
Z;8;2 0.0
Z;8;3 4.504548376756532e-05
Z;8;4 0.0
Z;8;5 0.0
Z;9;0 0.0
Z;9;1 0.0
Z;9;2 1.9305207328956563e-05
Z;9;3 0.0
Z;9;4 0.00017767439794999797
Z;9;5 0.0
Z;10;0 0.003925131804425826
Z;10;1 0.0008165351217305487
Z;10;2 0.00016062185118382067
Z;10;3 2.6168525845902504e-05
Z;10;4 0.0
Z;10;5 0.0
Z;11;0 0.0
Z;11;1 0.001645859965194699
Z;11;2 0.0
Z;11;3 3.903550336070354e-05
Z;11;4 0.0
Z;11;5 0.0
Z;12;0 0.0
Z;12;1 0.0
Z;12;2 0.0
Z;12;3 0.0
Z;12;4 0.0
Z;12;5 0.0
Z;13;0 0.0
Z;13;1 0.0005441295236883006
Z;13;2 0.0
Z;13;3 0.0
Z;13;4 8.223234433381975e-05
Z;13;5 0.0
Z;14;0 0.0
Z;14;1 0.0006426657526474775
Z;14;2 0.0
Z;14;3 0.0
Z;14;4 0.0005073290198283874
Z;14;5 0.0
Z;15;0 0.0
Z;15;1 0.0
Z;15;2 0.0
Z;15;3 2.5740276438608757e-05
Z;15;4 0.0
Z;15;5 0.0
Z;16;0 0.0
Z;16;1 0.0
Z;16;2 0.0
Z;16;3 0.0
Z;16;4 0.0
Z;16;5 0.0
Z;17;0 0.0
Z;17;1 0.00018636415951020792
Z;17;2 0.0
Z;17;3 0.0
Z;17;4 0.0006402124393361472
Z;17;5 0.0014602130663532264
Z;18;0 0.0
Z;18;1 0.0004187873011039624
Z;18;2 0.0
Z;18;3 0.0
Z;18;4 0.000390365325907488
Z;18;5 0.0
Z;19;0 0.0
Z;19;1 0.0
Z;19;2 0.0
Z;19;3 7.722082931582625e-05
Z;19;4 0.0004264431229257368
Z;19;5 0.0
W;0;0 0.0
W;0;1 0.00018636415951020792
W;0;2 0.0
W;0;3 0.0
W;0;4 0.0004187873011039624
W;0;5 0.0
W;1;0 0.0
W;1;1 0.0001644646886676395
W;1;2 0.0002199879600112494
W;1;3 0.0
W;1;4 0.0
W;1;5 0.0
W;2;0 0.0
W;2;1 0.0
W;2;2 0.0
W;2;3 5.176187294382338e-05
W;2;4 0.00018636415951020792
W;2;5 0.0
W;3;0 0.0
W;3;1 0.0
W;3;2 1.2870138219304378e-05
W;3;3 0.0
W;3;4 0.0005756264103367382
W;3;5 0.0036565943631522418
W;4;0 0.0
W;4;1 0.0
W;4;2 0.0
W;4;3 0.0
W;4;4 0.0009140477647757167
W;4;5 0.0
W;5;0 0.0
W;5;1 0.0
W;5;2 4.504548376756532e-05
W;5;3 0.0
W;5;4 0.00045702388238785834
W;5;5 0.0012188647877174141
W;6;0 0.0
W;6;1 0.0007682549272033767
W;6;2 5.1480552877217514e-05
W;6;3 9.058327765169091e-05
W;6;4 0.0
W;6;5 0.0
W;7;0 0.0
W;7;1 0.004195578062779121
W;7;2 0.0
W;7;3 0.0
W;7;4 0.0
W;7;5 0.0
W;8;0 0.0
W;8;1 0.0004264431229257368
W;8;2 0.0005417089778888475
W;8;3 0.0005994297423285845
W;8;4 0.00022478615337321917
W;8;5 0.0
W;9;0 0.0
W;9;1 0.0007530814803213296
W;9;2 0.0
W;9;3 0.0
W;9;4 0.00018636415951020792
W;9;5 0.0
W;10;0 0.0
W;10;1 0.0
W;10;2 1.951775168035177e-05
W;10;3 0.00016062185118382067
W;10;4 0.000927297063718389
W;10;5 0.0036535918296957594
W;11;0 0.0
W;11;1 0.0009750326505344619
W;11;2 0.0
W;11;3 4.504548376756532e-05
W;11;4 0.0
W;11;5 0.0
W;12;0 0.0
W;12;1 0.0003884562873481774
W;12;2 0.0
W;12;3 6.435069109652188e-05
W;12;4 0.0005855479888612319
W;12;5 0.0
W;13;0 0.0
W;13;1 0.00020413378043263717
W;13;2 0.0
W;13;3 0.0
W;13;4 0.00023182426592959724
W;13;5 0.0
W;14;0 0.0
W;14;1 0.0007866419637482173
W;14;2 0.0
W;14;3 4.504548376756532e-05
W;14;4 0.00023182426592959724
W;14;5 0.0
W;15;0 0.0
W;15;1 0.0
W;15;2 3.217534554826094e-05
W;15;3 0.0
W;15;4 0.0
W;15;5 0.0
W;16;0 0.0
W;16;1 0.0
W;16;2 3.861041465791313e-05
W;16;3 0.0
W;16;4 0.001557151707473267
W;16;5 0.0
W;17;0 0.0
W;17;1 0.0005855479888612319
W;17;2 0.0
W;17;3 0.0
W;17;4 0.0006954727977887916
W;17;5 0.0
W;18;0 0.0
W;18;1 0.0002423397483570057
W;18;2 0.0
W;18;3 0.0
W;18;4 0.00018636415951020792
W;18;5 0.0
W;19;0 0.0
W;19;1 0.0015061629606426593
W;19;2 7.722082931582625e-05
W;19;3 0.0
W;19;4 0.0
W;19;5 0.0
