X;0;0 0.0017064107028043796
X;0;1 0.0006398334353430017
X;0;2 0.0
X;0;3 0.0
X;0;4 0.0
X;0;5 0.0
X;1;0 0.0
X;1;1 0.0
X;1;2 0.0
X;1;3 0.0
X;1;4 0.0021327781178100058
X;1;5 0.0031559036058966625
X;2;0 0.0
X;2;1 0.0
X;2;2 9.009096753513063e-06
X;2;3 0.00010810916104215676
X;2;4 0.0005218196466285821
X;2;5 0.0
X;3;0 0.0
X;3;1 0.0
X;3;2 0.0
X;3;3 0.0001261273545491829
X;3;4 0.00016822179405577068
X;3;5 0.0
X;4;0 0.0
X;4;1 0.0006398334353430017
X;4;2 0.0
X;4;3 0.0
X;4;4 0.00042655562356200114
X;4;5 0.0
X;5;0 0.0
X;5;1 0.0003652124424426294
X;5;2 0.0
X;5;3 4.504548376756532e-05
X;5;4 0.0
X;5;5 0.0
X;6;0 0.0
X;6;1 0.0009371792993352235
X;6;2 0.0
X;6;3 0.0
X;6;4 0.00010490020490750229
X;6;5 0.0
X;7;0 0.0
X;7;1 0.0
X;7;2 5.464970470498496e-05
X;7;3 0.0
X;7;4 0.00037919628452219323
X;7;5 0.0011287880523377586
X;8;0 0.0
X;8;1 0.0
X;8;2 0.0
X;8;3 8.481891192495199e-05
X;8;4 0.0026662346660726727
X;8;5 0.0
X;9;0 0.0
X;9;1 0.00032455397230143614
X;9;2 9.91000642886437e-05
X;9;3 0.0
X;9;4 0.0
X;9;5 0.0
X;10;0 0.0
X;10;1 0.0
X;10;2 0.0
X;10;3 0.0
X;10;4 0.0002509547641322907
X;10;5 0.0
X;11;0 0.0
X;11;1 0.0
X;11;2 0.0009439703564978608
X;11;3 6.306367727459145e-05
X;11;4 9.210446445841587e-05
X;11;5 0.0
X;12;0 0.0
X;12;1 0.0002732557281352416
X;12;2 3.6036387014052253e-05
X;12;3 0.0
X;12;4 0.00031465678549928694
X;12;5 0.0
X;13;0 0.0
X;13;1 0.001013662770270411
X;13;2 0.0
X;13;3 0.0
X;13;4 0.00011512528206734765
X;13;5 0.0
X;14;0 0.0
X;14;1 0.0
X;14;2 2.702729026053919e-05
X;14;3 0.0
X;14;4 0.0
X;14;5 0.0015779518029483313
X;15;0 0.0
X;15;1 0.00012547738206614535
X;15;2 0.0002355165218943964
X;15;3 9.009096753513063e-06
X;15;4 0.0
X;15;5 0.0
X;16;0 0.0
X;16;1 0.0007462324713899914
X;16;2 5.405458052107838e-05
X;16;3 0.0
X;16;4 0.0
X;16;5 0.0
X;17;0 0.0
X;17;1 0.0
X;17;2 0.0
X;17;3 0.0
X;17;4 0.000337887590090137
X;17;5 0.0
X;18;0 0.0
X;18;1 0.0003514380241499539
X;18;2 0.0
X;18;3 0.0
X;18;4 0.0003808906665818104
X;18;5 0.0
X;19;0 0.002933351284855791
X;19;1 0.0010089168833536033
X;19;2 0.0
X;19;3 0.0
X;19;4 0.0
X;19;5 0.0
Y;0;0 0.0
Y;0;1 0.0
Y;0;2 0.0
Y;0;3 0.0
Y;0;4 0.00028578729260569203
Y;0;5 0.0
Y;1;0 0.0
Y;1;1 0.00020178337667072069
Y;1;2 0.0
Y;1;3 0.0
Y;1;4 0.0
Y;1;5 0.0
Y;2;0 0.0
Y;2;1 0.0
Y;2;2 0.0
Y;2;3 9.91000642886437e-05
Y;2;4 0.0006491079446028723
Y;2;5 0.0
Y;3;0 0.0
Y;3;1 0.0
Y;3;2 0.0
Y;3;3 4.504548376756532e-05
Y;3;4 0.00021327781178100057
Y;3;5 0.0
Y;4;0 0.0
Y;4;1 0.0
Y;4;2 0.0
Y;4;3 0.0
Y;4;4 0.0006491079446028723
Y;4;5 0.0
Y;5;0 0.0
Y;5;1 0.00043772192326732085
Y;5;2 0.0
Y;5;3 0.0
Y;5;4 0.0
Y;5;5 0.0
Y;6;0 0.0
Y;6;1 0.001557151707473267
Y;6;2 0.0
Y;6;3 7.327187236852701e-05
Y;6;4 0.0006747990402798514
Y;6;5 0.0
Y;7;0 0.0
Y;7;1 0.0
Y;7;2 2.702729026053919e-05
Y;7;3 0.0
Y;7;4 0.0
Y;7;5 0.0
Y;8;0 0.0
Y;8;1 0.0
Y;8;2 0.0
Y;8;3 0.00011711825779566983
Y;8;4 0.0
Y;8;5 0.0
Y;9;0 0.0
Y;9;1 0.0005996549110862639
Y;9;2 0.0
Y;9;3 0.0
Y;9;4 0.0
Y;9;5 0.0
Y;10;0 0.0037166906669320173
Y;10;1 0.0010361275386061288
Y;10;2 0.0
Y;10;3 0.0
Y;10;4 0.0
Y;10;5 0.0
Y;11;0 0.0
Y;11;1 0.0
Y;11;2 0.0
Y;11;3 0.0
Y;11;4 0.0
Y;11;5 0.0
Y;12;0 0.0
Y;12;1 0.0
Y;12;2 0.00010810916104215676
Y;12;3 0.0
Y;12;4 0.0
Y;12;5 0.0
Y;13;0 0.0
Y;13;1 0.00010490020490750229
Y;13;2 0.0
Y;13;3 0.0
Y;13;4 0.0010930229125409663
Y;13;5 0.0
Y;14;0 0.0
Y;14;1 0.0011431491704227681
Y;14;2 6.306367727459145e-05
Y;14;3 3.6036387014052253e-05
Y;14;4 0.0
Y;14;5 0.0
Y;15;0 0.002561445365998775
Y;15;1 0.0013802512027275987
Y;15;2 1.8018193507026127e-05
Y;15;3 0.0
Y;15;4 0.0
Y;15;5 0.0
Y;16;0 0.0
Y;16;1 0.0012400642128581943
Y;16;2 0.0
Y;16;3 8.108187078161757e-05
Y;16;4 0.0
Y;16;5 0.0
Y;17;0 0.0
Y;17;1 0.0014924649427799828
Y;17;2 0.0
Y;17;3 0.0
Y;17;4 0.0
Y;17;5 0.0
Y;18;0 0.00243596798393263
Y;18;1 0.0006747990402798514
Y;18;2 0.0
Y;18;3 4.504548376756532e-05
Y;18;4 0.00028578729260569203
Y;18;5 0.0
Y;19;0 0.0028323102484950667
Y;19;1 0.0018504397346134774
Y;19;2 0.0
Y;19;3 0.0
Y;19;4 0.0
Y;19;5 0.0
Z;0;0 0.001946145763180864
Z;0;1 0.0007462324713899914
Z;0;2 0.0
Z;0;3 0.0
Z;0;4 0.0
Z;0;5 0.0
Z;1;0 0.0
Z;1;1 0.0
Z;1;2 0.0
Z;1;3 0.0
Z;1;4 0.0018940283406926463
Z;1;5 0.0
Z;2;0 0.0
Z;2;1 0.0002487441571299971
Z;2;2 9.91000642886437e-05
Z;2;3 0.0
Z;2;4 0.0
Z;2;5 0.0
Z;3;0 0.0
Z;3;1 0.0004719851782489304
Z;3;2 0.0
Z;3;3 0.0
Z;3;4 0.0
Z;3;5 0.0
Z;4;0 0.0
Z;4;1 0.0005970203720960315
Z;4;2 0.0
Z;4;3 0.0
Z;4;4 0.0
Z;4;5 0.0
Z;5;0 0.0
Z;5;1 0.001102330803742275
Z;5;2 8.108187078161757e-05
Z;5;3 0.0
Z;5;4 0.0
Z;5;5 0.0
Z;6;0 0.0
Z;6;1 0.0
Z;6;2 0.0
Z;6;3 0.0
Z;6;4 0.0018879407129957216
Z;6;5 0.0009155102405567582
Z;7;0 0.0
Z;7;1 0.000662441562391573
Z;7;2 0.0
Z;7;3 0.0
Z;7;4 0.0
Z;7;5 0.0
Z;8;0 0.0
Z;8;1 0.0
Z;8;2 0.0
Z;8;3 0.00011711825779566983
Z;8;4 0.0
Z;8;5 0.0
Z;9;0 0.0
Z;9;1 0.0
Z;9;2 0.0
Z;9;3 0.0
Z;9;4 0.0012437207856499856
Z;9;5 0.0
Z;10;0 0.0021135325100754446
Z;10;1 0.001714723755634152
Z;10;2 0.00022487059165734896
Z;10;3 3.6635936184263504e-05
Z;10;4 0.0
Z;10;5 0.0
Z;11;0 0.0
Z;11;1 0.0
Z;11;2 0.0
Z;11;3 0.00021859881881993983
Z;11;4 0.0
Z;11;5 0.0
Z;12;0 0.0
Z;12;1 0.0
Z;12;2 0.0
Z;12;3 0.0
Z;12;4 0.0
Z;12;5 0.0
Z;13;0 0.0
Z;13;1 0.0003808906665818104
Z;13;2 0.0
Z;13;3 0.0
Z;13;4 0.00011512528206734765
Z;13;5 0.0
Z;14;0 0.0
Z;14;1 0.0006747990402798514
Z;14;2 0.0
Z;14;3 0.0
Z;14;4 0.0
Z;14;5 0.0
Z;15;0 0.0017789201836290714
Z;15;1 0.0017910611162880944
Z;15;2 0.0
Z;15;3 0.0
Z;15;4 0.0
Z;15;5 0.0
Z;16;0 0.0
Z;16;1 0.0
Z;16;2 0.0
Z;16;3 0.0
Z;16;4 0.0
Z;16;5 0.0
Z;17;0 0.001946145763180864
Z;17;1 0.0013045491165714553
Z;17;2 0.0
Z;17;3 0.0
Z;17;4 0.0
Z;17;5 0.0
Z;18;0 0.0
Z;18;1 0.0
Z;18;2 0.0
Z;18;3 0.0
Z;18;4 0.0002732557281352416
Z;18;5 0.0
Z;19;0 0.0
Z;19;1 0.001714723755634152
Z;19;2 0.0
Z;19;3 0.0
Z;19;4 0.0
Z;19;5 0.0
W;0;0 0.0
W;0;1 0.0013045491165714553
W;0;2 0.0
W;0;3 0.0
W;0;4 0.0
W;0;5 0.0
W;1;0 0.0
W;1;1 0.0
W;1;2 0.0
W;1;3 0.0
W;1;4 0.002365213130630959
W;1;5 0.0
W;2;0 0.0
W;2;1 0.003203895975213147
W;2;2 0.0
W;2;3 0.0
W;2;4 0.0
W;2;5 0.0
W;3;0 0.0
W;3;1 0.0002487441571299971
W;3;2 5.405458052107838e-05
W;3;3 0.0
W;3;4 0.00034537584620204293
W;3;5 0.0
W;4;0 0.0
W;4;1 0.0
W;4;2 0.0
W;4;3 0.0
W;4;4 0.0006398334353430017
W;4;5 0.0
W;5;0 0.0
W;5;1 0.0003934637355056972
W;5;2 7.207277402810451e-05
W;5;3 0.0
W;5;4 0.0
W;5;5 0.0
W;6;0 0.001448396411706016
W;6;1 0.0019718543131553336
W;6;2 1.8018193507026127e-05
W;6;3 0.0
W;6;4 0.0
W;6;5 0.0
W;7;0 0.0
W;7;1 0.0
W;7;2 0.0
W;7;3 0.0
W;7;4 0.0016534962056134125
W;7;5 0.0
W;8;0 0.003412821405608759
W;8;1 0.003582122232576189
W;8;2 9.479907113054831e-05
W;8;3 0.0
W;8;4 0.0
W;8;5 0.0
W;9;0 0.0
W;9;1 0.0
W;9;2 0.0
W;9;3 0.0
W;9;4 0.0005218196466285821
W;9;5 0.0
W;10;0 0.0
W;10;1 0.0
W;10;2 2.732485235249248e-05
W;10;3 0.00022487059165734896
W;10;4 0.0016227698615071805
W;10;5 0.002360782413034183
W;11;0 0.0
W;11;1 0.0
W;11;2 0.0
W;11;3 9.009096753513064e-05
W;11;4 0.0011287880523377586
W;11;5 0.0
W;12;0 0.0
W;12;1 0.00027191940114372416
W;12;2 0.0
W;12;3 3.6036387014052253e-05
W;12;4 0.0002732557281352416
W;12;5 0.0
W;13;0 0.0
W;13;1 0.00028578729260569203
W;13;2 0.0
W;13;3 0.0
W;13;4 0.0009736619169043084
W;13;5 0.0
W;14;0 0.0
W;14;1 0.00031465678549928694
W;14;2 0.0
W;14;3 8.108187078161757e-05
W;14;4 0.0
W;14;5 0.0
W;15;0 0.0
W;15;1 0.0
W;15;2 0.0
W;15;3 0.0
W;15;4 0.002365213130630959
W;15;5 0.0015204577433758717
W;16;0 0.0
W;16;1 0.0007462324713899914
W;16;2 5.405458052107838e-05
W;16;3 0.0
W;16;4 0.0
W;16;5 0.0
W;17;0 0.0
W;17;1 0.0
W;17;2 0.0
W;17;3 0.0
W;17;4 0.0
W;17;5 0.0
W;18;0 0.0
W;18;1 0.0
W;18;2 0.0
W;18;3 0.0
W;18;4 0.00026090982331429107
W;18;5 0.0
W;19;0 0.0
W;19;1 0.0
W;19;2 0.0
W;19;3 0.0
W;19;4 0.0014124836366950447
W;19;5 0.0
