X;0;0 0.0
X;0;1 0.0003998958970893761
X;0;2 0.0
X;0;3 0.0
X;0;4 0.00035549651673955616
X;0;5 0.0030744533370183117
X;1;0 0.0
X;1;1 0.0013317386770495168
X;1;2 5.067616923851098e-05
X;1;3 0.0
X;1;4 0.00019994794854468804
X;1;5 0.0
X;2;0 0.0012829904181696026
X;2;1 0.0008927124998011181
X;2;2 5.912219744492947e-05
X;2;3 2.533808461925549e-05
X;2;4 0.0
X;2;5 0.0
X;3;0 0.0
X;3;1 0.000470540182748045
X;3;2 5.067616923851098e-05
X;3;3 2.533808461925549e-05
X;3;4 0.000473123795781855
X;3;5 0.0
X;4;0 0.0
X;4;1 0.0007997917941787522
X;4;2 0.0
X;4;3 0.0
X;4;4 0.0007997917941787522
X;4;5 0.0
X;5;0 0.0020208510500765177
X;5;1 0.0010271599943698952
X;5;2 0.0
X;5;3 4.2230141032092486e-05
X;5;4 0.00031676961570950346
X;5;5 0.0
X;6;0 0.0
X;6;1 0.0008786055931267721
X;6;2 0.0
X;6;3 0.0
X;6;4 0.0006884075947054837
X;6;5 0.0008839078996024224
X;7;0 0.0
X;7;1 0.0
X;7;2 0.00010246819632184678
X;7;3 0.0
X;7;4 0.00044437064592444515
X;7;5 0.0
X;8;0 0.0
X;8;1 0.000473123795781855
X;8;2 0.0002445381153117129
X;8;3 0.0005566241095074974
X;8;4 0.00035708499992044725
X;8;5 0.0
X;9;0 0.0
X;9;1 0.00030426934903259636
X;9;2 1.6892056412836994e-05
X;9;3 0.0
X;9;4 0.00029196594515123754
X;9;5 0.0
X;10;0 0.0
X;10;1 0.0013991858838562337
X;10;2 5.912219744492947e-05
X;10;3 0.0
X;10;4 0.00011763504568701126
X;10;5 0.0
X;11;0 0.0
X;11;1 0.0
X;11;2 0.0002949907364055815
X;11;3 0.00010135233847702197
X;11;4 8.634793542976488e-05
X;11;5 0.0
X;12;0 0.0
X;12;1 0.0007685317353803669
X;12;2 5.067616923851098e-05
X;12;3 0.0
X;12;4 0.0004424861046083722
X;12;5 0.00182451165298206
X;13;0 0.0
X;13;1 0.0006335392314190069
X;13;2 0.0
X;13;3 0.0
X;13;4 0.00021585990387627685
X;13;5 0.0
X;14;0 0.0
X;14;1 0.0015370634707607338
X;14;2 5.067616923851098e-05
X;14;3 0.0
X;14;4 0.000512354490253578
X;14;5 0.0
X;15;0 0.0
X;15;1 0.0007058102741220675
X;15;2 0.00010190618735815228
X;15;3 8.446028206418497e-06
X;15;4 0.0008037767604535088
X;15;5 0.0
X;16;0 0.0
X;16;1 0.0006995929419281169
X;16;2 2.533808461925549e-05
X;16;3 0.0
X;16;4 0.0014598297257561877
X;16;5 0.0
X;17;0 0.0
X;17;1 0.00019994794854468804
X;17;2 0.0
X;17;3 0.0
X;17;4 0.0006335392314190069
X;17;5 0.0
X;18;0 0.0
X;18;1 0.0
X;18;2 0.0
X;18;3 0.0
X;18;4 0.00035708499992044725
X;18;5 0.00364902330596412
X;19;0 0.0
X;19;1 0.0
X;19;2 0.0
X;19;3 6.756822565134798e-05
X;19;4 0.0013317386770495168
X;19;5 0.0
Y;0;0 0.0
Y;0;1 0.0006326241002623606
Y;0;2 0.0
Y;0;3 0.0
Y;0;4 0.00026792558681783626
Y;0;5 0.0
Y;1;0 0.0
Y;1;1 0.00018917191562880064
Y;1;2 0.0
Y;1;3 0.0
Y;1;4 0.0007058102741220675
Y;1;5 0.0
Y;2;0 0.0012006775153119258
Y;2;1 0.0005881752284350563
Y;2;2 0.0
Y;2;3 2.533808461925549e-05
Y;2;4 0.0
Y;2;5 0.0
Y;3;0 0.0
Y;3;1 0.0004771063795778549
Y;3;2 0.0
Y;3;3 1.6892056412836994e-05
Y;3;4 0.0003998958970893761
Y;3;5 0.0
Y;4;0 0.0
Y;4;1 0.0005675157468864019
Y;4;2 6.756822565134798e-05
Y;4;3 0.0
Y;4;4 0.00030426934903259636
Y;4;5 0.0
Y;5;0 0.0
Y;5;1 0.0
Y;5;2 0.0
Y;5;3 0.00011824439488985895
Y;5;4 0.0002446029593571479
Y;5;5 0.0
Y;6;0 0.0
Y;6;1 0.00029196594515123754
Y;6;2 0.0
Y;6;3 0.0002747695213819763
Y;6;4 0.0004217494001749071
Y;6;5 0.0
Y;7;0 0.0
Y;7;1 0.0006398651769132407
Y;7;2 5.067616923851098e-05
Y;7;3 0.0
Y;7;4 0.0
Y;7;5 0.0
Y;8;0 0.0
Y;8;1 0.00030426934903259636
Y;8;2 0.0
Y;8;3 5.912219744492947e-05
Y;8;4 0.0008395598982600442
Y;8;5 0.00182451165298206
Y;9;0 0.0
Y;9;1 0.00021081617967876463
Y;9;2 0.0
Y;9;3 2.533808461925549e-05
Y;9;4 0.0
Y;9;5 0.0
Y;10;0 0.001742198750124383
Y;10;1 0.0008634396155051074
Y;10;2 0.0
Y;10;3 3.4346190172747036e-05
Y;10;4 0.00038245955103023894
Y;10;5 0.0
Y;11;0 0.0
Y;11;1 0.0
Y;11;2 0.0
Y;11;3 0.0
Y;11;4 0.0006591562804994685
Y;11;5 0.0
Y;12;0 0.0
Y;12;1 0.0
Y;12;2 1.6892056412836994e-05
Y;12;3 0.0
Y;12;4 0.0007861241941696051
Y;12;5 0.0
Y;13;0 0.0
Y;13;1 0.00019668788420156678
Y;13;2 0.0
Y;13;3 0.0
Y;13;4 0.000512354490253578
Y;13;5 0.0
Y;14;0 0.0
Y;14;1 0.00026792558681783626
Y;14;2 1.6892056412836994e-05
Y;14;3 4.2230141032092486e-05
Y;14;4 0.0008922355350028449
Y;14;5 0.0019165296495886096
Y;15;0 0.0012006775153119258
Y;15;1 0.0008234453198090788
Y;15;2 3.378411282567399e-05
Y;15;3 7.685114724138509e-05
Y;15;4 0.00027985329942001476
Y;15;5 0.0
Y;16;0 0.0
Y;16;1 0.0
Y;16;2 0.0
Y;16;3 5.912219744492947e-05
Y;16;4 0.0008839078996024224
Y;16;5 0.0
Y;17;0 0.0
Y;17;1 0.00046639529461874464
Y;17;2 0.0
Y;17;3 0.0
Y;17;4 0.001103955523490995
Y;17;5 0.0
Y;18;0 0.0
Y;18;1 0.0006326241002623606
Y;18;2 0.0
Y;18;3 0.0
Y;18;4 0.0
Y;18;5 0.0
Y;19;0 0.0
Y;19;1 0.0
Y;19;2 0.0
Y;19;3 2.533808461925549e-05
Y;19;4 0.0007997917941787522
Y;19;5 0.0027500168295523045
Z;0;0 0.00182451165298206
Z;0;1 0.0006995929419281169
Z;0;2 0.0
Z;0;3 0.0
Z;0;4 0.0003823866578583621
Z;0;5 0.0
Z;1;0 0.0
Z;1;1 0.0004217494001749071
Z;1;2 4.2230141032092486e-05
Z;1;3 0.0
Z;1;4 0.00022195644617491948
Z;1;5 0.0
Z;2;0 0.0
Z;2;1 0.00046639529461874464
Z;2;2 1.6892056412836994e-05
Z;2;3 0.0
Z;2;4 0.0017517956709074253
Z;2;5 0.0
Z;3;0 0.0
Z;3;1 0.0007374768410139537
Z;3;2 0.0
Z;3;3 0.0
Z;3;4 0.00044391289234983896
Z;3;5 0.0016677376721522545
Z;4;0 0.0
Z;4;1 0.00027985329942001476
Z;4;2 0.0
Z;4;3 0.0
Z;4;4 0.0006995929419281169
Z;4;5 0.0
Z;5;0 0.0
Z;5;1 0.0005167175642541914
Z;5;2 1.6892056412836994e-05
Z;5;3 0.0
Z;5;4 0.0008927124998011181
Z;5;5 0.0019165296495886096
Z;6;0 0.0
Z;6;1 0.0012797303538264813
Z;6;2 0.00010246819632184678
Z;6;3 0.0
Z;6;4 0.0004424861046083722
Z;6;5 0.0
Z;7;0 0.0
Z;7;1 0.0
Z;7;2 0.0
Z;7;3 0.0
Z;7;4 0.0
Z;7;5 0.0
Z;8;0 0.0
Z;8;1 0.00026792558681783626
Z;8;2 0.0
Z;8;3 5.912219744492947e-05
Z;8;4 0.0008758978354537127
Z;8;5 0.0015997600338791059
Z;9;0 0.0
Z;9;1 0.0
Z;9;2 6.756822565134798e-05
Z;9;3 0.0
Z;9;4 0.00023319764730937232
Z;9;5 0.0
Z;10;0 0.0015851493825565837
Z;10;1 0.0024113302813605266
Z;10;2 0.0001405441197858431
Z;10;3 3.4346190172747036e-05
Z;10;4 0.0
Z;10;5 0.0
Z;11;0 0.0
Z;11;1 0.0
Z;11;2 0.0
Z;11;3 2.5617049080461695e-05
Z;11;4 0.0
Z;11;5 0.0
Z;12;0 0.0
Z;12;1 0.0010263466158476995
Z;12;2 0.0
Z;12;3 0.0
Z;12;4 0.0
Z;12;5 0.0
Z;13;0 0.0
Z;13;1 0.0005356274998806708
Z;13;2 0.0
Z;13;3 0.0
Z;13;4 0.00021585990387627685
Z;13;5 0.0
Z;14;0 0.0
Z;14;1 0.0010543735004372677
Z;14;2 0.0
Z;14;3 0.0
Z;14;4 0.00044391289234983896
Z;14;5 0.0
Z;15;0 0.0
Z;15;1 0.00027985329942001476
Z;15;2 0.0
Z;15;3 5.067616923851098e-05
Z;15;4 0.0018754791077248538
Z;15;5 0.0
Z;16;0 0.0
Z;16;1 0.0
Z;16;2 0.0
Z;16;3 0.0
Z;16;4 0.0
Z;16;5 0.0
Z;17;0 0.0
Z;17;1 0.0004892059187142958
Z;17;2 0.0
Z;17;3 0.0
Z;17;4 0.0011763903572801705
Z;17;5 0.0
Z;18;0 0.0
Z;18;1 0.0006870729158736882
Z;18;2 0.0
Z;18;3 0.0
Z;18;4 0.0007685317353803669
Z;18;5 0.0
Z;19;0 0.0
Z;19;1 0.0
Z;19;2 0.0
Z;19;3 7.601425385776648e-05
Z;19;4 0.00027985329942001476
Z;19;5 0.0
W;0;0 0.0
W;0;1 0.0002446029593571479
W;0;2 0.0
W;0;3 0.0
W;0;4 0.0010993166653979012
W;0;5 0.0
W;1;0 0.0
W;1;1 0.00021585990387627685
W;1;2 0.00015285928103722844
W;1;3 0.0
W;1;4 0.00031676961570950346
W;1;5 0.0
W;2;0 0.0
W;2;1 0.0
W;2;2 0.0
W;2;3 0.00023778110383568864
W;2;4 0.0002446029593571479
W;2;5 0.0
W;3;0 0.00182451165298206
W;3;1 0.00023319764730937232
W;3;2 1.6892056412836994e-05
W;3;3 0.0
W;3;4 0.0007555096635669689
W;3;5 0.0015997600338791059
W;4;0 0.0
W;4;1 0.0009784118374285915
W;4;2 0.0
W;4;3 0.0
W;4;4 0.0007997917941787522
W;4;5 0.0
W;5;0 0.0
W;5;1 0.0003688722520365911
W;5;2 4.2230141032092486e-05
W;5;3 0.0
W;5;4 0.000599843845634064
W;5;5 0.0015997600338791059
W;6;0 0.0
W;6;1 0.000504167295977216
W;6;2 5.912219744492947e-05
W;6;3 5.095309367907614e-05
W;6;4 0.0012740987029429256
W;6;5 0.0
W;7;0 0.0
W;7;1 0.0
W;7;2 0.0
W;7;3 0.0
W;7;4 0.0
W;7;5 0.0
W;8;0 0.0
W;8;1 0.0008395598982600442
W;8;2 0.00035549651673955616
W;8;3 0.0005900636526047003
W;8;4 0.0002950318263023501
W;8;5 0.0
W;9;0 0.0
W;9;1 0.0
W;9;2 0.0
W;9;3 0.0
W;9;4 0.001467617756142887
W;9;5 0.0
W;10;0 0.0
W;10;1 0.0
W;10;2 2.5617049080461695e-05
W;10;3 0.0001405441197858431
W;10;4 0.002738424141293367
W;10;5 0.0014754890081463644
W;11;0 0.0
W;11;1 0.0
W;11;2 0.0
W;11;3 5.067616923851098e-05
W;11;4 0.0
W;11;5 0.0
W;12;0 0.0020208510500765177
W;12;1 0.0003823866578583621
W;12;2 0.0
W;12;3 5.067616923851098e-05
W;12;4 0.0007685317353803669
W;12;5 0.0
W;13;0 0.0
W;13;1 0.0005358511736356725
W;13;2 0.0
W;13;3 0.0
W;13;4 0.0006085386980651927
W;13;5 0.0
W;14;0 0.0
W;14;1 0.0007374768410139537
W;14;2 0.0
W;14;3 1.6892056412836994e-05
W;14;4 0.0006085386980651927
W;14;5 0.0
W;15;0 0.0
W;15;1 0.00022195644617491948
W;15;2 2.533808461925549e-05
W;15;3 0.0
W;15;4 0.0
W;15;5 0.0
W;16;0 0.0
W;16;1 0.0006995929419281169
W;16;2 2.533808461925549e-05
W;16;3 0.0
W;16;4 0.0014598297257561877
W;16;5 0.0
W;17;0 0.0
W;17;1 0.000256177245126789
W;17;2 0.0
W;17;3 0.0
W;17;4 0.0012170773961303854
W;17;5 0.0022837199849368404
W;18;0 0.0
W;18;1 0.00039758864964821244
W;18;2 0.0
W;18;3 0.0
W;18;4 0.0007338088780714435
W;18;5 0.0
W;19;0 0.0
W;19;1 0.0019768388858434904
W;19;2 2.533808461925549e-05
W;19;3 0.0
W;19;4 0.0
W;19;5 0.0
