X;0;0 0.0
X;0;1 0.0006398334353430017
X;0;2 0.0
X;0;3 0.0
X;0;4 0.0
X;0;5 0.0032794168928195326
X;1;0 0.0
X;1;1 0.00023675354258658078
X;1;2 3.6036387014052253e-05
X;1;3 0.0
X;1;4 0.00042655562356200114
X;1;5 0.0
X;2;0 0.0
X;2;1 0.0001904453332909052
X;2;2 4.504548376756532e-05
X;2;3 6.306367727459145e-05
X;2;4 0.0005218196466285821
X;2;5 0.0
X;3;0 0.0
X;3;1 0.0002509547641322907
X;3;2 6.306367727459145e-05
X;3;3 3.6036387014052253e-05
X;3;4 0.00016822179405577068
X;3;5 0.0014161551242475334
X;4;0 0.0017789201836290714
X;4;1 0.0
X;4;2 0.0
X;4;3 0.0
X;4;4 0.0008531112471240023
X;4;5 0.0
X;5;0 0.0
X;5;1 0.0003652124424426294
X;5;2 0.0
X;5;3 5.405458052107838e-05
X;5;4 0.000337887590090137
X;5;5 0.0
X;6;0 0.0
X;6;1 0.0
X;6;2 0.0
X;6;3 0.0
X;6;4 0.00010490020490750229
X;6;5 0.0
X;7;0 0.0
X;7;1 0.0
X;7;2 8.197455705747743e-05
X;7;3 0.0
X;7;4 0.00037919628452219323
X;7;5 0.0
X;8;0 0.0
X;8;1 0.00033644358811154136
X;8;2 0.000586891476748111
X;8;3 0.00016963782384990398
X;8;4 0.0001904453332909052
X;8;5 0.0015779518029483313
X;9;0 0.0
X;9;1 0.0009736619169043084
X;9;2 7.207277402810451e-05
X;9;3 0.0
X;9;4 0.00031143034149465343
X;9;5 0.0
X;10;0 0.0
X;10;1 0.0
X;10;2 9.009096753513063e-06
X;10;3 0.0
X;10;4 0.0005019095282645814
X;10;5 0.001030635522624106
X;11;0 0.0
X;11;1 0.0
X;11;2 0.00031465678549928694
X;11;3 9.009096753513064e-05
X;11;4 0.0001381566966876238
X;11;5 0.0
X;12;0 0.0
X;12;1 0.0002732557281352416
X;12;2 5.405458052107838e-05
X;12;3 0.0
X;12;4 0.00015732839274964347
X;12;5 0.0
X;13;0 0.0
X;13;1 0.0
X;13;2 0.0
X;13;3 0.0
X;13;4 0.0002302505641346953
X;13;5 0.0
X;14;0 0.0
X;14;1 0.0002732557281352416
X;14;2 4.504548376756532e-05
X;14;3 0.0
X;14;4 0.0
X;14;5 0.0
X;15;0 0.0
X;15;1 0.000376432146198436
X;15;2 0.0001086999331820291
X;15;3 3.6036387014052253e-05
X;15;4 0.0005715745852113841
X;15;5 0.0
X;16;0 0.0
X;16;1 0.0009949766285199885
X;16;2 5.405458052107838e-05
X;16;3 0.0
X;16;4 0.0006228606829893069
X;16;5 0.0
X;17;0 0.0
X;17;1 0.00021327781178100057
X;17;2 0.0
X;17;3 0.0
X;17;4 0.0
X;17;5 0.0
X;18;0 0.0
X;18;1 0.0017571901207497694
X;18;2 0.0
X;18;3 0.0
X;18;4 0.0001904453332909052
X;18;5 0.0
X;19;0 0.0
X;19;1 0.0008071335066828827
X;19;2 0.0
X;19;3 2.702729026053919e-05
X;19;4 0.00047350708517316157
X;19;5 0.0
Y;0;0 0.0
Y;0;1 0.00044986602685323425
Y;0;2 0.0
Y;0;3 0.0
Y;0;4 0.0
Y;0;5 0.0
Y;1;0 0.0
Y;1;1 0.00040356675334144137
Y;1;2 0.0
Y;1;3 0.0
Y;1;4 0.00012547738206614535
Y;1;5 0.0
Y;2;0 0.0
Y;2;1 0.00012547738206614535
Y;2;2 0.0
Y;2;3 6.306367727459145e-05
Y;2;4 0.0006491079446028723
Y;2;5 0.0
Y;3;0 0.0
Y;3;1 0.000508913471549712
Y;3;2 0.0
Y;3;3 3.6036387014052253e-05
Y;3;4 0.00021327781178100057
Y;3;5 0.0
Y;4;0 0.0
Y;4;1 0.00020178337667072069
Y;4;2 9.009096753513064e-05
Y;4;3 0.0
Y;4;4 0.0
Y;4;5 0.0
Y;5;0 0.0
Y;5;1 0.003064053462871246
Y;5;2 0.0
Y;5;3 3.6036387014052253e-05
Y;5;4 0.00026090982331429107
Y;5;5 0.0
Y;6;0 0.0
Y;6;1 0.0
Y;6;2 0.0
Y;6;3 0.00014654374473705402
Y;6;4 0.0
Y;6;5 0.0
Y;7;0 0.0
Y;7;1 0.0
Y;7;2 7.207277402810451e-05
Y;7;3 0.0
Y;7;4 0.0005339826625355245
Y;7;5 0.0
Y;8;0 0.0
Y;8;1 0.0
Y;8;2 0.0
Y;8;3 7.207277402810451e-05
Y;8;4 0.00029851018604801574
Y;8;5 0.0
Y;9;0 0.0
Y;9;1 0.00029982745554313193
Y;9;2 0.0
Y;9;3 1.8018193507026127e-05
Y;9;4 0.0004530128721574847
Y;9;5 0.0
Y;10;0 0.0
Y;10;1 0.0
Y;10;2 0.0
Y;10;3 0.00040299529802689853
Y;10;4 0.0008159137088645097
Y;10;5 0.0013685231127142428
Y;11;0 0.0
Y;11;1 0.0
Y;11;2 0.0
Y;11;3 0.0
Y;11;4 0.0
Y;11;5 0.0
Y;12;0 0.0
Y;12;1 0.0009710863859723184
Y;12;2 7.207277402810451e-05
Y;12;3 0.0
Y;12;4 0.0
Y;12;5 0.0
Y;13;0 0.0
Y;13;1 0.00031470061472250684
Y;13;2 0.0
Y;13;3 0.0
Y;13;4 0.0002732557281352416
Y;13;5 0.0
Y;14;0 0.0
Y;14;1 0.0
Y;14;2 1.8018193507026127e-05
Y;14;3 0.00010810916104215676
Y;14;4 0.00013595970057186208
Y;14;5 0.0
Y;15;0 0.0
Y;15;1 0.000376432146198436
Y;15;2 6.306367727459145e-05
Y;15;3 8.197455705747743e-05
Y;15;4 0.00029851018604801574
Y;15;5 0.0018583453334660087
Y;16;0 0.0
Y;16;1 0.0012400642128581943
Y;16;2 0.0
Y;16;3 2.702729026053919e-05
Y;16;4 0.0
Y;16;5 0.0
Y;17;0 0.0
Y;17;1 0.0007462324713899914
Y;17;2 0.0
Y;17;3 0.0
Y;17;4 0.00033644358811154136
Y;17;5 0.0
Y;18;0 0.0
Y;18;1 0.0
Y;18;2 0.0
Y;18;3 0.00010810916104215676
Y;18;4 0.0
Y;18;5 0.0
Y;19;0 0.0
Y;19;1 0.0006728871762230827
Y;19;2 0.0
Y;19;3 1.8018193507026127e-05
Y;19;4 0.00042655562356200114
Y;19;5 0.0
Z;0;0 0.001946145763180864
Z;0;1 0.0
Z;0;2 0.0
Z;0;3 0.0
Z;0;4 0.00027191940114372416
Z;0;5 0.0012012975331624502
Z;1;0 0.0
Z;1;1 0.0
Z;1;2 2.702729026053919e-05
Z;1;3 0.0
Z;1;4 0.0007102606277597423
Z;1;5 0.0
Z;2;0 0.0
Z;2;1 0.0002487441571299971
Z;2;2 4.504548376756532e-05
Z;2;3 0.0
Z;2;4 0.0006228606829893069
Z;2;5 0.0
Z;3;0 0.0
Z;3;1 0.0
Z;3;2 0.0
Z;3;3 0.0
Z;3;4 0.00047350708517316157
Z;3;5 0.0
Z;4;0 0.0
Z;4;1 0.0
Z;4;2 0.0
Z;4;3 0.0
Z;4;4 0.0002487441571299971
Z;4;5 0.0
Z;5;0 0.0
Z;5;1 0.0005511654018711375
Z;5;2 3.6036387014052253e-05
Z;5;3 0.0
Z;5;4 0.0007617813331636208
Z;5;5 0.0
Z;6;0 0.0
Z;6;1 0.0
Z;6;2 2.732485235249248e-05
Z;6;3 0.0
Z;6;4 0.0006293135709985739
Z;6;5 0.007324081924454066
Z;7;0 0.0
Z;7;1 0.001987324687174719
Z;7;2 0.0
Z;7;3 0.0
Z;7;4 0.0
Z;7;5 0.0
Z;8;0 0.0
Z;8;1 0.0
Z;8;2 0.0
Z;8;3 7.207277402810451e-05
Z;8;4 0.00031143034149465343
Z;8;5 0.0
Z;9;0 0.0
Z;9;1 0.0003652124424426294
Z;9;2 4.504548376756532e-05
Z;9;3 0.0
Z;9;4 0.0007462324713899914
Z;9;5 0.0
Z;10;0 0.0
Z;10;1 0.0011431491704227681
Z;10;2 0.0005996549110862639
Z;10;3 7.327187236852701e-05
Z;10;4 0.00100032915248171
Z;10;5 0.0
Z;11;0 0.0
Z;11;1 0.0
Z;11;2 0.0
Z;11;3 0.00021859881881993983
Z;11;4 0.0
Z;11;5 0.0
Z;12;0 0.0
Z;12;1 0.0010947697235708794
Z;12;2 0.0
Z;12;3 0.0
Z;12;4 0.0
Z;12;5 0.0
Z;13;0 0.0
Z;13;1 0.0001904453332909052
Z;13;2 0.0
Z;13;3 0.0
Z;13;4 0.00034537584620204293
Z;13;5 0.0
Z;14;0 0.0
Z;14;1 0.00044986602685323425
Z;14;2 0.0
Z;14;3 0.0
Z;14;4 0.00023675354258658078
Z;14;5 0.0
Z;15;0 0.0
Z;15;1 0.00029851018604801574
Z;15;2 0.0
Z;15;3 2.702729026053919e-05
Z;15;4 0.0005715745852113841
Z;15;5 0.0
Z;16;0 0.0
Z;16;1 0.0
Z;16;2 0.0
Z;16;3 0.0
Z;16;4 0.0
Z;16;5 0.0
Z;17;0 0.0
Z;17;1 0.0007827294699428732
Z;17;2 0.0
Z;17;3 0.0
Z;17;4 0.0003585189660282425
Z;17;5 0.0
Z;18;0 0.0
Z;18;1 0.00014657555538638684
Z;18;2 0.0
Z;18;3 0.0
Z;18;4 0.0021860458250819326
Z;18;5 0.0
Z;19;0 0.0
Z;19;1 0.0
Z;19;2 0.0
Z;19;3 0.00010810916104215676
Z;19;4 0.0
Z;19;5 0.0
W;0;0 0.0
W;0;1 0.0018263687632000375
W;0;2 0.0
W;0;3 0.0
W;0;4 0.00014657555538638684
W;0;5 0.0
W;1;0 0.0
W;1;1 0.00011512528206734765
W;1;2 3.6233311060676366e-05
W;1;3 0.0
W;1;4 0.000337887590090137
W;1;5 0.0
W;2;0 0.002861656003737622
W;2;1 0.001067965325071049
W;2;2 0.0
W;2;3 7.246662212135273e-05
W;2;4 0.00026090982331429107
W;2;5 0.0
W;3;0 0.0
W;3;1 0.0004974883142599943
W;3;2 3.6036387014052253e-05
W;3;3 0.0
W;3;4 0.0
W;3;5 0.0
W;4;0 0.0
W;4;1 0.0010436392932571643
W;4;2 0.0
W;4;3 0.0
W;4;4 0.00021327781178100057
W;4;5 0.0017789201836290714
W;5;0 0.0
W;5;1 0.0011803912065170914
W;5;2 6.306367727459145e-05
W;5;3 0.0
W;5;4 0.00042655562356200114
W;5;5 0.0
W;6;0 0.005793585646824064
W;6;1 0.000717037932056485
W;6;2 1.8018193507026127e-05
W;6;3 1.8116655530338183e-05
W;6;4 0.0
W;6;5 0.0
W;7;0 0.0
W;7;1 0.0005339826625355245
W;7;2 0.0
W;7;3 0.0
W;7;4 0.0
W;7;5 0.0
W;8;0 0.0
W;8;1 0.0005970203720960315
W;8;2 0.0008531916401749347
W;8;3 0.00020980040981500458
W;8;4 0.00010490020490750229
W;8;5 0.00100032915248171
W;9;0 0.0
W;9;1 0.0003514380241499539
W;9;2 0.0
W;9;3 0.0
W;9;4 0.00026090982331429107
W;9;5 0.0
W;10;0 0.0
W;10;1 0.0008890529919612745
W;10;2 5.464970470498496e-05
W;10;3 0.0005996549110862639
W;10;4 0.0012982158892057445
W;10;5 0.0
W;11;0 0.0
W;11;1 0.0
W;11;2 0.0
W;11;3 2.702729026053919e-05
W;11;4 0.0
W;11;5 0.0
W;12;0 0.0
W;12;1 0.00013595970057186208
W;12;2 0.0
W;12;3 5.405458052107838e-05
W;12;4 0.0002732557281352416
W;12;5 0.0
W;13;0 0.0
W;13;1 0.0005715745852113841
W;13;2 0.0
W;13;3 0.0
W;13;4 0.0
W;13;5 0.0
W;14;0 0.0
W;14;1 0.00031465678549928694
W;14;2 0.0
W;14;3 1.8018193507026127e-05
W;14;4 0.00032455397230143614
W;14;5 0.0
W;15;0 0.0
W;15;1 0.00047350708517316157
W;15;2 2.702729026053919e-05
W;15;3 0.0
W;15;4 0.000337887590090137
W;15;5 0.0
W;16;0 0.0
W;16;1 0.0007462324713899914
W;16;2 6.306367727459145e-05
W;16;3 0.0
W;16;4 0.0006228606829893069
W;16;5 0.0
W;17;0 0.0
W;17;1 0.0005465114562704832
W;17;2 0.0
W;17;3 0.0
W;17;4 0.0006491079446028723
W;17;5 0.0
W;18;0 0.0
W;18;1 8.481891192495199e-05
W;18;2 0.0
W;18;3 0.0
W;18;4 0.0010436392932571643
W;18;5 0.0
W;19;0 0.0
W;19;1 0.0
W;19;2 0.00010810916104215676
W;19;3 0.0
W;19;4 0.0
W;19;5 0.0
