X;0;0 0.0
X;0;1 0.0
X;0;2 0.0
X;0;3 0.0
X;0;4 0.00037919628452219323
X;0;5 0.0
X;1;0 0.0
X;1;1 0.0
X;1;2 6.306367727459145e-05
X;1;3 0.0
X;1;4 0.00021327781178100057
X;1;5 0.0
X;2;0 0.0
X;2;1 0.0001904453332909052
X;2;2 6.306367727459145e-05
X;2;3 5.405458052107838e-05
X;2;4 0.00026090982331429107
X;2;5 0.0
X;3;0 0.0
X;3;1 0.0002509547641322907
X;3;2 5.405458052107838e-05
X;3;3 5.405458052107838e-05
X;3;4 0.00016822179405577068
X;3;5 0.0
X;4;0 0.0
X;4;1 0.00021327781178100057
X;4;2 0.0
X;4;3 0.0
X;4;4 0.0010663890589050029
X;4;5 0.0
X;5;0 0.0
X;5;1 0.001826062212213147
X;5;2 0.0
X;5;3 3.6036387014052253e-05
X;5;4 0.0
X;5;5 0.0
X;6;0 0.0
X;6;1 0.00046858964966761175
X;6;2 0.0
X;6;3 0.0
X;6;4 0.00020980040981500458
X;6;5 0.0
X;7;0 0.0
X;7;1 0.0
X;7;2 2.732485235249248e-05
X;7;3 0.0
X;7;4 0.0002843972133916449
X;7;5 0.0
X;8;0 0.0
X;8;1 0.001009330764334624
X;8;2 0.0001304203281662469
X;8;3 0.000254456735774856
X;8;4 0.0007617813331636208
X;8;5 0.0
X;9;0 0.0
X;9;1 0.0
X;9;2 7.207277402810451e-05
X;9;3 0.0
X;9;4 0.0012457213659786137
X;9;5 0.0
X;10;0 0.0
X;10;1 0.0002487441571299971
X;10;2 9.009096753513064e-05
X;10;3 0.0
X;10;4 0.0002509547641322907
X;10;5 0.0
X;11;0 0.0
X;11;1 0.0
X;11;2 0.0
X;11;3 4.504548376756532e-05
X;11;4 0.0004144700900628714
X;11;5 0.0008143761930532019
X;12;0 0.0
X;12;1 0.0002732557281352416
X;12;2 4.504548376756532e-05
X;12;3 0.0
X;12;4 0.0009439703564978608
X;12;5 0.0
X;13;0 0.0
X;13;1 0.0
X;13;2 0.0
X;13;3 0.0
X;13;4 0.00034537584620204293
X;13;5 0.0
X;14;0 0.0
X;14;1 0.0
X;14;2 8.108187078161757e-05
X;14;3 0.0
X;14;4 0.0002732557281352416
X;14;5 0.0
X;15;0 0.0
X;15;1 0.00012547738206614535
X;15;2 0.0001086999331820291
X;15;3 4.504548376756532e-05
X;15;4 0.0005715745852113841
X;15;5 0.002861656003737622
X;16;0 0.0
X;16;1 0.0
X;16;2 5.405458052107838e-05
X;16;3 0.0
X;16;4 0.0006228606829893069
X;16;5 0.0
X;17;0 0.0
X;17;1 0.0
X;17;2 0.0
X;17;3 0.0
X;17;4 0.000337887590090137
X;17;5 0.0
X;18;0 0.0
X;18;1 0.0010543140724498616
X;18;2 0.0
X;18;3 0.0
X;18;4 0.0001904453332909052
X;18;5 0.0
X;19;0 0.0
X;19;1 0.00040356675334144137
X;19;2 0.0
X;19;3 6.306367727459145e-05
X;19;4 0.0007102606277597423
X;19;5 0.0
Y;0;0 0.0
Y;0;1 0.00044986602685323425
Y;0;2 0.0
Y;0;3 0.0
Y;0;4 0.0
Y;0;5 0.0
Y;1;0 0.0
Y;1;1 0.000605350130012162
Y;1;2 0.0
Y;1;3 0.0
Y;1;4 0.00012547738206614535
Y;1;5 0.0
Y;2;0 0.0
Y;2;1 0.0
Y;2;2 0.0
Y;2;3 6.306367727459145e-05
Y;2;4 0.0012982158892057445
Y;2;5 0.0
Y;3;0 0.0
Y;3;1 8.481891192495199e-05
Y;3;2 0.0
Y;3;3 4.504548376756532e-05
Y;3;4 0.00042655562356200114
Y;3;5 0.0
Y;4;0 0.0
Y;4;1 0.0
Y;4;2 9.009096753513063e-06
Y;4;3 0.0
Y;4;4 0.0009736619169043084
Y;4;5 0.0
Y;5;0 0.0
Y;5;1 0.0008754438465346417
Y;5;2 0.0
Y;5;3 2.702729026053919e-05
Y;5;4 0.00026090982331429107
Y;5;5 0.0
Y;6;0 0.0
Y;6;1 0.0006228606829893069
Y;6;2 0.0
Y;6;3 0.00014654374473705402
Y;6;4 0.0
Y;6;5 0.0
Y;7;0 0.0
Y;7;1 0.0
Y;7;2 2.702729026053919e-05
Y;7;3 0.0
Y;7;4 0.0005339826625355245
Y;7;5 0.0
Y;8;0 0.0
Y;8;1 0.0009736619169043084
Y;8;2 0.0
Y;8;3 4.504548376756532e-05
Y;8;4 0.0005970203720960315
Y;8;5 0.0
Y;9;0 0.0
Y;9;1 7.495686388578298e-05
Y;9;2 0.0
Y;9;3 1.8018193507026127e-05
Y;9;4 0.0009060257443149694
Y;9;5 0.0
Y;10;0 0.0
Y;10;1 0.0004605011282693906
Y;10;2 0.0
Y;10;3 3.6635936184263504e-05
Y;10;4 0.0008159137088645097
Y;10;5 0.0
Y;11;0 0.0
Y;11;1 0.0
Y;11;2 0.0
Y;11;3 0.0
Y;11;4 0.0
Y;11;5 0.0
Y;12;0 0.0
Y;12;1 0.0
Y;12;2 6.306367727459145e-05
Y;12;3 0.0
Y;12;4 0.0
Y;12;5 0.0
Y;13;0 0.0
Y;13;1 0.00031470061472250684
Y;13;2 0.0
Y;13;3 0.0
Y;13;4 0.0002732557281352416
Y;13;5 0.0
Y;14;0 0.0
Y;14;1 0.00028578729260569203
Y;14;2 3.6036387014052253e-05
Y;14;3 9.009096753513064e-05
Y;14;4 0.0
Y;14;5 0.0
Y;15;0 0.0
Y;15;1 0.00012547738206614535
Y;15;2 5.405458052107838e-05
Y;15;3 0.00013662426176246238
Y;15;4 0.0005970203720960315
Y;15;5 0.0018583453334660087
Y;16;0 0.0
Y;16;1 0.0
Y;16;2 0.0
Y;16;3 9.009096753513064e-05
Y;16;4 0.0
Y;16;5 0.0
Y;17;0 0.0
Y;17;1 0.0002487441571299971
Y;17;2 0.0
Y;17;3 0.0
Y;17;4 0.00033644358811154136
Y;17;5 0.0
Y;18;0 0.0
Y;18;1 0.00022493301342661713
Y;18;2 0.0
Y;18;3 5.405458052107838e-05
Y;18;4 0.000857361877817076
Y;18;5 0.0
Y;19;0 0.0
Y;19;1 0.00033644358811154136
Y;19;2 0.0
Y;19;3 4.504548376756532e-05
Y;19;4 0.0010663890589050029
Y;19;5 0.0
Z;0;0 0.0
Z;0;1 0.0
Z;0;2 0.0
Z;0;3 0.0
Z;0;4 0.00040787910171558625
Z;0;5 0.0
Z;1;0 0.0
Z;1;1 0.0
Z;1;2 4.504548376756532e-05
Z;1;3 0.0
Z;1;4 0.00047350708517316157
Z;1;5 0.0
Z;2;0 0.0
Z;2;1 0.0007462324713899914
Z;2;2 9.009096753513064e-05
Z;2;3 0.0
Z;2;4 0.0
Z;2;5 0.0
Z;3;0 0.001946145763180864
Z;3;1 0.00031465678549928694
Z;3;2 0.0
Z;3;3 0.0
Z;3;4 0.0
Z;3;5 0.0
Z;4;0 0.0
Z;4;1 0.0005970203720960315
Z;4;2 0.0
Z;4;3 0.0
Z;4;4 0.0
Z;4;5 0.0
Z;5;0 0.0
Z;5;1 0.0
Z;5;2 9.91000642886437e-05
Z;5;3 0.0
Z;5;4 0.0
Z;5;5 0.0
Z;6;0 0.0
Z;6;1 0.0
Z;6;2 8.197455705747743e-05
Z;6;3 0.0
Z;6;4 0.0011012987492475042
Z;6;5 0.0009155102405567582
Z;7;0 0.0
Z;7;1 0.000662441562391573
Z;7;2 0.0
Z;7;3 0.0
Z;7;4 0.0
Z;7;5 0.0
Z;8;0 0.0
Z;8;1 0.0014289364630284602
Z;8;2 0.0
Z;8;3 4.504548376756532e-05
Z;8;4 0.0006228606829893069
Z;8;5 0.0
Z;9;0 0.0
Z;9;1 0.0010956373273278883
Z;9;2 9.009096753513064e-05
Z;9;3 0.0
Z;9;4 0.0002487441571299971
Z;9;5 0.0
Z;10;0 0.0
Z;10;1 0.00028578729260569203
Z;10;2 7.495686388578298e-05
Z;10;3 3.6635936184263504e-05
Z;10;4 0.01200394982978052
Z;10;5 0.0
Z;11;0 0.0
Z;11;1 0.0
Z;11;2 0.0
Z;11;3 0.0003552230805824022
Z;11;4 0.0
Z;11;5 0.0
Z;12;0 0.0
Z;12;1 0.0
Z;12;2 0.0
Z;12;3 0.0
Z;12;4 0.002189539447141759
Z;12;5 0.0
Z;13;0 0.0
Z;13;1 0.0001904453332909052
Z;13;2 0.0
Z;13;3 0.0
Z;13;4 0.00034537584620204293
Z;13;5 0.0
Z;14;0 0.0
Z;14;1 0.0006747990402798514
Z;14;2 0.0
Z;14;3 0.0
Z;14;4 0.00023675354258658078
Z;14;5 0.0
Z;15;0 0.0
Z;15;1 0.001194040744192063
Z;15;2 0.0
Z;15;3 9.009096753513063e-06
Z;15;4 0.0
Z;15;5 0.0
Z;16;0 0.0
Z;16;1 0.0
Z;16;2 0.0
Z;16;3 0.0
Z;16;4 0.0
Z;16;5 0.0
Z;17;0 0.0
Z;17;1 0.00026090982331429107
Z;17;2 0.0
Z;17;3 0.0
Z;17;4 0.0003585189660282425
Z;17;5 0.0
Z;18;0 0.0018583453334660087
Z;18;1 0.00014657555538638684
Z;18;2 0.0
Z;18;3 0.0
Z;18;4 0.0002732557281352416
Z;18;5 0.0
Z;19;0 0.0
Z;19;1 0.0005715745852113841
Z;19;2 0.0
Z;19;3 6.306367727459145e-05
Z;19;4 0.00029851018604801574
Z;19;5 0.0
W;0;0 0.0
W;0;1 0.0007827294699428732
W;0;2 0.0
W;0;3 0.0
W;0;4 0.0
W;0;5 0.0021555744534149527
W;1;0 0.0
W;1;1 0.0004605011282693906
W;1;2 9.058327765169091e-05
W;1;3 0.0
W;1;4 0.0
W;1;5 0.0
W;2;0 0.0
W;2;1 0.0016019479876065734
W;2;2 0.0
W;2;3 0.0001086999331820291
W;2;4 0.0013045491165714553
W;2;5 0.0
W;3;0 0.0
W;3;1 0.0002487441571299971
W;3;2 3.6036387014052253e-05
W;3;3 0.0
W;3;4 0.00034537584620204293
W;3;5 0.0
W;4;0 0.0
W;4;1 0.0013045491165714553
W;4;2 0.0
W;4;3 0.0
W;4;4 0.00021327781178100057
W;4;5 0.0
W;5;0 0.0
W;5;1 0.0
W;5;2 4.504548376756532e-05
W;5;3 0.0
W;5;4 0.0008531112471240023
W;5;5 0.0
W;6;0 0.000724198205853008
W;6;1 0.0012548163810988486
W;6;2 3.6036387014052253e-05
W;6;3 5.434996659101455e-05
W;6;4 0.0
W;6;5 0.0
W;7;0 0.0
W;7;1 0.0005339826625355245
W;7;2 0.0
W;7;3 0.0
W;7;4 0.0005511654018711375
W;7;5 0.0
W;8;0 0.0
W;8;1 0.0014925509302400786
W;8;2 0.00018959814226109662
W;8;3 0.00010490020490750229
W;8;4 0.000734301434352516
W;8;5 0.0
W;9;0 0.0
W;9;1 0.0007028760482999078
W;9;2 0.0
W;9;3 0.0
W;9;4 0.0
W;9;5 0.0
W;10;0 0.0
W;10;1 0.010668635903535293
W;10;2 2.732485235249248e-05
W;10;3 7.495686388578298e-05
W;10;4 0.00032455397230143614
W;10;5 0.0
W;11;0 0.0
W;11;1 0.0
W;11;2 0.0
W;11;3 1.8018193507026127e-05
W;11;4 0.0
W;11;5 0.0
W;12;0 0.0
W;12;1 0.0008157582034311725
W;12;2 0.0
W;12;3 4.504548376756532e-05
W;12;4 0.0002732557281352416
W;12;5 0.0
W;13;0 0.0
W;13;1 0.0011431491704227681
W;13;2 0.0
W;13;3 0.0
W;13;4 0.00032455397230143614
W;13;5 0.0
W;14;0 0.0021555744534149527
W;14;1 0.00031465678549928694
W;14;2 0.0
W;14;3 3.6036387014052253e-05
W;14;4 0.0
W;14;5 0.0
W;15;0 0.0
W;15;1 0.0
W;15;2 9.009096753513063e-06
W;15;3 0.0
W;15;4 0.001689437950450685
W;15;5 0.0
W;16;0 0.0
W;16;1 0.0
W;16;2 5.405458052107838e-05
W;16;3 0.0
W;16;4 0.0006228606829893069
W;16;5 0.0
W;17;0 0.0
W;17;1 0.0008197671844057247
W;17;2 0.0
W;17;3 0.0
W;17;4 0.0
W;17;5 0.0
W;18;0 0.0020442982928945167
W;18;1 8.481891192495199e-05
W;18;2 0.0
W;18;3 0.0
W;18;4 0.0
W;18;5 0.0
W;19;0 0.0
W;19;1 0.0003514380241499539
W;19;2 5.405458052107838e-05
W;19;3 0.0
W;19;4 0.00040356675334144137
W;19;5 0.0
