X;0;0 0.0
X;0;1 0.0004921795656484629
X;0;2 0.0
X;0;3 0.0
X;0;4 0.00010938354361217111
X;0;5 0.0
X;1;0 0.0
X;1;1 0.0002731771645229778
X;1;2 4.158044655467568e-05
X;1;3 0.0
X;1;4 0.0007382693484726943
X;1;5 0.0018207136187865362
X;2;0 0.0
X;2;1 0.00021974461533565986
X;2;2 4.158044655467568e-05
X;2;3 3.118533491600676e-05
X;2;4 0.0015052489806593715
X;2;5 0.0
X;3;0 0.0
X;3;1 0.0
X;3;2 3.118533491600676e-05
X;3;3 8.316089310935136e-05
X;3;4 0.00019410207006435078
X;3;5 0.0016340251433625385
X;4;0 0.0
X;4;1 0.00024608978282423144
X;4;2 0.0
X;4;3 0.0
X;4;4 0.00024608978282423144
X;4;5 0.0
X;5;0 0.0
X;5;1 0.0008427979440983756
X;5;2 0.0
X;5;3 5.1975558193344604e-05
X;5;4 0.0
X;5;5 0.0
X;6;0 0.0
X;6;1 0.0027034018250054527
X;6;2 0.0
X;6;3 0.0
X;6;4 0.00012103869797019495
X;6;5 0.0
X;7;0 0.0
X;7;1 0.0
X;7;2 0.00015764337895668735
X;7;3 0.0
X;7;4 0.00021876708722434222
X;7;5 0.0
X;8;0 0.0
X;8;1 0.0
X;8;2 0.0007524249701898859
X;8;3 0.00019573595059604307
X;8;4 0.00021974461533565986
X;8;5 0.0
X;9;0 0.0
X;9;1 0.0014979414106220128
X;9;2 6.237066983201352e-05
X;9;3 0.0
X;9;4 0.0
X;9;5 0.0
X;10;0 0.0
X;10;1 0.0008610374669884516
X;10;2 7.276578147068243e-05
X;10;3 0.0
X;10;4 0.00014478159469170617
X;10;5 0.0
X;11;0 0.0
X;11;1 0.0
X;11;2 0.0012707293260548127
X;11;3 4.158044655467568e-05
X;11;4 5.313719103370146e-05
X;11;5 0.0009396648381383098
X;12;0 0.0
X;12;1 0.0003152950709252788
X;12;2 0.00011434622802535812
X;12;3 0.0
X;12;4 0.0
X;12;5 0.0
X;13;0 0.0
X;13;1 0.0
X;13;2 0.0
X;13;3 0.0
X;13;4 0.00013283686392386268
X;13;5 0.0
X;14;0 0.0
X;14;1 0.0
X;14;2 3.118533491600676e-05
X;14;3 0.0
X;14;4 0.0003152950709252788
X;14;5 0.0
X;15;0 0.0
X;15;1 0.00028956318938341233
X;15;2 0.00022994216634660003
X;15;3 0.0
X;15;4 0.0
X;15;5 0.0
X;16;0 0.0
X;16;1 0.0008610374669884516
X;16;2 3.118533491600676e-05
X;16;3 0.0
X;16;4 0.0
X;16;5 0.0
X;17;0 0.0
X;17;1 0.00024608978282423144
X;17;2 0.0
X;17;3 0.0
X;17;4 0.0
X;17;5 0.0
X;18;0 0.0
X;18;1 0.00040550541248071605
X;18;2 0.0
X;18;3 0.0
X;18;4 0.00021974461533565986
X;18;5 0.0
X;19;0 0.0
X;19;1 0.00023282697308160078
X;19;2 0.0
X;19;3 4.158044655467568e-05
X;19;4 0.0
X;19;5 0.0
Y;0;0 0.0
Y;0;1 0.0
Y;0;2 0.0
Y;0;3 0.0
Y;0;4 0.0006595091367823662
Y;0;5 0.0
Y;1;0 0.0028107322891530347
Y;1;1 0.0006984809192448024
Y;1;2 0.0
Y;1;3 0.0
Y;1;4 0.00028956318938341233
Y;1;5 0.0
Y;2;0 0.0
Y;2;1 0.00014478159469170617
Y;2;2 0.0
Y;2;3 3.118533491600676e-05
Y;2;4 0.0014979414106220128
Y;2;5 0.0
Y;3;0 0.0
Y;3;1 9.786797529802153e-05
Y;3;2 0.0
Y;3;3 3.118533491600676e-05
Y;3;4 0.00172262847976962
Y;3;5 0.0
Y;4;0 0.0
Y;4;1 0.00023282697308160078
Y;4;2 7.276578147068243e-05
Y;4;3 0.0
Y;4;4 0.0
Y;4;5 0.0
Y;5;0 0.0
Y;5;1 0.0005050637576161395
Y;5;2 0.0
Y;5;3 3.118533491600676e-05
Y;5;4 0.0
Y;5;5 0.0
Y;6;0 0.0
Y;6;1 0.0025153989120722006
Y;6;2 0.0
Y;6;3 4.2272234058765585e-05
Y;6;4 0.0002595380924153275
Y;6;5 0.0
Y;7;0 0.0
Y;7;1 0.000787526371585527
Y;7;2 8.316089310935136e-05
Y;7;3 0.0
Y;7;4 0.0
Y;7;5 0.0
Y;8;0 0.0
Y;8;1 0.0
Y;8;2 0.0
Y;8;3 1.039511163866892e-05
Y;8;4 0.0003444348300554028
Y;8;5 0.0
Y;9;0 0.002635423099928078
Y;9;1 0.0005189321345938822
Y;9;2 0.0
Y;9;3 2.079022327733784e-05
Y;9;4 0.0
Y;9;5 0.0
Y;10;0 0.0021442446155377024
Y;10;1 0.0009298580474670387
Y;10;2 0.0
Y;10;3 8.454446811753117e-05
Y;10;4 0.0
Y;10;5 0.0
Y;11;0 0.0
Y;11;1 0.0
Y;11;2 0.0
Y;11;3 0.0
Y;11;4 0.0
Y;11;5 0.0
Y;12;0 0.0
Y;12;1 0.0
Y;12;2 9.355600474802028e-05
Y;12;3 0.0
Y;12;4 0.0
Y;12;5 0.0
Y;13;0 0.0022455528036702276
Y;13;1 0.0006051934898509747
Y;13;2 0.0
Y;13;3 0.0
Y;13;4 0.0
Y;13;5 0.0
Y;14;0 0.0
Y;14;1 0.0003297545683911831
Y;14;2 9.355600474802028e-05
Y;14;3 2.079022327733784e-05
Y;14;4 0.0001568765775829178
Y;14;5 0.0
Y;15;0 0.0
Y;15;1 0.0007239079734585309
Y;15;2 8.316089310935136e-05
Y;15;3 0.0
Y;15;4 0.0
Y;15;5 0.0
Y;16;0 0.0
Y;16;1 0.0014308433225286856
Y;16;2 0.0
Y;16;3 6.237066983201352e-05
Y;16;4 0.0
Y;16;5 0.0
Y;17;0 0.0021442446155377024
Y;17;1 0.0008610374669884516
Y;17;2 0.0
Y;17;3 0.0
Y;17;4 0.0
Y;17;5 0.0
Y;18;0 0.0
Y;18;1 0.0002595380924153275
Y;18;2 0.0
Y;18;3 8.316089310935136e-05
Y;18;4 0.0
Y;18;5 0.0
Y;19;0 0.0
Y;19;1 0.0013587144904504554
Y;19;2 0.0
Y;19;3 3.118533491600676e-05
Y;19;4 0.0
Y;19;5 0.0
Z;0;0 0.0
Z;0;1 0.0
Z;0;2 0.0
Z;0;3 0.0
Z;0;4 0.0001568765775829178
Z;0;5 0.0
Z;1;0 0.0
Z;1;1 0.0007786142772459824
Z;1;2 5.1975558193344604e-05
Z;1;3 0.0
Z;1;4 0.0
Z;1;5 0.0
Z;2;0 0.0
Z;2;1 0.0
Z;2;2 3.118533491600676e-05
Z;2;3 0.0
Z;2;4 0.0003593427017246001
Z;2;5 0.0
Z;3;0 0.0
Z;3;1 0.0
Z;3;2 0.0
Z;3;3 0.0
Z;3;4 0.0005463543290459556
Z;3;5 0.0
Z;4;0 0.0
Z;4;1 0.0
Z;4;2 0.0
Z;4;3 0.0
Z;4;4 0.00028701248899615055
Z;4;5 0.0
Z;5;0 0.0
Z;5;1 0.0012719201581641636
Z;5;2 6.237066983201352e-05
Z;5;3 0.0
Z;5;4 0.00021974461533565986
Z;5;5 0.0
Z;6;0 0.0
Z;6;1 0.0
Z;6;2 3.1528675791337475e-05
Z;6;3 0.0
Z;6;4 0.00018153276086497322
Z;6;5 0.0
Z;7;0 0.0
Z;7;1 0.0
Z;7;2 0.0
Z;7;3 0.0
Z;7;4 0.0
Z;7;5 0.0
Z;8;0 0.0
Z;8;1 0.0
Z;8;2 0.0
Z;8;3 1.039511163866892e-05
Z;8;4 0.0003593427017246001
Z;8;5 0.0
Z;9;0 0.0
Z;9;1 0.0004213989720491878
Z;9;2 1.039511163866892e-05
Z;9;3 0.0
Z;9;4 0.00028701248899615055
Z;9;5 0.0
Z;10;0 0.0
Z;10;1 0.003957054820694197
Z;10;2 0.0
Z;10;3 4.2272234058765585e-05
Z;10;4 0.0
Z;10;5 0.0
Z;11;0 0.0
Z;11;1 0.0
Z;11;2 0.0
Z;11;3 0.00022070073053936232
Z;11;4 0.0
Z;11;5 0.0
Z;12;0 0.0
Z;12;1 0.0
Z;12;2 0.0
Z;12;3 0.0
Z;12;4 0.0
Z;12;5 0.0
Z;13;0 0.0
Z;13;1 0.00021974461533565986
Z;13;2 0.0
Z;13;3 0.0
Z;13;4 0.00026567372784772536
Z;13;5 0.0
Z;14;0 0.0
Z;14;1 0.0
Z;14;2 0.0
Z;14;3 0.0
Z;14;4 0.0
Z;14;5 0.0
Z;15;0 0.0
Z;15;1 0.0013777393202216112
Z;15;2 0.0
Z;15;3 1.039511163866892e-05
Z;15;4 0.0
Z;15;5 0.0
Z;16;0 0.0
Z;16;1 0.001527077417295015
Z;16;2 0.0
Z;16;3 0.0
Z;16;4 0.0
Z;16;5 0.0
Z;17;0 0.0
Z;17;1 0.000903149388395623
Z;17;2 0.0
Z;17;3 0.0
Z;17;4 0.00020683786501629375
Z;17;5 0.0
Z;18;0 0.0
Z;18;1 0.00016912564083044636
Z;18;2 0.0
Z;18;3 0.0
Z;18;4 0.0
Z;18;5 0.0
Z;19;0 0.0
Z;19;1 0.0
Z;19;2 0.0
Z;19;3 9.355600474802028e-05
Z;19;4 0.0
Z;19;5 0.0
W;0;0 0.0
W;0;1 0.001806298776791246
W;0;2 0.0
W;0;3 0.0
W;0;4 0.00016912564083044636
W;0;5 0.0
W;1;0 0.0
W;1;1 0.0005313474556954507
W;1;2 6.27114999127091e-05
W;1;3 0.0
W;1;4 0.0
W;1;5 0.0
W;2;0 0.0
W;2;1 0.0030806692069357184
W;2;2 0.0
W;2;3 4.1807666608472735e-05
W;2;4 0.0003010497961318743
W;2;5 0.0
W;3;0 0.0
W;3;1 0.00028701248899615055
W;3;2 4.158044655467568e-05
W;3;3 0.0
W;3;4 0.0006641843196193134
W;3;5 0.0
W;4;0 0.0
W;4;1 0.0003010497961318743
W;4;2 0.0
W;4;3 0.0
W;4;4 0.00024608978282423144
W;4;5 0.0
W;5;0 0.0
W;5;1 0.0
W;5;2 8.316089310935136e-05
W;5;3 0.0
W;5;4 0.0
W;5;5 0.0
W;6;0 0.004178066572228892
W;6;1 0.000827351460065175
W;6;2 3.118533491600676e-05
W;6;3 2.0903833304236367e-05
W;6;4 0.0
W;6;5 0.0
W;7;0 0.0
W;7;1 0.0
W;7;2 0.0
W;7;3 0.0
W;7;4 0.0
W;7;5 0.0
W;8;0 0.0
W;8;1 0.0
W;8;2 0.0010938354361217113
W;8;3 0.0002420773959403899
W;8;4 0.00012103869797019495
W;8;5 0.0
W;9;0 0.0
W;9;1 0.00040550541248071605
W;9;2 0.0
W;9;3 0.0
W;9;4 0.0003010497961318743
W;9;5 0.0
W;10;0 0.0
W;10;1 0.001025830375339932
W;10;2 3.1528675791337475e-05
W;10;3 0.0
W;10;4 0.0
W;10;5 0.0049939627968030795
W;11;0 0.0
W;11;1 0.0
W;11;2 0.0
W;11;3 8.316089310935136e-05
W;11;4 0.0
W;11;5 0.0
W;12;0 0.0
W;12;1 0.0
W;12;2 0.0
W;12;3 0.00011434622802535812
W;12;4 0.0003152950709252788
W;12;5 0.0
W;13;0 0.0
W;13;1 0.0006595091367823662
W;13;2 0.0
W;13;3 0.0
W;13;4 0.0
W;13;5 0.0
W;14;0 0.0
W;14;1 0.0
W;14;2 0.0
W;14;3 7.276578147068243e-05
W;14;4 0.0007489707053110064
W;14;5 0.0
W;15;0 0.0
W;15;1 0.0002731771645229778
W;15;2 0.00011434622802535812
W;15;3 0.0
W;15;4 0.0
W;15;5 0.0
W;16;0 0.0
W;16;1 0.0008610374669884516
W;16;2 3.118533491600676e-05
W;16;3 0.0
W;16;4 0.0
W;16;5 0.0
W;17;0 0.0
W;17;1 0.0
W;17;2 0.0
W;17;3 0.0
W;17;4 0.0
W;17;5 0.0
W;18;0 0.0
W;18;1 9.786797529802153e-05
W;18;2 0.0
W;18;3 0.0
W;18;4 0.0006020995922637486
W;18;5 0.0
W;19;0 0.0
W;19;1 0.0008110108249614321
W;19;2 1.039511163866892e-05
W;19;3 0.0
W;19;4 0.0006984809192448024
W;19;5 0.0
