X;0;0 0.0
X;0;1 0.00045702388238785834
X;0;2 0.0
X;0;3 0.0
X;0;4 0.00010157043335415889
X;0;5 0.0
X;1;0 0.0
X;1;1 0.0
X;1;2 9.652603664478282e-06
X;1;3 0.0
X;1;4 0.0006855358235817875
X;1;5 0.0
X;2;0 0.0
X;2;1 0.0
X;2;2 9.652603664478282e-06
X;2;3 9.652603664478282e-06
X;2;4 0.0025159161533878063
X;2;5 0.004714314564946807
X;3;0 0.0
X;3;1 0.0
X;3;2 1.9305207328956563e-05
X;3;3 9.652603664478282e-05
X;3;4 0.00036047527297665145
X;3;5 0.0
X;4;0 0.0
X;4;1 0.0006855358235817875
X;4;2 0.0
X;4;3 0.0
X;4;4 0.0
X;4;5 0.0
X;5;0 0.0
X;5;1 0.0
X;5;2 0.0
X;5;3 4.826301832239141e-05
X;5;4 0.0
X;5;5 0.0
X;6;0 0.0
X;6;1 0.0
X;6;2 0.0
X;6;3 0.0
X;6;4 0.00044957230674643833
X;6;5 0.0
X;7;0 0.0
X;7;1 0.0
X;7;2 0.00014638313760263825
X;7;3 0.0
X;7;4 0.00040628173341663556
X;7;5 0.0024188315407237685
X;8;0 0.0
X;8;1 0.0023430892743482343
X;8;2 0.0
X;8;3 9.087740563387713e-05
X;8;4 0.0
X;8;5 0.0
X;9;0 0.0
X;9;1 0.0017386819944719789
X;9;2 4.826301832239141e-05
X;9;3 0.0
X;9;4 0.0003336753658871286
X;9;5 0.0
X;10;0 0.0
X;10;1 0.0
X;10;2 9.652603664478282e-05
X;10;3 0.0
X;10;4 0.00013444005221372715
X;10;5 0.0
X;11;0 0.0
X;11;1 0.0019059859110311479
X;11;2 0.0005056984052667111
X;11;3 7.722082931582625e-05
X;11;4 9.868335477687414e-05
X;11;5 0.0
X;12;0 0.0
X;12;1 0.0005855479888612319
X;12;2 2.8957810993434847e-05
X;12;3 0.0
X;12;4 0.0003371322701778074
X;12;5 0.0
X;13;0 0.0
X;13;1 0.0
X;13;2 0.0
X;13;3 0.0
X;13;4 0.0
X;13;5 0.0
X;14;0 0.0
X;14;1 0.0
X;14;2 3.861041465791313e-05
X;14;3 0.0
X;14;4 0.000878321983291848
X;14;5 0.0
X;15;0 0.0
X;15;1 0.0002688801044274543
X;15;2 0.00019410702353933766
X;15;3 1.9305207328956563e-05
X;15;4 0.0
X;15;5 0.0
X;16;0 0.0
X;16;1 0.0010660463876999875
X;16;2 2.8957810993434847e-05
X;16;3 0.0
X;16;4 0.0
X;16;5 0.0
X;17;0 0.0
X;17;1 0.0006855358235817875
X;17;2 0.0
X;17;3 0.0
X;17;4 0.0
X;17;5 0.0
X;18;0 0.0
X;18;1 0.0003765407401606648
X;18;2 0.0
X;18;3 0.0
X;18;4 0.0004080971427662254
X;18;5 0.0
X;19;0 0.0015714381883156023
X;19;1 0.0006485894250130307
X;19;2 0.0
X;19;3 2.8957810993434847e-05
X;19;4 0.0
X;19;5 0.0
Y;0;0 0.0
Y;0;1 0.0009639986289712162
Y;0;2 0.0
Y;0;3 0.0
Y;0;4 0.0
Y;0;5 0.0
Y;1;0 0.0026099656970706747
Y;1;1 0.0010809823750217178
Y;1;2 0.0
Y;1;3 0.0
Y;1;4 0.0
Y;1;5 0.0
Y;2;0 0.0
Y;2;1 0.0
Y;2;2 0.0
Y;2;3 7.722082931582625e-05
Y;2;4 0.0013909455955775831
Y;2;5 0.0
Y;3;0 0.0
Y;3;1 0.0
Y;3;2 0.0
Y;3;3 4.826301832239141e-05
Y;3;4 0.00022851194119392917
Y;3;5 0.0
Y;4;0 0.0
Y;4;1 0.0
Y;4;2 8.687343298030453e-05
Y;4;3 0.0
Y;4;4 0.0
Y;4;5 0.0
Y;5;0 0.0
Y;5;1 0.0
Y;5;2 0.0
Y;5;3 9.652603664478282e-06
Y;5;4 0.0
Y;5;5 0.0
Y;6;0 0.0
Y;6;1 0.001668376829435643
Y;6;2 0.0
Y;6;3 0.0
Y;6;4 0.0004819993144856081
Y;6;5 0.0
Y;7;0 0.0
Y;7;1 0.0
Y;7;2 2.8957810993434847e-05
Y;7;3 0.0
Y;7;4 0.0005721242812880619
Y;7;5 0.0
Y;8;0 0.0
Y;8;1 0.0
Y;8;2 0.0
Y;8;3 8.687343298030453e-05
Y;8;4 0.0
Y;8;5 0.0
Y;9;0 0.0
Y;9;1 0.00048186555355146204
Y;9;2 0.0
Y;9;3 1.9305207328956563e-05
Y;9;4 0.0
Y;9;5 0.0
Y;10;0 0.0
Y;10;1 0.00012334851650072962
Y;10;2 0.0
Y;10;3 0.00011775836630656126
Y;10;4 0.0004370966297488444
Y;10;5 0.0
Y;11;0 0.0
Y;11;1 0.003121349097768166
Y;11;2 0.0
Y;11;3 0.0
Y;11;4 0.0
Y;11;5 0.0
Y;12;0 0.0
Y;12;1 0.0
Y;12;2 4.826301832239141e-05
Y;12;3 0.0
Y;12;4 0.0008984276504795486
Y;12;5 0.0
Y;13;0 0.0
Y;13;1 0.0005619653834330479
Y;13;2 0.0
Y;13;3 0.0
Y;13;4 0.0
Y;13;5 0.0
Y;14;0 0.0
Y;14;1 0.0009186020119468672
Y;14;2 6.756822565134798e-05
Y;14;3 3.861041465791313e-05
Y;14;4 0.0
Y;14;5 0.0
Y;15;0 0.0
Y;15;1 0.00040332015664118145
Y;15;2 8.687343298030453e-05
Y;15;3 5.8553255041055305e-05
Y;15;4 0.0
Y;15;5 0.0
Y;16;0 0.0
Y;16;1 0.001328640228062351
Y;16;2 0.0
Y;16;3 8.687343298030453e-05
Y;16;4 0.0
Y;16;5 0.0
Y;17;0 0.0019910842858564376
Y;17;1 0.0010660463876999875
Y;17;2 0.0
Y;17;3 0.0
Y;17;4 0.0
Y;17;5 0.0
Y;18;0 0.0
Y;18;1 0.00024099965724280406
Y;18;2 0.0
Y;18;3 6.756822565134798e-05
Y;18;4 0.0
Y;18;5 0.0
Y;19;0 0.0
Y;19;1 0.0007209505459533029
Y;19;2 0.0
Y;19;3 1.9305207328956563e-05
Y;19;4 0.0
Y;19;5 0.0
Z;0;0 0.0
Z;0;1 0.0005330231938499938
Z;0;2 0.0
Z;0;3 0.0
Z;0;4 0.0001456711077555665
Z;0;5 0.0
Z;1;0 0.0
Z;1;1 0.00024099965724280406
Z;1;2 3.861041465791313e-05
Z;1;3 0.0
Z;1;4 0.0
Z;1;5 0.0
Z;2;0 0.0
Z;2;1 0.0010660463876999875
Z;2;2 8.687343298030453e-05
Z;2;3 0.0
Z;2;4 0.0
Z;2;5 0.0
Z;3;0 0.0
Z;3;1 0.0
Z;3;2 0.0
Z;3;3 0.0
Z;3;4 0.0
Z;3;5 0.0
Z;4;0 0.0
Z;4;1 0.0
Z;4;2 0.0
Z;4;3 0.0
Z;4;4 0.0
Z;4;5 0.0
Z;5;0 0.0
Z;5;1 0.0
Z;5;2 4.826301832239141e-05
Z;5;3 0.0
Z;5;4 0.0
Z;5;5 0.0
Z;6;0 0.0
Z;6;1 0.0
Z;6;2 2.9276627520527652e-05
Z;6;3 0.0
Z;6;4 0.001685661350889037
Z;6;5 0.0
Z;7;0 0.0
Z;7;1 0.0014195176336962278
Z;7;2 0.0
Z;7;3 0.0
Z;7;4 0.0
Z;7;5 0.0
Z;8;0 0.0
Z;8;1 0.0
Z;8;2 0.0
Z;8;3 8.687343298030453e-05
Z;8;4 0.0
Z;8;5 0.0
Z;9;0 0.0
Z;9;1 0.0
Z;9;2 5.7915621986869693e-05
Z;9;3 0.0
Z;9;4 0.0013325579846249845
Z;9;5 0.0
Z;10;0 0.0013586994707627858
Z;10;1 0.0024496053651916457
Z;10;2 0.00016062185118382067
Z;10;3 3.925278876885375e-05
Z;10;4 0.0
Z;10;5 0.0
Z;11;0 0.0
Z;11;1 0.0
Z;11;2 0.0
Z;11;3 0.00014638313760263825
Z;11;4 0.0027444057492844016
Z;11;5 0.0
Z;12;0 0.0
Z;12;1 0.0
Z;12;2 0.0
Z;12;3 0.0
Z;12;4 0.0
Z;12;5 0.0
Z;13;0 0.0
Z;13;1 0.0
Z;13;2 0.0
Z;13;3 0.0
Z;13;4 0.00024669703300145924
Z;13;5 0.0
Z;14;0 0.0
Z;14;1 0.0007229989717284121
Z;14;2 0.0
Z;14;3 0.0
Z;14;4 0.0
Z;14;5 0.0
Z;15;0 0.0
Z;15;1 0.0
Z;15;2 0.0
Z;15;3 3.861041465791313e-05
Z;15;4 0.0
Z;15;5 0.0
Z;16;0 0.0
Z;16;1 0.0014180004589167993
Z;16;2 0.0
Z;16;3 0.0
Z;16;4 0.004161798797024221
Z;16;5 0.0
Z;17;0 0.0
Z;17;1 0.001397731196326559
Z;17;2 0.0
Z;17;3 0.0
Z;17;4 0.0
Z;17;5 0.0
Z;18;0 0.0
Z;18;1 0.0
Z;18;2 0.0
Z;18;3 0.0
Z;18;4 0.000878321983291848
Z;18;5 0.0
Z;19;0 0.0
Z;19;1 0.0
Z;19;2 0.0
Z;19;3 2.8957810993434847e-05
Z;19;4 0.0
Z;19;5 0.0
W;0;0 0.0
W;0;1 0.0011181849570612472
W;0;2 0.0
W;0;3 0.0
W;0;4 0.0
W;0;5 0.0
W;1;0 0.0
W;1;1 0.0004933940660029185
W;1;2 7.764280941573507e-05
W;1;3 0.0
W;1;4 0.0
W;1;5 0.0
W;2;0 0.0
W;2;1 0.0
W;2;2 0.0
W;2;3 0.00011646421412360261
W;2;4 0.0
W;2;5 0.0
W;3;0 0.0
W;3;1 0.0
W;3;2 1.9305207328956563e-05
W;3;3 0.0
W;3;4 0.0
W;3;5 0.0
W;4;0 0.0
W;4;1 0.0
W;4;2 0.0
W;4;3 0.0
W;4;4 0.0009140477647757167
W;4;5 0.0
W;5;0 0.0
W;5;1 0.00042156828804181836
W;5;2 6.756822565134798e-05
W;5;3 0.0
W;5;4 0.0
W;5;5 0.0
W;6;0 0.0
W;6;1 0.0019206373180084418
W;6;2 2.8957810993434847e-05
W;6;3 1.9410702353933766e-05
W;6;4 0.0
W;6;5 0.0
W;7;0 0.0
W;7;1 0.0017163728438641859
W;7;2 0.0
W;7;3 0.0
W;7;4 0.0
W;7;5 0.0
W;8;0 0.0
W;8;1 0.0
W;8;2 0.00010157043335415889
W;8;3 0.0
W;8;4 0.0013487169202393151
W;8;5 0.0010717812348018322
W;9;0 0.0
W;9;1 0.0
W;9;2 0.0
W;9;3 0.0
W;9;4 0.0002795462392653118
W;9;5 0.0
W;10;0 0.0
W;10;1 0.0
W;10;2 2.9276627520527652e-05
W;10;3 0.00016062185118382067
W;10;4 0.0027818911911551662
W;10;5 0.0012647048641254552
W;11;0 0.0
W;11;1 0.0
W;11;2 0.0
W;11;3 8.687343298030453e-05
W;11;4 0.0024188315407237685
W;11;5 0.0
W;12;0 0.0
W;12;1 0.000291342215511133
W;12;2 0.0
W;12;3 2.8957810993434847e-05
W;12;4 0.0005855479888612319
W;12;5 0.0
W;13;0 0.0
W;13;1 0.0
W;13;2 0.0
W;13;3 0.0
W;13;4 0.0010432091966831876
W;13;5 0.0
W;14;0 0.0
W;14;1 0.0
W;14;2 0.0
W;14;3 6.756822565134798e-05
W;14;4 0.0003477363988943958
W;14;5 0.0
W;15;0 0.0
W;15;1 0.0
W;15;2 3.861041465791313e-05
W;15;3 0.0
W;15;4 0.0
W;15;5 0.0
W;16;0 0.0
W;16;1 0.0010660463876999875
W;16;2 2.8957810993434847e-05
W;16;3 0.0
W;16;4 0.0
W;16;5 0.0
W;17;0 0.0
W;17;1 0.000878321983291848
W;17;2 0.0
W;17;3 0.0
W;17;4 0.0
W;17;5 0.0
W;18;0 0.0
W;18;1 0.0
W;18;2 0.0
W;18;3 0.0
W;18;4 0.0002795462392653118
W;18;5 0.0
W;19;0 0.0
W;19;1 0.0
W;19;2 2.8957810993434847e-05
W;19;3 0.0
W;19;4 0.0
W;19;5 0.0
