X;0;0 0.0
X;0;1 0.00015995835883575042
X;0;2 0.0
X;0;3 0.0
X;0;4 0.0004265958200874673
X;0;5 0.0012297813348073245
X;1;0 0.0015332237196708876
X;1;1 0.0012429560985795492
X;1;2 6.0811403086213175e-05
X;1;3 0.0
X;1;4 0.0
X;1;5 0.0
X;2;0 0.001026392334535682
X;2;1 0.00042850199990453663
X;2;2 8.783869334675238e-05
X;2;3 2.0270467695404392e-05
X;2;4 0.0
X;2;5 0.0
X;3;0 0.0
X;3;1 0.000376432146198436
X;3;2 2.702729026053919e-05
X;3;3 5.405458052107838e-05
X;3;4 0.00037849903662548397
X;3;5 0.00106211634318565
X;4;0 0.0
X;4;1 0.00015995835883575042
X;4;2 0.0
X;4;3 0.0
X;4;4 0.0
X;4;5 0.0
X;5;0 0.0
X;5;1 0.0
X;5;2 0.0
X;5;3 7.432504821648277e-05
X;5;4 0.0
X;5;5 0.0
X;6;0 0.0
X;6;1 0.0
X;6;2 0.0
X;6;3 0.0
X;6;4 0.0004720509220837602
X;6;5 0.0021213789590458134
X;7;0 0.0
X;7;1 0.0
X;7;2 0.00020493639264369356
X;7;3 0.0
X;7;4 0.00014219860669582244
X;7;5 0.0
X;8;0 0.0
X;8;1 0.000252332691083656
X;8;2 0.0004401686075610832
X;8;3 0.000508913471549712
X;8;4 0.0001428339999681789
X;8;5 0.0
X;9;0 0.0
X;9;1 0.0002434154792260771
X;9;2 2.0270467695404392e-05
X;9;3 0.0
X;9;4 0.0007007182683629701
X;9;5 0.0
X;10;0 0.0
X;10;1 0.0007462324713899914
X;10;2 4.7297757955943585e-05
X;10;3 0.0
X;10;4 0.000564648219297654
X;10;5 0.0
X;11;0 0.0
X;11;1 0.0
X;11;2 0.0001179962945622326
X;11;3 8.108187078161757e-05
X;11;4 0.00024177421920334167
X;11;5 0.0
X;12;0 0.0
X;12;1 0.00040988359220286237
X;12;2 1.3513645130269595e-05
X;12;3 0.0
X;12;4 0.0004719851782489304
X;12;5 0.0
X;13;0 0.0
X;13;1 0.0
X;13;2 0.0
X;13;3 0.0
X;13;4 8.634396155051073e-05
X;13;5 0.0
X;14;0 0.0
X;14;1 0.0006148253883042935
X;14;2 4.0540935390808783e-05
X;14;3 0.0
X;14;4 0.0014345925727100185
X;14;5 0.0
X;15;0 0.0
X;15;1 0.0
X;15;2 9.511244153427547e-05
X;15;3 4.7297757955943585e-05
X;15;4 0.001286042816725614
X;15;5 0.0
X;16;0 0.0
X;16;1 0.00018655811784749784
X;16;2 6.0811403086213175e-05
X;16;3 0.0
X;16;4 0.0011678637806049501
X;16;5 0.0
X;17;0 0.0
X;17;1 0.00015995835883575042
X;17;2 0.0
X;17;3 0.0
X;17;4 0.00025341569256760277
X;17;5 0.0
X;18;0 0.0
X;18;1 0.0005271570362249308
X;18;2 0.0
X;18;3 0.0
X;18;4 0.0
X;18;5 0.0
X;19;0 0.0
X;19;1 0.0001513375325030405
X;19;2 0.0
X;19;3 3.378411282567399e-05
X;19;4 0.0014205212555194846
X;19;5 0.0
Y;0;0 0.0
Y;0;1 0.0005060992802098885
Y;0;2 0.0
Y;0;3 0.0
Y;0;4 0.000214340469454269
Y;0;5 0.0
Y;1;0 0.0
Y;1;1 0.0
Y;1;2 0.0
Y;1;3 0.0
Y;1;4 0.000752864292396872
Y;1;5 0.0
Y;2;0 0.0009605420122495407
Y;2;1 0.000376432146198436
Y;2;2 0.0
Y;2;3 2.0270467695404392e-05
Y;2;4 0.0
Y;2;5 0.0
Y;3;0 0.0
Y;3;1 0.00038168510366228393
Y;3;2 0.0
Y;3;3 4.7297757955943585e-05
Y;3;4 0.00047987507650725127
Y;3;5 0.0
Y;4;0 0.0
Y;4;1 0.000302675065006081
Y;4;2 4.7297757955943585e-05
Y;4;3 0.0
Y;4;4 0.0004868309584521542
Y;4;5 0.0
Y;5;0 0.0
Y;5;1 0.0
Y;5;2 0.0
Y;5;3 0.00010810916104215676
Y;5;4 0.0003913647349714366
Y;5;5 0.0
Y;6;0 0.0
Y;6;1 0.00023357275612099004
Y;6;2 0.0
Y;6;3 0.0002747695213819763
Y;6;4 0.001012198560419777
Y;6;5 0.0011403433075319038
Y;7;0 0.0
Y;7;1 0.001023784283061185
Y;7;2 8.783869334675238e-05
Y;7;3 0.0
Y;7;4 0.0008009739938032867
Y;7;5 0.0
Y;8;0 0.0
Y;8;1 0.0004868309584521542
Y;8;2 0.0
Y;8;3 4.0540935390808783e-05
Y;8;4 0.0006716479186080354
Y;8;5 0.0
Y;9;0 0.0
Y;9;1 0.00011243529582867448
Y;9;2 0.0
Y;9;3 6.0811403086213175e-05
Y;9;4 0.0
Y;9;5 0.0
Y;10;0 0.0
Y;10;1 0.0005180637693030644
Y;10;2 0.0
Y;10;3 0.00024729256924377866
Y;10;4 0.0
Y;10;5 0.0
Y;11;0 0.0
Y;11;1 0.0
Y;11;2 0.0
Y;11;3 0.0
Y;11;4 0.0015819750731987244
Y;11;5 0.0
Y;12;0 0.0
Y;12;1 0.0007283147894792387
Y;12;2 2.702729026053919e-05
Y;12;3 0.0
Y;12;4 0.0006288993553356841
Y;12;5 0.0
Y;13;0 0.0
Y;13;1 0.0004720509220837602
Y;13;2 0.0
Y;13;3 0.0
Y;13;4 0.00020494179610143118
Y;13;5 0.0
Y;14;0 0.0
Y;14;1 0.000643021408362807
Y;14;2 5.405458052107838e-05
Y;14;3 3.378411282567399e-05
Y;14;4 0.00040787910171558625
Y;14;5 0.0
Y;15;0 0.0
Y;15;1 0.000282324109648827
Y;15;2 6.0811403086213175e-05
Y;15;3 6.148091779310806e-05
Y;15;4 0.0008955305581440472
Y;15;5 0.0013937590000995066
Y;16;0 0.0
Y;16;1 0.0009300481596436457
Y;16;2 0.0
Y;16;3 8.108187078161757e-05
Y;16;4 0.0
Y;16;5 0.0
Y;17;0 0.0
Y;17;1 0.00018655811784749784
Y;17;2 0.0
Y;17;3 0.0
Y;17;4 0.0007569980732509679
Y;17;5 0.0
Y;18;0 0.0
Y;18;1 0.00016869976006996285
Y;18;2 0.0
Y;18;3 0.00011486598360729157
Y;18;4 0.0
Y;18;5 0.0
Y;19;0 0.0
Y;19;1 0.00037849903662548397
Y;19;2 0.0
Y;19;3 3.378411282567399e-05
Y;19;4 0.0009597501530145025
Y;19;5 0.0011000067318209217
Z;0;0 0.001459609322385648
Z;0;1 0.0007462324713899914
Z;0;2 0.0
Z;0;3 0.0
Z;0;4 0.00040787910171558625
Z;0;5 0.0009009731498718376
Z;1;0 0.0
Z;1;1 0.00016869976006996285
Z;1;2 7.432504821648277e-05
Z;1;3 0.0
Z;1;4 0.00017756515693993557
Z;1;5 0.0
Z;2;0 0.0
Z;2;1 0.00018655811784749784
Z;2;2 5.405458052107838e-05
Z;2;3 0.0
Z;2;4 0.00023357275612099004
Z;2;5 0.0032333616801224286
Z;3;0 0.001459609322385648
Z;3;1 0.0003539888836866978
Z;3;2 0.0
Z;3;3 0.0
Z;3;4 0.0005326954708198067
Z;3;5 0.0
Z;4;0 0.0
Z;4;1 0.0004477652790720236
Z;4;2 0.0
Z;4;3 0.0
Z;4;4 0.0003731162356949957
Z;4;5 0.0
Z;5;0 0.0
Z;5;1 0.0
Z;5;2 6.7568225651347975e-06
Z;5;3 0.0
Z;5;4 0.0017140079996181465
Z;5;5 0.0015332237196708876
Z;6;0 0.0
Z;6;1 0.0
Z;6;2 6.148091779310806e-05
Z;6;3 0.0
Z;6;4 0.000589981472811163
Z;6;5 0.0013732653608351372
Z;7;0 0.0
Z;7;1 0.0
Z;7;2 0.0
Z;7;3 0.0
Z;7;4 0.0006107821447899013
Z;7;5 0.0
Z;8;0 0.0
Z;8;1 0.000428680938908538
Z;8;2 0.0
Z;8;3 4.0540935390808783e-05
Z;8;4 0.0007007182683629701
Z;8;5 0.0
Z;9;0 0.0
Z;9;1 0.0008217279954959161
Z;9;2 3.378411282567399e-05
Z;9;3 0.0
Z;9;4 0.00018655811784749784
Z;9;5 0.0
Z;10;0 0.0022192091355792173
Z;10;1 0.000857361877817076
Z;10;2 0.0001686529437430117
Z;10;3 0.00016486171282918577
Z;10;4 0.0
Z;10;5 0.0
Z;11;0 0.0
Z;11;1 0.0005760509878181447
Z;11;2 0.0
Z;11;3 2.0493639264369357e-05
Z;11;4 0.0
Z;11;5 0.0
Z;12;0 0.0
Z;12;1 0.0
Z;12;2 0.0
Z;12;3 0.0
Z;12;4 0.003284309170712638
Z;12;5 0.0
Z;13;0 0.0
Z;13;1 0.00042850199990453663
Z;13;2 0.0
Z;13;3 0.0
Z;13;4 0.0005180637693030644
Z;13;5 0.0
Z;14;0 0.0
Z;14;1 0.0006747990402798514
Z;14;2 0.0
Z;14;3 0.0
Z;14;4 0.00017756515693993557
Z;14;5 0.0
Z;15;0 0.0
Z;15;1 0.0
Z;15;2 0.0
Z;15;3 6.756822565134798e-05
Z;15;4 0.000214340469454269
Z;15;5 0.0
Z;16;0 0.0
Z;16;1 0.0
Z;16;2 0.0
Z;16;3 0.0
Z;16;4 0.0014566295789584774
Z;16;5 0.0
Z;17;0 0.0
Z;17;1 0.0001956823674857183
Z;17;2 0.0
Z;17;3 0.0
Z;17;4 0.0008066676735635455
Z;17;5 0.0
Z;18;0 0.0
Z;18;1 0.00021986333307958024
Z;18;2 0.0
Z;18;3 0.0
Z;18;4 0.0006148253883042935
Z;18;5 0.0
Z;19;0 0.0
Z;19;1 0.000857361877817076
Z;19;2 0.0
Z;19;3 6.756822565134798e-05
Z;19;4 0.0
Z;19;5 0.0
W;0;0 0.0
W;0;1 0.0003913647349714366
W;0;2 0.0
W;0;3 0.0
W;0;4 0.00032979499961937036
W;0;5 0.0
W;1;0 0.0
W;1;1 0.0006044077308535752
W;1;2 0.00012228742482978274
W;1;3 0.0
W;1;4 0.0005068313851352055
W;1;5 0.0
W;2;0 0.0
W;2;1 0.0
W;2;2 0.0
W;2;3 0.00014946240812529002
W;2;4 0.0003913647349714366
W;2;5 0.0
W;3;0 0.0
W;3;1 0.0003731162356949957
W;3;2 1.3513645130269595e-05
W;3;3 0.0
W;3;4 0.0004317198077525537
W;3;5 0.0025596160542065696
W;4;0 0.0
W;4;1 0.0
W;4;2 0.0
W;4;3 0.0
W;4;4 0.00015995835883575042
W;4;5 0.0
W;5;0 0.0
W;5;1 0.0
W;5;2 4.7297757955943585e-05
W;5;3 0.0
W;5;4 0.0009597501530145025
W;5;5 0.0012798080271032848
W;6;0 0.0
W;6;1 0.0006722230613029547
W;6;2 4.7297757955943585e-05
W;6;3 0.0001086999331820291
W;6;4 0.0
W;6;5 0.0
W;7;0 0.0
W;7;1 0.00040048699690164335
W;7;2 0.0
W;7;3 0.0
W;7;4 0.00041337405140335313
W;7;5 0.0
W;8;0 0.0
W;8;1 0.0002238826395360118
W;8;2 0.0006398937301312009
W;8;3 0.0006294012294450137
W;8;4 0.00015735030736125342
W;8;5 0.0
W;9;0 0.0
W;9;1 0.0007907355543373962
W;9;2 0.0
W;9;3 0.0
W;9;4 0.0003913647349714366
W;9;5 0.0
W;10;0 0.0
W;10;1 0.0
W;10;2 8.197455705747743e-05
W;10;3 0.0002810882395716862
W;10;4 0.0009736619169043084
W;10;5 0.00206568461140491
W;11;0 0.0
W;11;1 0.0005118921415305925
W;11;2 0.0
W;11;3 6.0811403086213175e-05
W;11;4 0.0
W;11;5 0.0
W;12;0 0.0
W;12;1 0.00040787910171558625
W;12;2 0.0
W;12;3 1.3513645130269595e-05
W;12;4 0.00040988359220286237
W;12;5 0.0
W;13;0 0.0
W;13;1 0.0
W;13;2 0.0
W;13;3 0.0
W;13;4 0.0007302464376782312
W;13;5 0.0
W;14;0 0.0
W;14;1 0.000589981472811163
W;14;2 0.0
W;14;3 6.756822565134798e-05
W;14;4 0.0002434154792260771
W;14;5 0.0
W;15;0 0.0
W;15;1 0.00035513031387987115
W;15;2 5.405458052107838e-05
W;15;3 0.0
W;15;4 0.0012670784628380138
W;15;5 0.0
W;16;0 0.0
W;16;1 0.00018655811784749784
W;16;2 6.0811403086213175e-05
W;16;3 0.0
W;16;4 0.0011678637806049501
W;16;5 0.0
W;17;0 0.0016166808400612143
W;17;1 0.00040988359220286237
W;17;2 0.0
W;17;3 0.0
W;17;4 0.0012170773961303854
W;17;5 0.0
W;18;0 0.0
W;18;1 0.00019084255183114197
W;18;2 0.0
W;18;3 0.0
W;18;4 0.0005870471024571549
W;18;5 0.0
W;19;0 0.0
W;19;1 0.001845049626787258
W;19;2 3.378411282567399e-05
W;19;3 0.0
W;19;4 0.000605350130012162
W;19;5 0.0
