X;0;0 0.0
X;0;1 0.0007997917941787522
X;0;2 0.0
X;0;3 0.0
X;0;4 0.0
X;0;5 0.0
X;1;0 0.0015332237196708876
X;1;1 0.0014205212555194846
X;1;2 2.702729026053919e-05
X;1;3 0.0
X;1;4 0.00015995835883575042
X;1;5 0.0
X;2;0 0.0
X;2;1 0.0008570039998090733
X;2;2 4.7297757955943585e-05
X;2;3 4.0540935390808783e-05
X;2;4 0.0001956823674857183
X;2;5 0.0
X;3;0 0.0
X;3;1 0.000282324109648827
X;3;2 6.756822565134798e-05
X;3;3 2.0270467695404392e-05
X;3;4 0.000504665382167312
X;3;5 0.0
X;4;0 0.0
X;4;1 0.00047987507650725127
X;4;2 0.0
X;4;3 0.0
X;4;4 0.0012796668706860034
X;4;5 0.0
X;5;0 0.0
X;5;1 0.0008217279954959161
X;5;2 0.0
X;5;3 3.378411282567399e-05
X;5;4 0.0005068313851352055
X;5;5 0.0
X;6;0 0.0019664407075208534
X;6;1 0.0017572111862535441
X;6;2 0.0
X;6;3 0.0
X;6;4 0.0002360254610418801
X;6;5 0.0007071263196819379
X;7;0 0.0
X;7;1 0.0
X;7;2 0.0
X;7;3 0.0
X;7;4 0.0006398937301312009
X;7;5 0.004232955196266595
X;8;0 0.0
X;8;1 0.00063083172770914
X;8;2 0.00039126098449874066
X;8;3 0.000254456735774856
X;8;4 0.0002856679999363578
X;8;5 0.0011834638522112485
X;9;0 0.0
X;9;1 0.0012170773961303854
X;9;2 5.405458052107838e-05
X;9;3 0.0
X;9;4 0.0
X;9;5 0.001459609322385648
X;10;0 0.0
X;10;1 0.0009327905892374893
X;10;2 5.405458052107838e-05
X;10;3 0.0
X;10;4 0.000188216073099218
X;10;5 0.0007729766419680794
X;11;0 0.0
X;11;1 0.0
X;11;2 0.0
X;11;3 6.7568225651347975e-06
X;11;4 0.00044900926423477734
X;11;5 0.0036646928687394083
X;12;0 0.0
X;12;1 0.0
X;12;2 4.0540935390808783e-05
X;12;3 0.0
X;12;4 0.0002359925891244652
X;12;5 0.0
X;13;0 0.0
X;13;1 0.0
X;13;2 0.0
X;13;3 0.0
X;13;4 8.634396155051073e-05
X;13;5 0.0
X;14;0 0.0
X;14;1 0.00040988359220286237
X;14;2 2.0270467695404392e-05
X;14;3 0.0
X;14;4 0.00040988359220286237
X;14;5 0.0
X;15;0 0.0
X;15;1 0.0
X;15;2 5.434996659101455e-05
X;15;3 0.00010810916104215676
X;15;4 0.0
X;15;5 0.0
X;16;0 0.0
X;16;1 0.0005596743535424935
X;16;2 8.108187078161757e-05
X;16;3 0.0
X;16;4 0.0
X;16;5 0.0
X;17;0 0.0
X;17;1 0.00015995835883575042
X;17;2 0.0
X;17;3 0.0
X;17;4 0.00025341569256760277
X;17;5 0.0
X;18;0 0.0
X;18;1 0.0005271570362249308
X;18;2 0.0
X;18;3 0.0
X;18;4 0.0001428339999681789
X;18;5 0.0
X;19;0 0.0
X;19;1 0.000302675065006081
X;19;2 0.0
X;19;3 2.702729026053919e-05
X;19;4 0.0014205212555194846
X;19;5 0.001459609322385648
Y;0;0 0.0
Y;0;1 0.0005060992802098885
Y;0;2 0.0
Y;0;3 0.0
Y;0;4 0.000428680938908538
Y;0;5 0.0
Y;1;0 0.0
Y;1;1 0.0001513375325030405
Y;1;2 0.0
Y;1;3 0.0
Y;1;4 0.000752864292396872
Y;1;5 0.0
Y;2;0 0.0
Y;2;1 0.000564648219297654
Y;2;2 0.0
Y;2;3 3.378411282567399e-05
Y;2;4 0.0002434154792260771
Y;2;5 0.0
Y;3;0 0.0
Y;3;1 0.000254456735774856
Y;3;2 0.0
Y;3;3 3.378411282567399e-05
Y;3;4 0.00031991671767150085
Y;3;5 0.0
Y;4;0 0.0
Y;4;1 0.000605350130012162
Y;4;2 4.0540935390808783e-05
Y;4;3 0.0
Y;4;4 0.0009736619169043084
Y;4;5 0.0
Y;5;0 0.0018269759879494724
Y;5;1 0.002626331539603925
Y;5;2 0.0
Y;5;3 3.378411282567399e-05
Y;5;4 0.0001956823674857183
Y;5;5 0.0
Y;6;0 0.0017130250149532506
Y;6;1 0.00210215480508891
Y;6;2 0.0
Y;6;3 0.0001099078085527905
Y;6;4 0.0003373995201399257
Y;6;5 0.0
Y;7;0 0.0
Y;7;1 0.0
Y;7;2 2.702729026053919e-05
Y;7;3 0.0
Y;7;4 0.0
Y;7;5 0.0
Y;8;0 0.0
Y;8;1 0.0009736619169043084
Y;8;2 0.0
Y;8;3 3.378411282567399e-05
Y;8;4 0.0006716479186080354
Y;8;5 0.0
Y;9;0 0.0017130250149532506
Y;9;1 0.0002810882395716862
Y;9;2 0.0
Y;9;3 3.378411282567399e-05
Y;9;4 0.0
Y;9;5 0.0012798080271032848
Y;10;0 0.0
Y;10;1 0.0006907516924040859
Y;10;2 0.0
Y;10;3 0.00013738476069098814
Y;10;4 0.0
Y;10;5 0.001026392334535682
Y;11;0 0.0
Y;11;1 0.0
Y;11;2 0.0
Y;11;3 0.0
Y;11;4 0.0005273250243995748
Y;11;5 0.0
Y;12;0 0.0
Y;12;1 0.0
Y;12;2 6.756822565134798e-05
Y;12;3 0.0
Y;12;4 0.0
Y;12;5 0.0
Y;13;0 0.0
Y;13;1 7.867515368062671e-05
Y;13;2 0.0
Y;13;3 0.0
Y;13;4 0.00020494179610143118
Y;13;5 0.0
Y;14;0 0.0
Y;14;1 0.0
Y;14;2 1.3513645130269595e-05
Y;14;3 0.00010135233847702197
Y;14;4 0.00030590932628668966
Y;14;5 0.0
Y;15;0 0.0
Y;15;1 0.0
Y;15;2 2.702729026053919e-05
Y;15;3 0.00024592367117243224
Y;15;4 0.0008955305581440472
Y;15;5 0.0
Y;16;0 0.0
Y;16;1 0.0009300481596436457
Y;16;2 0.0
Y;16;3 4.0540935390808783e-05
Y;16;4 0.0
Y;16;5 0.0
Y;17;0 0.0
Y;17;1 0.00018655811784749784
Y;17;2 0.0
Y;17;3 0.0
Y;17;4 0.000126166345541828
Y;17;5 0.0
Y;18;0 0.0
Y;18;1 0.0006747990402798514
Y;18;2 0.0
Y;18;3 1.3513645130269595e-05
Y;18;4 0.000428680938908538
Y;18;5 0.0
Y;19;0 0.0
Y;19;1 0.000252332691083656
Y;19;2 0.0
Y;19;3 2.702729026053919e-05
Y;19;4 0.0012796668706860034
Y;19;5 0.0011000067318209217
Z;0;0 0.0
Z;0;1 0.0007462324713899914
Z;0;2 0.0
Z;0;3 0.0
Z;0;4 0.0
Z;0;5 0.0009009731498718376
Z;1;0 0.0
Z;1;1 0.0006747990402798514
Z;1;2 4.7297757955943585e-05
Z;1;3 0.0
Z;1;4 0.0007102606277597423
Z;1;5 0.0
Z;2;0 0.0
Z;2;1 0.00018655811784749784
Z;2;2 6.0811403086213175e-05
Z;2;3 0.0
Z;2;4 0.00023357275612099004
Z;2;5 0.0
Z;3;0 0.0
Z;3;1 0.0
Z;3;2 0.0
Z;3;3 0.0
Z;3;4 0.00017756515693993557
Z;3;5 0.0
Z;4;0 0.0
Z;4;1 0.0008955305581440472
Z;4;2 0.0
Z;4;3 0.0
Z;4;4 0.0007462324713899914
Z;4;5 0.0
Z;5;0 0.0
Z;5;1 0.003720366462630178
Z;5;2 4.0540935390808783e-05
Z;5;3 0.0
Z;5;4 0.00042850199990453663
Z;5;5 0.0
Z;6;0 0.0
Z;6;1 0.0005118921415305925
Z;6;2 2.0493639264369357e-05
Z;6;3 0.0
Z;6;4 0.000589981472811163
Z;6;5 0.006179694123758117
Z;7;0 0.0
Z;7;1 0.0
Z;7;2 0.0
Z;7;3 0.0
Z;7;4 0.0
Z;7;5 0.0
Z;8;0 0.0
Z;8;1 0.000857361877817076
Z;8;2 0.0
Z;8;3 3.378411282567399e-05
Z;8;4 0.0007007182683629701
Z;8;5 0.0
Z;9;0 0.0018269759879494724
Z;9;1 0.0
Z;9;2 6.7568225651347975e-06
Z;9;3 0.0
Z;9;4 0.0014924649427799828
Z;9;5 0.002832874683220785
Z;10;0 0.0038043585181358006
Z;10;1 0.001071702347271345
Z;10;2 5.621764791433724e-05
Z;10;3 2.7476952138197627e-05
Z;10;4 0.0
Z;10;5 0.001459609322385648
Z;11;0 0.0
Z;11;1 0.005184458890363302
Z;11;2 0.0
Z;11;3 2.0493639264369357e-05
Z;11;4 0.0
Z;11;5 0.0
Z;12;0 0.0
Z;12;1 0.0
Z;12;2 0.0
Z;12;3 0.0
Z;12;4 0.0
Z;12;5 0.0
Z;13;0 0.0
Z;13;1 0.0001428339999681789
Z;13;2 0.0
Z;13;3 0.0
Z;13;4 8.634396155051073e-05
Z;13;5 0.0
Z;14;0 0.0
Z;14;1 0.0003373995201399257
Z;14;2 0.0
Z;14;3 0.0
Z;14;4 0.00035513031387987115
Z;14;5 0.0
Z;15;0 0.0013341901377218034
Z;15;1 0.0008955305581440472
Z;15;2 0.0
Z;15;3 5.405458052107838e-05
Z;15;4 0.000857361877817076
Z;15;5 0.0
Z;16;0 0.0
Z;16;1 0.0
Z;16;2 0.0
Z;16;3 0.0
Z;16;4 0.0
Z;16;5 0.0
Z;17;0 0.0
Z;17;1 0.0001956823674857183
Z;17;2 0.0
Z;17;3 0.0
Z;17;4 0.0
Z;17;5 0.0
Z;18;0 0.0
Z;18;1 0.00021986333307958024
Z;18;2 0.0
Z;18;3 0.0
Z;18;4 0.001024708980507156
Z;18;5 0.0
Z;19;0 0.0016166808400612143
Z;19;1 0.000857361877817076
Z;19;2 0.0
Z;19;3 4.7297757955943585e-05
Z;19;4 0.0008955305581440472
Z;19;5 0.0016166808400612143
W;0;0 0.0
W;0;1 0.0001956823674857183
W;0;2 0.0
W;0;3 0.0
W;0;4 0.00032979499961937036
W;0;5 0.0
W;1;0 0.0
W;1;1 0.00034537584620204293
W;1;2 9.511244153427547e-05
W;1;3 0.0
W;1;4 0.0012670784628380138
W;1;5 0.0
W;2;0 0.0
W;2;1 0.00120146099070493
W;2;2 0.0
W;2;3 8.152494988652182e-05
W;2;4 0.0
W;2;5 0.0
W;3;0 0.0
W;3;1 0.0003731162356949957
W;3;2 6.756822565134798e-05
W;3;3 0.0
W;3;4 0.0
W;3;5 0.0
W;4;0 0.0
W;4;1 0.0015654589398857463
W;4;2 0.0
W;4;3 0.0
W;4;4 0.0006398334353430017
W;4;5 0.0
W;5;0 0.0
W;5;1 0.0008852934048878186
W;5;2 7.432504821648277e-05
W;5;3 0.0
W;5;4 0.00031991671767150085
W;5;5 0.0
W;6;0 0.004888337889507804
W;6;1 0.0006722230613029547
W;6;2 1.3513645130269595e-05
W;6;3 2.7174983295507274e-05
W;6;4 0.0006795193082362271
W;6;5 0.0
W;7;0 0.0
W;7;1 0.0016019479876065734
W;7;2 0.0
W;7;3 0.0
W;7;4 0.0
W;7;5 0.0
W;8;0 0.0
W;8;1 0.001119413197680059
W;8;2 0.0005687944267832898
W;8;3 0.00031470061472250684
W;8;4 0.00015735030736125342
W;8;5 0.0007502468643612825
W;9;0 0.0012798080271032848
W;9;1 0.0
W;9;2 0.0
W;9;3 0.0
W;9;4 0.0007827294699428732
W;9;5 0.0
W;10;0 0.0
W;10;1 0.0006667897439709558
W;10;2 2.0493639264369357e-05
W;10;3 0.00011243529582867448
W;10;4 0.0009736619169043084
W;10;5 0.0035411736195512743
W;11;0 0.0
W;11;1 0.0005118921415305925
W;11;2 0.0
W;11;3 6.7568225651347975e-06
W;11;4 0.0
W;11;5 0.0
W;12;0 0.0
W;12;1 0.00020393955085779312
W;12;2 0.0
W;12;3 4.0540935390808783e-05
W;12;4 0.0
W;12;5 0.0
W;13;0 0.0
W;13;1 0.0
W;13;2 0.0
W;13;3 0.0
W;13;4 0.0004868309584521542
W;13;5 0.002399657695370819
W;14;0 0.0
W;14;1 0.0002359925891244652
W;14;2 0.0
W;14;3 4.7297757955943585e-05
W;14;4 0.0
W;14;5 0.0
W;15;0 0.0
W;15;1 0.0007102606277597423
W;15;2 5.405458052107838e-05
W;15;3 0.0
W;15;4 0.0007602470777028082
W;15;5 0.0011403433075319038
W;16;0 0.0
W;16;1 0.0005596743535424935
W;16;2 8.108187078161757e-05
W;16;3 0.0
W;16;4 0.0
W;16;5 0.0
W;17;0 0.0
W;17;1 0.0
W;17;2 0.0
W;17;3 0.0
W;17;4 0.0
W;17;5 0.0
W;18;0 0.0
W;18;1 0.000127228367887428
W;18;2 0.0
W;18;3 0.0
W;18;4 0.0009784118374285915
W;18;5 0.0015332237196708876
W;19;0 0.0013937590000995066
W;19;1 0.0010543140724498616
W;19;2 4.7297757955943585e-05
W;19;3 0.0
W;19;4 0.0007566876625152026
W;19;5 0.0
