X;0;0 0.0
X;0;1 0.00042655562356200114
X;0;2 0.0
X;0;3 0.0
X;0;4 0.00037919628452219323
X;0;5 0.0
X;1;0 0.0
X;1;1 0.00023675354258658078
X;1;2 3.6036387014052253e-05
X;1;3 0.0
X;1;4 0.0008531112471240023
X;1;5 0.0
X;2;0 0.0
X;2;1 0.0001904453332909052
X;2;2 4.504548376756532e-05
X;2;3 1.8018193507026127e-05
X;2;4 0.0015654589398857463
X;2;5 0.0014666756424278956
X;3;0 0.00243596798393263
X;3;1 0.000376432146198436
X;3;2 4.504548376756532e-05
X;3;3 5.405458052107838e-05
X;3;4 0.0
X;3;5 0.0
X;4;0 0.0
X;4;1 0.0006398334353430017
X;4;2 0.0
X;4;3 0.0
X;4;4 0.0006398334353430017
X;4;5 0.0
X;5;0 0.0
X;5;1 0.0021912746546557766
X;5;2 0.0
X;5;3 9.009096753513063e-06
X;5;4 0.001013662770270411
X;5;5 0.0
X;6;0 0.0
X;6;1 0.0
X;6;2 0.0
X;6;3 0.0
X;6;4 0.00010490020490750229
X;6;5 0.0
X;7;0 0.0
X;7;1 0.0013234670949890128
X;7;2 0.00024592367117243224
X;7;3 0.0
X;7;4 0.00018959814226109662
X;7;5 0.0
X;8;0 0.0
X;8;1 0.000504665382167312
X;8;2 0.0
X;8;3 0.000254456735774856
X;8;4 0.0017140079996181465
X;8;5 0.0
X;9;0 0.0
X;9;1 0.0006491079446028723
X;9;2 5.405458052107838e-05
X;9;3 0.0
X;9;4 0.0009342910244839602
X;9;5 0.0
X;10;0 0.0
X;10;1 0.0004974883142599943
X;10;2 7.207277402810451e-05
X;10;3 0.0
X;10;4 0.00012547738206614535
X;10;5 0.001030635522624106
X;11;0 0.0
X;11;1 0.0
X;11;2 0.00031465678549928694
X;11;3 2.702729026053919e-05
X;11;4 0.0003223656256044555
X;11;5 0.0024431285791596054
X;12;0 0.0
X;12;1 0.0002732557281352416
X;12;2 5.405458052107838e-05
X;12;3 0.0
X;12;4 0.0004719851782489304
X;12;5 0.001946145763180864
X;13;0 0.0
X;13;1 0.0
X;13;2 0.0
X;13;3 0.0
X;13;4 0.0006907516924040859
X;13;5 0.0
X;14;0 0.0
X;14;1 0.0008197671844057247
X;14;2 4.504548376756532e-05
X;14;3 0.0
X;14;4 0.0
X;14;5 0.0
X;15;0 0.0
X;15;1 0.00012547738206614535
X;15;2 0.00014493324424270546
X;15;3 4.504548376756532e-05
X;15;4 0.00028578729260569203
X;15;5 0.0
X;16;0 0.0
X;16;1 0.0004974883142599943
X;16;2 9.009096753513063e-06
X;16;3 0.0
X;16;4 0.0012457213659786137
X;16;5 0.0
X;17;0 0.0
X;17;1 0.00042655562356200114
X;17;2 0.0
X;17;3 0.0
X;17;4 0.000337887590090137
X;17;5 0.0
X;18;0 0.0
X;18;1 0.0007028760482999078
X;18;2 0.0
X;18;3 0.0
X;18;4 0.0013331173330363363
X;18;5 0.001946145763180864
X;19;0 0.0
X;19;1 0.0
X;19;2 0.0
X;19;3 6.306367727459145e-05
X;19;4 0.00023675354258658078
X;19;5 0.0
Y;0;0 0.0
Y;0;1 0.00022493301342661713
Y;0;2 0.0
Y;0;3 0.0
Y;0;4 0.0005715745852113841
Y;0;5 0.0
Y;1;0 0.0
Y;1;1 0.000605350130012162
Y;1;2 0.0
Y;1;3 0.0
Y;1;4 0.0006273869103307267
Y;1;5 0.0
Y;2;0 0.0
Y;2;1 0.0006273869103307267
Y;2;2 0.0
Y;2;3 3.6036387014052253e-05
Y;2;4 0.0009736619169043084
Y;2;5 0.0
Y;3;0 0.001946145763180864
Y;3;1 0.00033927564769980795
Y;3;2 0.0
Y;3;3 4.504548376756532e-05
Y;3;4 0.0
Y;3;5 0.0
Y;4;0 0.0021555744534149527
Y;4;1 0.000605350130012162
Y;4;2 1.8018193507026127e-05
Y;4;3 0.0
Y;4;4 0.0009736619169043084
Y;4;5 0.0
Y;5;0 0.0
Y;5;1 0.0
Y;5;2 0.0
Y;5;3 1.8018193507026127e-05
Y;5;4 0.0007827294699428732
Y;5;5 0.0
Y;6;0 0.0
Y;6;1 0.0
Y;6;2 0.0
Y;6;3 0.00029308748947410804
Y;6;4 0.00022493301342661713
Y;6;5 0.0
Y;7;0 0.0
Y;7;1 0.0006825228553741234
Y;7;2 3.6036387014052253e-05
Y;7;3 0.0
Y;7;4 0.002135930650142098
Y;7;5 0.0
Y;8;0 0.0
Y;8;1 0.0009736619169043084
Y;8;2 0.0
Y;8;3 4.504548376756532e-05
Y;8;4 0.0017910611162880944
Y;8;5 0.0
Y;9;0 0.0
Y;9;1 0.00014991372777156597
Y;9;2 0.0
Y;9;3 3.6036387014052253e-05
Y;9;4 0.0
Y;9;5 0.0017064107028043796
Y;10;0 0.0
Y;10;1 0.0005756264103367382
Y;10;2 0.0
Y;10;3 0.0001099078085527905
Y;10;4 0.00040795685443225483
Y;10;5 0.0
Y;11;0 0.0
Y;11;1 0.0
Y;11;2 0.0
Y;11;3 0.0
Y;11;4 0.0
Y;11;5 0.0
Y;12;0 0.0
Y;12;1 0.0
Y;12;2 3.6036387014052253e-05
Y;12;3 0.0
Y;12;4 0.0
Y;12;5 0.0
Y;13;0 0.0
Y;13;1 0.0005245010245375114
Y;13;2 0.0
Y;13;3 0.0
Y;13;4 0.0005465114562704832
Y;13;5 0.0
Y;14;0 0.00243596798393263
Y;14;1 0.00028578729260569203
Y;14;2 2.702729026053919e-05
Y;14;3 5.405458052107838e-05
Y;14;4 0.00027191940114372416
Y;14;5 0.0040885965857890335
Y;15;0 0.0
Y;15;1 0.000376432146198436
Y;15;2 5.405458052107838e-05
Y;15;3 0.00013662426176246238
Y;15;4 0.00029851018604801574
Y;15;5 0.0
Y;16;0 0.0
Y;16;1 0.0012400642128581943
Y;16;2 0.0
Y;16;3 7.207277402810451e-05
Y;16;4 0.004714175464546252
Y;16;5 0.0
Y;17;0 0.0
Y;17;1 0.0004974883142599943
Y;17;2 0.0
Y;17;3 0.0
Y;17;4 0.0008411089702788534
Y;17;5 0.0
Y;18;0 0.0
Y;18;1 0.0
Y;18;2 0.0
Y;18;3 3.6036387014052253e-05
Y;18;4 0.0005715745852113841
Y;18;5 0.0
Y;19;0 0.0
Y;19;1 0.0
Y;19;2 0.0
Y;19;3 1.8018193507026127e-05
Y;19;4 0.00021327781178100057
Y;19;5 0.0
Z;0;0 0.0
Z;0;1 0.0
Z;0;2 0.0
Z;0;3 0.0
Z;0;4 0.0010876776045748967
Z;0;5 0.0
Z;1;0 0.0
Z;1;1 0.00044986602685323425
Z;1;2 3.6036387014052253e-05
Z;1;3 0.0
Z;1;4 0.0007102606277597423
Z;1;5 0.0
Z;2;0 0.0
Z;2;1 0.0009949766285199885
Z;2;2 5.405458052107838e-05
Z;2;3 0.0
Z;2;4 0.0
Z;2;5 0.0
Z;3;0 0.001946145763180864
Z;3;1 0.0004719851782489304
Z;3;2 0.0
Z;3;3 0.0
Z;3;4 0.00047350708517316157
Z;3;5 0.0
Z;4;0 0.0
Z;4;1 0.0008955305581440472
Z;4;2 0.0
Z;4;3 0.0
Z;4;4 0.0007462324713899914
Z;4;5 0.002284033353271001
Z;5;0 0.0
Z;5;1 0.0005511654018711375
Z;5;2 2.702729026053919e-05
Z;5;3 0.0
Z;5;4 0.0005713359998727156
Z;5;5 0.0
Z;6;0 0.0
Z;6;1 0.0006825228553741234
Z;6;2 0.00021859881881993983
Z;6;3 0.0
Z;6;4 0.0
Z;6;5 0.0
Z;7;0 0.0
Z;7;1 0.001324883124783146
Z;7;2 0.0
Z;7;3 0.0
Z;7;4 0.0008143761930532019
Z;7;5 0.0
Z;8;0 0.001946145763180864
Z;8;1 0.0005715745852113841
Z;8;2 0.0
Z;8;3 3.6036387014052253e-05
Z;8;4 0.0018685820489679204
Z;8;5 0.0017064107028043796
Z;9;0 0.0
Z;9;1 0.0007304248848852588
Z;9;2 9.009096753513064e-05
Z;9;3 0.0
Z;9;4 0.0002487441571299971
Z;9;5 0.0
Z;10;0 0.0
Z;10;1 0.0
Z;10;2 7.495686388578298e-05
Z;10;3 0.0001099078085527905
Z;10;4 0.01100362067729881
Z;10;5 0.0
Z;11;0 0.0
Z;11;1 0.0
Z;11;2 0.0
Z;11;3 0.0003278982282299097
Z;11;4 0.0
Z;11;5 0.0
Z;12;0 0.0
Z;12;1 0.0
Z;12;2 0.0
Z;12;3 0.0
Z;12;4 0.0
Z;12;5 0.0
Z;13;0 0.0
Z;13;1 0.0001904453332909052
Z;13;2 0.0
Z;13;3 0.0
Z;13;4 0.0005756264103367382
Z;13;5 0.0
Z;14;0 0.002621920943361138
Z;14;1 0.0006747990402798514
Z;14;2 0.0
Z;14;3 0.0
Z;14;4 0.0009470141703463231
Z;14;5 0.0
Z;15;0 0.0
Z;15;1 0.0008955305581440472
Z;15;2 0.0
Z;15;3 3.6036387014052253e-05
Z;15;4 0.00028578729260569203
Z;15;5 0.001946145763180864
Z;16;0 0.0
Z;16;1 0.0
Z;16;2 0.0
Z;16;3 0.0
Z;16;4 0.0
Z;16;5 0.0
Z;17;0 0.0
Z;17;1 0.0
Z;17;2 0.0
Z;17;3 0.0
Z;17;4 0.0008962974150706061
Z;17;5 0.0
Z;18;0 0.0018583453334660087
Z;18;1 0.0007328777769319341
Z;18;2 0.0
Z;18;3 0.0
Z;18;4 0.0005465114562704832
Z;18;5 0.0
Z;19;0 0.0
Z;19;1 0.000857361877817076
Z;19;2 0.0
Z;19;3 3.6036387014052253e-05
Z;19;4 0.00029851018604801574
Z;19;5 0.0021555744534149527
W;0;0 0.0
W;0;1 0.00026090982331429107
W;0;2 0.0
W;0;3 0.0
W;0;4 0.00014657555538638684
W;0;5 0.0
W;1;0 0.0
W;1;1 0.0004605011282693906
W;1;2 9.058327765169091e-05
W;1;3 0.0
W;1;4 0.001013662770270411
W;1;5 0.0
W;2;0 0.0
W;2;1 0.0005339826625355245
W;2;2 0.0
W;2;3 3.6233311060676366e-05
W;2;4 0.0
W;2;5 0.0
W;3;0 0.0
W;3;1 0.0002487441571299971
W;3;2 3.6036387014052253e-05
W;3;3 0.0
W;3;4 0.00034537584620204293
W;3;5 0.0017064107028043796
W;4;0 0.0
W;4;1 0.0010436392932571643
W;4;2 0.0
W;4;3 0.0
W;4;4 0.0006398334353430017
W;4;5 0.0
W;5;0 0.0
W;5;1 0.0007869274710113944
W;5;2 2.702729026053919e-05
W;5;3 0.0
W;5;4 0.0008531112471240023
W;5;5 0.0
W;6;0 0.0
W;6;1 0.0
W;6;2 5.405458052107838e-05
W;6;3 0.00014493324424270546
W;6;4 0.0004530128721574847
W;6;5 0.0
W;7;0 0.0
W;7;1 0.0
W;7;2 0.0
W;7;3 0.0
W;7;4 0.0005511654018711375
W;7;5 0.0
W;8;0 0.0
W;8;1 0.003283612046528173
W;8;2 9.479907113054831e-05
W;8;3 0.0
W;8;4 0.00010490020490750229
W;8;5 0.00200065830496342
W;9;0 0.0
W;9;1 0.0003514380241499539
W;9;2 0.0
W;9;3 0.0
W;9;4 0.0
W;9;5 0.0
W;10;0 0.0
W;10;1 0.009779582911574018
W;10;2 8.197455705747743e-05
W;10;3 7.495686388578298e-05
W;10;4 0.0
W;10;5 0.0
W;11;0 0.0
W;11;1 0.0
W;11;2 0.0
W;11;3 3.6036387014052253e-05
W;11;4 0.0
W;11;5 0.0
W;12;0 0.0
W;12;1 0.0005438388022874483
W;12;2 0.0
W;12;3 5.405458052107838e-05
W;12;4 0.0002732557281352416
W;12;5 0.0
W;13;0 0.0
W;13;1 0.0
W;13;2 0.0
W;13;3 0.0
W;13;4 0.00032455397230143614
W;13;5 0.0
W;14;0 0.0021555744534149527
W;14;1 0.0006293135709985739
W;14;2 0.0
W;14;3 2.702729026053919e-05
W;14;4 0.00032455397230143614
W;14;5 0.0021555744534149527
W;15;0 0.0018583453334660087
W;15;1 0.00023675354258658078
W;15;2 3.6036387014052253e-05
W;15;3 0.0
W;15;4 0.001013662770270411
W;15;5 0.0
W;16;0 0.0
W;16;1 0.0004974883142599943
W;16;2 9.009096753513063e-06
W;16;3 0.0
W;16;4 0.0012457213659786137
W;16;5 0.0
W;17;0 0.0
W;17;1 0.0005465114562704832
W;17;2 0.0
W;17;3 0.0
W;17;4 0.0
W;17;5 0.0
W;18;0 0.0020442982928945167
W;18;1 0.00033927564769980795
W;18;2 0.0
W;18;3 0.0
W;18;4 0.0005218196466285821
W;18;5 0.0
W;19;0 0.0018583453334660087
W;19;1 0.0003514380241499539
W;19;2 3.6036387014052253e-05
W;19;3 0.0
W;19;4 0.000605350130012162
W;19;5 0.0
