X;0;0 0.0
X;0;1 0.00036913467423634717
X;0;2 0.0
X;0;3 0.0
X;0;4 5.4691771806085556e-05
X;0;5 0.0
X;1;0 0.0
X;1;1 0.0001365885822614889
X;1;2 5.717311401267906e-05
X;1;3 0.0
X;1;4 0.0004921795656484629
X;1;5 0.0
X;2;0 0.0
X;2;1 0.00010987230766782993
X;2;2 5.717311401267906e-05
X;2;3 4.158044655467568e-05
X;2;4 0.000903149388395623
X;2;5 0.0
X;3;0 0.0
X;3;1 0.0
X;3;2 1.039511163866892e-05
X;3;3 9.355600474802028e-05
X;3;4 0.0005823062101930523
X;3;5 0.0
X;4;0 0.0
X;4;1 0.0007382693484726943
X;4;2 0.0
X;4;3 0.0
X;4;4 0.0004921795656484629
X;4;5 0.0
X;5;0 0.0
X;5;1 0.0016855958881967512
X;5;2 0.0
X;5;3 3.638289073534122e-05
X;5;4 0.0001949351481289252
X;5;5 0.0
X;6;0 0.0
X;6;1 0.001081360730002181
X;6;2 0.0
X;6;3 0.0
X;6;4 0.0005446741408658772
X;6;5 0.0005439433228322599
X;7;0 0.0
X;7;1 0.0
X;7;2 1.5764337895668738e-05
X;7;3 0.0
X;7;4 0.00043753417444868445
X;7;5 0.000651223876348707
X;8;0 0.0
X;8;1 0.0
X;8;2 3.76212485094943e-05
X;8;3 0.000831877790033183
X;8;4 0.0006592338460069795
X;8;5 0.0018207136187865362
X;9;0 0.0
X;9;1 0.0
X;9;2 8.316089310935136e-05
X;9;3 0.0
X;9;4 0.0003593427017246001
X;9;5 0.0
X;10;0 0.0
X;10;1 0.00028701248899615055
X;10;2 5.1975558193344604e-05
X;10;3 0.0
X;10;4 0.0005067355814209716
X;10;5 0.0005945974168985226
X;11;0 0.0
X;11;1 0.0
X;11;2 0.00018153276086497322
X;11;3 4.677800237401014e-05
X;11;4 0.000398528932752761
X;11;5 0.0
X;12;0 0.0
X;12;1 0.0003152950709252788
X;12;2 8.835844892868582e-05
X;12;3 0.0
X;12;4 0.00018153276086497322
X;12;5 0.0011227764018351138
X;13;0 0.0
X;13;1 0.0001949351481289252
X;13;2 0.0
X;13;3 0.0
X;13;4 0.0003320921598096567
X;13;5 0.0
X;14;0 0.0
X;14;1 0.0007882376773131969
X;14;2 5.1975558193344604e-05
X;14;3 0.0
X;14;4 0.0
X;14;5 0.0
X;15;0 0.010829144844720102
X;15;1 0.0005791263787668247
X;15;2 5.2259583260590916e-05
X;15;3 5.19755581933446e-06
X;15;4 0.00016487728419559155
X;15;5 0.0
X;16;0 0.0
X;16;1 0.00028701248899615055
X;16;2 4.677800237401014e-05
X;16;3 0.0
X;16;4 0.0
X;16;5 0.0
X;17;0 0.0
X;17;1 0.00012304489141211572
X;17;2 0.0
X;17;3 0.0
X;17;4 0.0013645460369024764
X;17;5 0.0
X;18;0 0.0
X;18;1 0.00101376353120179
X;18;2 0.0
X;18;3 0.0
X;18;4 0.00032961692300348974
X;18;5 0.0
X;19;0 0.0008461590244776321
X;19;1 0.0012805483519488044
X;19;2 0.0
X;19;3 2.079022327733784e-05
X;19;4 0.0002731771645229778
X;19;5 0.0
Y;0;0 0.0
Y;0;1 0.0
Y;0;2 0.0
Y;0;3 0.0
Y;0;4 0.001154140989369141
Y;0;5 0.0
Y;1;0 0.0
Y;1;1 0.0003492404596224012
Y;1;2 0.0
Y;1;3 0.0
Y;1;4 7.239079734585308e-05
Y;1;5 0.0
Y;2;0 0.0
Y;2;1 7.239079734585308e-05
Y;2;2 0.0
Y;2;3 5.1975558193344604e-05
Y;2;4 0.0007489707053110064
Y;2;5 0.0
Y;3;0 0.0
Y;3;1 4.8933987649010766e-05
Y;3;2 0.0
Y;3;3 8.835844892868582e-05
Y;3;4 0.00086131423988481
Y;3;5 0.0
Y;4;0 0.0
Y;4;1 0.00011641348654080039
Y;4;2 5.1975558193344604e-05
Y;4;3 0.0
Y;4;4 0.0011234560579665095
Y;4;5 0.0
Y;5;0 0.0
Y;5;1 0.002020255030464558
Y;5;2 0.0
Y;5;3 5.1975558193344604e-05
Y;5;4 0.00015052489806593715
Y;5;5 0.0
Y;6;0 0.0
Y;6;1 0.0016170421577607003
Y;6;2 0.0
Y;6;3 0.00014795281920567955
Y;6;4 0.000519076184830655
Y;6;5 0.000877187159639926
Y;7;0 0.0
Y;7;1 0.0
Y;7;2 7.79633372900169e-05
Y;7;3 0.0
Y;7;4 0.0
Y;7;5 0.0
Y;8;0 0.0
Y;8;1 0.0011234560579665095
Y;8;2 0.0
Y;8;3 3.638289073534122e-05
Y;8;4 0.0
Y;8;5 0.0
Y;9;0 0.0
Y;9;1 4.3244344549490184e-05
Y;9;2 0.0
Y;9;3 5.1975558193344604e-05
Y;9;4 0.0
Y;9;5 0.0
Y;10;0 0.0
Y;10;1 0.0005313474556954507
Y;10;2 0.0
Y;10;3 0.00016908893623506234
Y;10;4 0.0007060791711327488
Y;10;5 0.0
Y;11;0 0.0
Y;11;1 0.0022409685830130422
Y;11;2 0.0
Y;11;3 0.0
Y;11;4 0.0008112692683070382
Y;11;5 0.0
Y;12;0 0.0
Y;12;1 0.0
Y;12;2 5.717311401267906e-05
Y;12;3 0.0
Y;12;4 0.0
Y;12;5 0.0
Y;13;0 0.0
Y;13;1 0.0004841547918807798
Y;13;2 0.0
Y;13;3 0.0
Y;13;4 0.00047294260638791814
Y;13;5 0.0
Y;14;0 0.0
Y;14;1 0.0
Y;14;2 4.677800237401014e-05
Y;14;3 6.237066983201352e-05
Y;14;4 0.0003921914439572945
Y;14;5 0.0
Y;15;0 0.009605420122495406
Y;15;1 0.0006515171761126777
Y;15;2 1.039511163866892e-05
Y;15;3 1.5764337895668738e-05
Y;15;4 0.0001722174150277014
Y;15;5 0.0
Y;16;0 0.0
Y;16;1 0.0
Y;16;2 0.0
Y;16;3 4.677800237401014e-05
Y;16;4 0.0016318299684967797
Y;16;5 0.0
Y;17;0 0.0
Y;17;1 0.001004543711486527
Y;17;2 0.0
Y;17;3 0.0
Y;17;4 0.00038820414012870157
Y;17;5 0.0
Y;18;0 0.0
Y;18;1 0.0003893071386229912
Y;18;2 0.0
Y;18;3 4.677800237401014e-05
Y;18;4 0.0009892637051735493
Y;18;5 0.0
Y;19;0 0.0024510377150438077
Y;19;1 0.0009705103503217539
Y;19;2 0.0
Y;19;3 2.079022327733784e-05
Y;19;4 0.00012304489141211572
Y;19;5 0.0
Z;0;0 0.0
Z;0;1 0.0
Z;0;2 0.0
Z;0;3 0.0
Z;0;4 0.0001568765775829178
Z;0;5 0.0
Z;1;0 0.0
Z;1;1 0.00012976904620766374
Z;1;2 1.039511163866892e-05
Z;1;3 0.0
Z;1;4 0.0010927086580919112
Z;1;5 0.0015126466980929642
Z;2;0 0.0011227764018351138
Z;2;1 0.001004543711486527
Z;2;2 8.316089310935136e-05
Z;2;3 0.0
Z;2;4 0.0
Z;2;5 0.0
Z;3;0 0.0
Z;3;1 0.0
Z;3;2 0.0
Z;3;3 0.0
Z;3;4 0.0012292972403534002
Z;3;5 0.0
Z;4;0 0.0
Z;4;1 0.0010333044901662083
Z;4;2 0.0
Z;4;3 0.0
Z;4;4 0.00014350624449807527
Z;4;5 0.0
Z;5;0 0.0
Z;5;1 0.0
Z;5;2 8.835844892868582e-05
Z;5;3 0.0
Z;5;4 0.0005493615383391496
Z;5;5 0.0
Z;6;0 0.0
Z;6;1 0.0
Z;6;2 9.458602737401242e-05
Z;6;3 0.0
Z;6;4 9.076638043248661e-05
Z;6;5 0.0
Z;7;0 0.0
Z;7;1 0.0045861338934801215
Z;7;2 0.0
Z;7;3 0.0
Z;7;4 0.0
Z;7;5 0.0
Z;8;0 0.0
Z;8;1 0.0009892637051735493
Z;8;2 0.0
Z;8;3 3.638289073534122e-05
Z;8;4 0.0
Z;8;5 0.0
Z;9;0 0.0
Z;9;1 0.0008427979440983756
Z;9;2 2.5987779096672302e-05
Z;9;3 0.0
Z;9;4 0.0005740249779923011
Z;9;5 0.0
Z;10;0 0.0031702987651131675
Z;10;1 0.0004946318525867747
Z;10;2 0.0003027104118464313
Z;10;3 6.340835108814838e-05
Z;10;4 0.0
Z;10;5 0.0
Z;11;0 0.0
Z;11;1 0.0026586968668529756
Z;11;2 0.0
Z;11;3 9.458602737401242e-05
Z;11;4 0.0
Z;11;5 0.0
Z;12;0 0.0
Z;12;1 0.0
Z;12;2 0.0
Z;12;3 0.0
Z;12;4 0.0006315979174447381
Z;12;5 0.0
Z;13;0 0.0
Z;13;1 0.00021974461533565986
Z;13;2 0.0
Z;13;3 0.0
Z;13;4 0.000597765887657382
Z;13;5 0.0
Z;14;0 0.0
Z;14;1 0.00012976904620766374
Z;14;2 0.0
Z;14;3 0.0
Z;14;4 0.0005463543290459556
Z;14;5 0.0
Z;15;0 0.0
Z;15;1 0.0001722174150277014
Z;15;2 0.0
Z;15;3 0.00010914867220602367
Z;15;4 0.0004946318525867747
Z;15;5 0.0
Z;16;0 0.0
Z;16;1 0.0
Z;16;2 0.0
Z;16;3 0.0
Z;16;4 0.0
Z;16;5 0.0
Z;17;0 0.0
Z;17;1 0.000903149388395623
Z;17;2 0.0
Z;17;3 0.0
Z;17;4 0.0004136757300325875
Z;17;5 0.0
Z;18;0 0.0
Z;18;1 0.00016912564083044636
Z;18;2 0.0
Z;18;3 0.0
Z;18;4 0.00047294260638791814
Z;18;5 0.0011794028612852983
Z;19;0 0.0
Z;19;1 0.0
Z;19;2 0.0
Z;19;3 4.158044655467568e-05
Z;19;4 0.0001722174150277014
Z;19;5 0.0
W;0;0 0.0
W;0;1 0.0004515746941978115
W;0;2 0.0
W;0;3 0.0
W;0;4 0.00016912564083044636
W;0;5 0.0
W;1;0 0.0
W;1;1 6.641843196193134e-05
W;1;2 3.135574995635455e-05
W;1;3 0.0
W;1;4 0.0007797405925157008
W;1;5 0.0
W;2;0 0.0
W;2;1 0.0
W;2;2 0.0
W;2;3 0.0001881344997381273
W;2;4 0.000903149388395623
W;2;5 0.0
W;3;0 0.0
W;3;1 0.0004305187334942258
W;3;2 8.316089310935136e-05
W;3;3 0.0
W;3;4 6.641843196193134e-05
W;3;5 0.0
W;4;0 0.0
W;4;1 0.0006020995922637486
W;4;2 0.0
W;4;3 0.0
W;4;4 0.0007382693484726943
W;4;5 0.0
W;5;0 0.0
W;5;1 0.0011349915447279725
W;5;2 7.276578147068243e-05
W;5;3 0.0
W;5;4 0.00012304489141211572
W;5;5 0.0
W;6;0 0.004595873229451782
W;6;1 0.0004136757300325875
W;6;2 1.559266745800338e-05
W;6;3 8.361533321694547e-05
W;6;4 0.0
W;6;5 0.0
W;7;0 0.0
W;7;1 0.00030806692069357185
W;7;2 0.0
W;7;3 0.0
W;7;4 0.0
W;7;5 0.0
W;8;0 0.0
W;8;1 0.0
W;8;2 5.4691771806085556e-05
W;8;3 0.0010288289327466571
W;8;4 0.00036311609391058485
W;8;5 0.001154225945171204
W;9;0 0.0
W;9;1 0.001419268943682506
W;9;2 0.0
W;9;3 0.0
W;9;4 0.00015052489806593715
W;9;5 0.0
W;10;0 0.0
W;10;1 0.001538745563009898
W;10;2 4.729301368700621e-05
W;10;3 0.00017297737819796074
W;10;4 0.0005617280289832548
W;10;5 0.002950978016292729
W;11;0 0.00184589053490063
W;11;1 0.001575052743171054
W;11;2 0.0
W;11;3 2.079022327733784e-05
W;11;4 0.0
W;11;5 0.0
W;12;0 0.0012436006462009342
W;12;1 0.0001568765775829178
W;12;2 0.0
W;12;3 8.316089310935136e-05
W;12;4 0.00047294260638791814
W;12;5 0.0
W;13;0 0.0
W;13;1 0.00016487728419559155
W;13;2 0.0
W;13;3 0.0
W;13;4 0.0001872426763277516
W;13;5 0.0
W;14;0 0.0
W;14;1 9.076638043248661e-05
W;14;2 0.0
W;14;3 9.355600474802028e-05
W;14;4 0.0007489707053110064
W;14;5 0.0012436006462009342
W;15;0 0.005360611538844256
W;15;1 0.0024585944807068005
W;15;2 5.19755581933446e-06
W;15;3 0.0
W;15;4 0.0
W;15;5 0.000877187159639926
W;16;0 0.0
W;16;1 0.00028701248899615055
W;16;2 4.677800237401014e-05
W;16;3 0.0
W;16;4 0.0
W;16;5 0.0
W;17;0 0.0
W;17;1 0.0001576475354626394
W;17;2 0.0
W;17;3 0.0
W;17;4 0.0001872426763277516
W;17;5 0.0
W;18;0 0.0
W;18;1 9.786797529802153e-05
W;18;2 0.0
W;18;3 0.0
W;18;4 0.0006020995922637486
W;18;5 0.0
W;19;0 0.0
W;19;1 0.00020275270624035802
W;19;2 2.079022327733784e-05
W;19;3 0.0
W;19;4 0.0010477213788672036
W;19;5 0.0
