X;0;0 0.0
X;0;1 0.0
X;0;2 0.0
X;0;3 0.0
X;0;4 0.00035549651673955616
X;0;5 0.0
X;1;0 0.0
X;1;1 0.0013317386770495168
X;1;2 5.067616923851098e-05
X;1;3 0.0
X;1;4 0.0
X;1;5 0.0
X;2;0 0.0
X;2;1 0.0010712549997613416
X;2;2 5.067616923851098e-05
X;2;3 3.378411282567399e-05
X;2;4 0.0
X;2;5 0.0
X;3;0 0.0
X;3;1 0.000470540182748045
X;3;2 6.756822565134798e-05
X;3;3 3.378411282567399e-05
X;3;4 0.0
X;3;5 0.0
X;4;0 0.0
X;4;1 0.0
X;4;2 0.0
X;4;3 0.0
X;4;4 0.0003998958970893761
X;4;5 0.0
X;5;0 0.0
X;5;1 0.0
X;5;2 0.0
X;5;3 0.00010135233847702197
X;5;4 0.0
X;5;5 0.0
X;6;0 0.0
X;6;1 0.0
X;6;2 0.0
X;6;3 0.0
X;6;4 0.0
X;6;5 0.0
X;7;0 0.0
X;7;1 0.0
X;7;2 0.00020493639264369356
X;7;3 0.0
X;7;4 0.0
X;7;5 0.0
X;8;0 0.0
X;8;1 0.00031541586385457
X;8;2 0.0002445381153117129
X;8;3 0.0004771063795778549
X;8;4 0.0007141699998408945
X;8;5 0.0
X;9;0 0.0
X;9;1 0.0006085386980651927
X;9;2 6.756822565134798e-05
X;9;3 0.0
X;9;4 0.0005839318903024751
X;9;5 0.0
X;10;0 0.0
X;10;1 0.00046639529461874464
X;10;2 5.067616923851098e-05
X;10;3 0.0
X;10;4 0.0
X;10;5 0.0
X;11;0 0.0
X;11;1 0.0
X;11;2 0.0
X;11;3 1.6892056412836994e-05
X;11;4 0.0005180876125785892
X;11;5 0.0015269553619747535
X;12;0 0.0
X;12;1 0.0
X;12;2 3.378411282567399e-05
X;12;3 0.0
X;12;4 0.000589981472811163
X;12;5 0.0
X;13;0 0.0
X;13;1 0.0
X;13;2 0.0
X;13;3 0.0
X;13;4 0.0010792995193813842
X;13;5 0.0
X;14;0 0.0
X;14;1 0.0015370634707607338
X;14;2 5.067616923851098e-05
X;14;3 0.0
X;14;4 0.0
X;14;5 0.0
X;15;0 0.0
X;15;1 0.0
X;15;2 6.793745823876819e-05
X;15;3 5.067616923851098e-05
X;15;4 0.0016075535209070177
X;15;5 0.0
X;16;0 0.0
X;16;1 0.0
X;16;2 5.067616923851098e-05
X;16;3 0.0
X;16;4 0.0011678637806049501
X;16;5 0.0
X;17;0 0.0
X;17;1 0.0003998958970893761
X;17;2 0.0
X;17;3 0.0
X;17;4 0.0
X;17;5 0.0
X;18;0 0.0
X;18;1 0.0006589462952811636
X;18;2 0.0
X;18;3 0.0
X;18;4 0.0
X;18;5 0.0
X;19;0 0.0
X;19;1 0.0011350314937728038
X;19;2 0.0
X;19;3 1.6892056412836994e-05
X;19;4 0.0
X;19;5 0.0
Y;0;0 0.0
Y;0;1 0.0004217494001749071
Y;0;2 0.0
Y;0;3 0.0
Y;0;4 0.0
Y;0;5 0.0
Y;1;0 0.0
Y;1;1 0.0
Y;1;2 0.0
Y;1;3 0.0
Y;1;4 0.0007058102741220675
Y;1;5 0.0
Y;2;0 0.0
Y;2;1 0.0007058102741220675
Y;2;2 0.0
Y;2;3 1.6892056412836994e-05
Y;2;4 0.0
Y;2;5 0.0
Y;3;0 0.0
Y;3;1 0.00015903545985928498
Y;3;2 0.0
Y;3;3 3.378411282567399e-05
Y;3;4 0.0
Y;3;5 0.0
Y;4;0 0.0
Y;4;1 0.0011350314937728038
Y;4;2 5.067616923851098e-05
Y;4;3 0.0
Y;4;4 0.0
Y;4;5 0.0
Y;5;0 0.0
Y;5;1 0.0008207286061262266
Y;5;2 0.0
Y;5;3 6.756822565134798e-05
Y;5;4 0.0004892059187142958
Y;5;5 0.0
Y;6;0 0.0
Y;6;1 0.0
Y;6;2 0.0
Y;6;3 0.0002060771410364822
Y;6;4 0.0
Y;6;5 0.0
Y;7;0 0.0
Y;7;1 0.0012797303538264813
Y;7;2 1.6892056412836994e-05
Y;7;3 0.0
Y;7;4 0.0
Y;7;5 0.0
Y;8;0 0.0
Y;8;1 0.0012170773961303854
Y;8;2 0.0
Y;8;3 5.067616923851098e-05
Y;8;4 0.0
Y;8;5 0.0
Y;9;0 0.0
Y;9;1 0.00042163235935752927
Y;9;2 0.0
Y;9;3 3.378411282567399e-05
Y;9;4 0.0
Y;9;5 0.0
Y;10;0 0.0
Y;10;1 0.00021585990387627685
Y;10;2 0.0
Y;10;3 0.00013738476069098814
Y;10;4 0.0
Y;10;5 0.0
Y;11;0 0.0
Y;11;1 0.0
Y;11;2 0.0
Y;11;3 0.0
Y;11;4 0.0
Y;11;5 0.0
Y;12;0 0.0
Y;12;1 0.0
Y;12;2 5.067616923851098e-05
Y;12;3 0.0
Y;12;4 0.0
Y;12;5 0.0
Y;13;0 0.0
Y;13;1 0.00039337576840313356
Y;13;2 0.0
Y;13;3 0.0
Y;13;4 0.0
Y;13;5 0.0
Y;14;0 0.0
Y;14;1 0.0
Y;14;2 1.6892056412836994e-05
Y;14;3 6.756822565134798e-05
Y;14;4 0.0007647733157167242
Y;14;5 0.0
Y;15;0 0.0
Y;15;1 0.0
Y;15;2 3.378411282567399e-05
Y;15;3 0.00015370229448277017
Y;15;4 0.0016791197965200884
Y;15;5 0.0
Y;16;0 0.0
Y;16;1 0.0
Y;16;2 0.0
Y;16;3 0.00010135233847702197
Y;16;4 0.0
Y;16;5 0.0
Y;17;0 0.0
Y;17;1 0.0
Y;17;2 0.0
Y;17;3 0.0
Y;17;4 0.00031541586385457
Y;17;5 0.0
Y;18;0 0.0
Y;18;1 0.0
Y;18;2 0.0
Y;18;3 6.756822565134798e-05
Y;18;4 0.0005358511736356725
Y;18;5 0.0
Y;19;0 0.0
Y;19;1 0.00094624759156371
Y;19;2 0.0
Y;19;3 1.6892056412836994e-05
Y;19;4 0.0
Y;19;5 0.0
Z;0;0 0.0
Z;0;1 0.00046639529461874464
Z;0;2 0.0
Z;0;3 0.0
Z;0;4 0.0002549244385722414
Z;0;5 0.0
Z;1;0 0.0
Z;1;1 0.0
Z;1;2 1.6892056412836994e-05
Z;1;3 0.0
Z;1;4 0.0
Z;1;5 0.0
Z;2;0 0.0
Z;2;1 0.0
Z;2;2 5.067616923851098e-05
Z;2;3 0.0
Z;2;4 0.0011678637806049501
Z;2;5 0.0
Z;3;0 0.0
Z;3;1 0.000589981472811163
Z;3;2 0.0
Z;3;3 0.0
Z;3;4 0.0
Z;3;5 0.0
Z;4;0 0.0
Z;4;1 0.0
Z;4;2 0.0
Z;4;3 0.0
Z;4;4 0.0009327905892374893
Z;4;5 0.0
Z;5;0 0.0
Z;5;1 0.0
Z;5;2 5.067616923851098e-05
Z;5;3 0.0
Z;5;4 0.0010712549997613416
Z;5;5 0.0
Z;6;0 0.0
Z;6;1 0.0025594607076529627
Z;6;2 0.00015370229448277017
Z;6;3 0.0
Z;6;4 0.0
Z;6;5 0.0
Z;7;0 0.0
Z;7;1 0.0
Z;7;2 0.0
Z;7;3 0.0
Z;7;4 0.0015269553619747535
Z;7;5 0.0
Z;8;0 0.0
Z;8;1 0.001071702347271345
Z;8;2 0.0
Z;8;3 3.378411282567399e-05
Z;8;4 0.0
Z;8;5 0.0
Z;9;0 0.0
Z;9;1 0.0006847733295799303
Z;9;2 6.756822565134798e-05
Z;9;3 0.0
Z;9;4 0.0
Z;9;5 0.0
Z;10;0 0.0
Z;10;1 0.0
Z;10;2 0.0001405441197858431
Z;10;3 0.0
Z;10;4 0.0037512343218064127
Z;10;5 0.0182451165298206
Z;11;0 0.0
Z;11;1 0.0
Z;11;2 0.0
Z;11;3 0.0
Z;11;4 0.0
Z;11;5 0.0
Z;12;0 0.0
Z;12;1 0.0
Z;12;2 0.0
Z;12;3 0.0
Z;12;4 0.0
Z;12;5 0.0
Z;13;0 0.0
Z;13;1 0.0007141699998408945
Z;13;2 0.0
Z;13;3 0.0
Z;13;4 0.0004317198077525537
Z;13;5 0.0
Z;14;0 0.0
Z;14;1 0.0008434988003498142
Z;14;2 0.0
Z;14;3 0.0
Z;14;4 0.0
Z;14;5 0.0
Z;15;0 0.0
Z;15;1 0.0005597065988400295
Z;15;2 0.0
Z;15;3 3.378411282567399e-05
Z;15;4 0.0
Z;15;5 0.0
Z;16;0 0.0
Z;16;1 0.0
Z;16;2 0.0
Z;16;3 0.0
Z;16;4 0.0
Z;16;5 0.0
Z;17;0 0.0
Z;17;1 0.0
Z;17;2 0.0
Z;17;3 0.0
Z;17;4 0.0006722230613029547
Z;17;5 0.0
Z;18;0 0.0
Z;18;1 0.0005496583326989506
Z;18;2 0.0
Z;18;3 0.0
Z;18;4 0.0
Z;18;5 0.0
Z;19;0 0.0
Z;19;1 0.0
Z;19;2 0.0
Z;19;3 3.378411282567399e-05
Z;19;4 0.0
Z;19;5 0.0
W;0;0 0.0
W;0;1 0.0
W;0;2 0.0
W;0;3 0.0
W;0;4 0.0005496583326989506
W;0;5 0.0
W;1;0 0.0
W;1;1 0.0006475797116288305
W;1;2 0.00010190618735815228
W;1;3 0.0
W;1;4 0.0
W;1;5 0.0
W;2;0 0.0
W;2;1 0.0
W;2;2 0.0
W;2;3 0.00016984364559692047
W;2;4 0.0
W;2;5 0.0
W;3;0 0.0
W;3;1 0.0
W;3;2 1.6892056412836994e-05
W;3;3 0.0
W;3;4 0.00021585990387627685
W;3;5 0.0
W;4;0 0.0
W;4;1 0.0004892059187142958
W;4;2 0.0
W;4;3 0.0
W;4;4 0.0
W;4;5 0.0
W;5;0 0.0
W;5;1 0.0
W;5;2 3.378411282567399e-05
W;5;3 0.0
W;5;4 0.0007997917941787522
W;5;5 0.0
W;6;0 0.0
W;6;1 0.0
W;6;2 5.067616923851098e-05
W;6;3 0.00010190618735815228
W;6;4 0.0016987982705905678
W;6;5 0.0
W;7;0 0.0
W;7;1 0.0010012174922541083
W;7;2 0.0
W;7;3 0.0
W;7;4 0.0
W;7;5 0.0
W;8;0 0.0
W;8;1 0.0005597065988400295
W;8;2 0.00035549651673955616
W;8;3 0.0005900636526047003
W;8;4 0.00039337576840313356
W;8;5 0.0
W;9;0 0.0
W;9;1 0.0
W;9;2 0.0
W;9;3 0.0
W;9;4 0.001467617756142887
W;9;5 0.0
W;10;0 0.021412812686915632
W;10;1 0.0033339487198547793
W;10;2 5.123409816092339e-05
W;10;3 0.0
W;10;4 0.0
W;10;5 0.0
W;11;0 0.0
W;11;1 0.0
W;11;2 0.0
W;11;3 1.6892056412836994e-05
W;11;4 0.0
W;11;5 0.0
W;12;0 0.0
W;12;1 0.0005098488771444828
W;12;2 0.0
W;12;3 3.378411282567399e-05
W;12;4 0.0
W;12;5 0.0
W;13;0 0.0
W;13;1 0.0
W;13;2 0.0
W;13;3 0.0
W;13;4 0.0
W;13;5 0.0
W;14;0 0.0
W;14;1 0.0008849722092167444
W;14;2 0.0
W;14;3 1.6892056412836994e-05
W;14;4 0.0
W;14;5 0.0
W;15;0 0.0
W;15;1 0.0
W;15;2 3.378411282567399e-05
W;15;3 0.0
W;15;4 0.0006335392314190069
W;15;5 0.0
W;16;0 0.0
W;16;1 0.0
W;16;2 5.067616923851098e-05
W;16;3 0.0
W;16;4 0.0011678637806049501
W;16;5 0.0
W;17;0 0.0
W;17;1 0.0
W;17;2 0.0
W;17;3 0.0
W;17;4 0.0
W;17;5 0.0
W;18;0 0.0
W;18;1 0.00031807091971856996
W;18;2 0.0
W;18;3 0.0
W;18;4 0.0
W;18;5 0.0
W;19;0 0.0
W;19;1 0.0
W;19;2 3.378411282567399e-05
W;19;3 0.0
W;19;4 0.0
W;19;5 0.0
