X;0;0 0.0
X;0;1 0.00019994794854468804
X;0;2 0.0
X;0;3 0.0
X;0;4 0.00026662238755466707
X;0;5 0.0
X;1;0 0.0
X;1;1 0.0
X;1;2 5.067616923851098e-05
X;1;3 0.0
X;1;4 0.0007997917941787522
X;1;5 0.0
X;2;0 0.0
X;2;1 0.0
X;2;2 5.067616923851098e-05
X;2;3 5.067616923851098e-05
X;2;4 0.0009784118374285915
X;2;5 0.0
X;3;0 0.0
X;3;1 0.0005881752284350563
X;3;2 5.067616923851098e-05
X;3;3 4.2230141032092486e-05
X;3;4 0.0
X;3;5 0.0
X;4;0 0.0
X;4;1 0.0
X;4;2 0.0
X;4;3 0.0
X;4;4 0.0
X;4;5 0.0
X;5;0 0.0
X;5;1 0.0
X;5;2 0.0
X;5;3 9.290631027060347e-05
X;5;4 0.0
X;5;5 0.0
X;6;0 0.0
X;6;1 0.00043930279656338603
X;6;2 0.0
X;6;3 0.0
X;6;4 0.00019668788420156678
X;6;5 0.0
X;7;0 0.0
X;7;1 0.0
X;7;2 7.685114724138509e-05
X;7;3 0.0
X;7;4 0.00044437064592444515
X;7;5 0.0
X;8;0 0.0
X;8;1 0.002365618978909275
X;8;2 6.113452882792823e-05
X;8;3 0.0
X;8;4 0.0
X;8;5 0.0
X;9;0 0.0
X;9;1 0.0015213467451629817
X;9;2 7.601425385776648e-05
X;9;3 0.0
X;9;4 0.0
X;9;5 0.0
X;10;0 0.002999572119213524
X;10;1 0.0013991858838562337
X;10;2 5.067616923851098e-05
X;10;3 0.0
X;10;4 0.00011763504568701126
X;10;5 0.0
X;11;0 0.0
X;11;1 0.0
X;11;2 0.0016224490502306983
X;11;3 2.533808461925549e-05
X;11;4 8.634793542976488e-05
X;11;5 0.0
X;12;0 0.0
X;12;1 0.0
X;12;2 1.6892056412836994e-05
X;12;3 0.0
X;12;4 0.0004424861046083722
X;12;5 0.0
X;13;0 0.0
X;13;1 0.0
X;13;2 0.0
X;13;3 0.0
X;13;4 0.0007555096635669689
X;13;5 0.0
X;14;0 0.0
X;14;1 0.0
X;14;2 8.446028206418497e-05
X;14;3 0.0
X;14;4 0.000256177245126789
X;14;5 0.0
X;15;0 0.0
X;15;1 0.00011763504568701126
X;15;2 0.0002207967392759966
X;15;3 1.6892056412836994e-05
X;15;4 0.0
X;15;5 0.0
X;16;0 0.0
X;16;1 0.0
X;16;2 0.00011824439488985895
X;16;3 0.0
X;16;4 0.0
X;16;5 0.0
X;17;0 0.0
X;17;1 0.0
X;17;2 0.0
X;17;3 0.0
X;17;4 0.0
X;17;5 0.0
X;18;0 0.0
X;18;1 0.0
X;18;2 0.0
X;18;3 0.0
X;18;4 0.0012497974997215653
X;18;5 0.0
X;19;0 0.0
X;19;1 0.00018917191562880064
X;19;2 0.0
X;19;3 7.601425385776648e-05
X;19;4 0.00044391289234983896
X;19;5 0.0
Y;0;0 0.0
Y;0;1 0.0008434988003498142
Y;0;2 0.0
Y;0;3 0.0
Y;0;4 0.0
Y;0;5 0.0
Y;1;0 0.0
Y;1;1 0.0007566876625152026
Y;1;2 0.0
Y;1;3 0.0
Y;1;4 0.0
Y;1;5 0.0
Y;2;0 0.0
Y;2;1 0.0
Y;2;2 0.0
Y;2;3 5.067616923851098e-05
Y;2;4 0.000912808047097789
Y;2;5 0.0
Y;3;0 0.0
Y;3;1 0.00031807091971856996
Y;3;2 0.0
Y;3;3 8.446028206418497e-06
Y;3;4 0.00019994794854468804
Y;3;5 0.0
Y;4;0 0.0
Y;4;1 0.0
Y;4;2 5.067616923851098e-05
Y;4;3 0.0
Y;4;4 0.0
Y;4;5 0.0
Y;5;0 0.0
Y;5;1 0.0
Y;5;2 0.0
Y;5;3 1.6892056412836994e-05
Y;5;4 0.0
Y;5;5 0.0
Y;6;0 0.0
Y;6;1 0.0017517956709074253
Y;6;2 0.0
Y;6;3 0.0001030385705182411
Y;6;4 0.0004217494001749071
Y;6;5 0.0
Y;7;0 0.0
Y;7;1 0.0
Y;7;2 8.446028206418497e-05
Y;7;3 0.0
Y;7;4 0.0
Y;7;5 0.0
Y;8;0 0.0
Y;8;1 0.0
Y;8;2 0.0
Y;8;3 3.378411282567399e-05
Y;8;4 0.00027985329942001476
Y;8;5 0.0
Y;9;0 0.0
Y;9;1 0.0001405441197858431
Y;9;2 0.0
Y;9;3 8.446028206418497e-06
Y;9;4 0.0
Y;9;5 0.0
Y;10;0 0.001742198750124383
Y;10;1 0.0008634396155051074
Y;10;2 0.0
Y;10;3 6.869238034549407e-05
Y;10;4 0.0
Y;10;5 0.0
Y;11;0 0.0
Y;11;1 0.0
Y;11;2 0.0
Y;11;3 0.0
Y;11;4 0.0
Y;11;5 0.0
Y;12;0 0.0
Y;12;1 0.0009103934868490484
Y;12;2 6.756822565134798e-05
Y;12;3 0.0
Y;12;4 0.0007861241941696051
Y;12;5 0.0
Y;13;0 0.00182451165298206
Y;13;1 0.0007867515368062671
Y;13;2 0.0
Y;13;3 0.0
Y;13;4 0.0
Y;13;5 0.0
Y;14;0 0.0
Y;14;1 0.00026792558681783626
Y;14;2 3.378411282567399e-05
Y;14;3 8.446028206418497e-05
Y;14;4 0.0001274622192861207
Y;14;5 0.0
Y;15;0 0.0
Y;15;1 0.00011763504568701126
Y;15;2 0.00010979836668344047
Y;15;3 5.123409816092339e-05
Y;15;4 0.0
Y;15;5 0.0
Y;16;0 0.0
Y;16;1 0.0
Y;16;2 0.0
Y;16;3 3.378411282567399e-05
Y;16;4 0.0
Y;16;5 0.0
Y;17;0 0.0
Y;17;1 0.0013991858838562337
Y;17;2 0.0
Y;17;3 0.0
Y;17;4 0.0
Y;17;5 0.0
Y;18;0 0.0
Y;18;1 0.0
Y;18;2 0.0
Y;18;3 5.067616923851098e-05
Y;18;4 0.0
Y;18;5 0.0
Y;19;0 0.0
Y;19;1 0.000157707931927285
Y;19;2 0.0
Y;19;3 6.756822565134798e-05
Y;19;4 0.0007997917941787522
Y;19;5 0.0
Z;0;0 0.0
Z;0;1 0.0
Z;0;2 0.0
Z;0;3 0.0
Z;0;4 0.0005098488771444828
Z;0;5 0.0
Z;1;0 0.0
Z;1;1 0.00021087470008745356
Z;1;2 2.533808461925549e-05
Z;1;3 0.0
Z;1;4 0.00044391289234983896
Z;1;5 0.0
Z;2;0 0.0
Z;2;1 0.0
Z;2;2 4.2230141032092486e-05
Z;2;3 0.0
Z;2;4 0.0008758978354537127
Z;2;5 0.0
Z;3;0 0.0
Z;3;1 0.00014749536820279075
Z;3;2 0.0
Z;3;3 0.0
Z;3;4 0.0006658693385247584
Z;3;5 0.0
Z;4;0 0.0
Z;4;1 0.0
Z;4;2 0.0
Z;4;3 0.0
Z;4;4 0.0
Z;4;5 0.0
Z;5;0 0.0
Z;5;1 0.0005167175642541914
Z;5;2 7.601425385776648e-05
Z;5;3 0.0
Z;5;4 0.0
Z;5;5 0.0
Z;6;0 0.0
Z;6;1 0.0
Z;6;2 2.5617049080461695e-05
Z;6;3 0.0
Z;6;4 0.0019174397866362797
Z;6;5 0.0
Z;7;0 0.0
Z;7;1 0.0
Z;7;2 0.0
Z;7;3 0.0
Z;7;4 0.0
Z;7;5 0.0
Z;8;0 0.0
Z;8;1 0.0
Z;8;2 0.0
Z;8;3 2.533808461925549e-05
Z;8;4 0.00029196594515123754
Z;8;5 0.0
Z;9;0 0.0
Z;9;1 0.0
Z;9;2 1.6892056412836994e-05
Z;9;3 0.0
Z;9;4 0.001632383531165606
Z;9;5 0.0
Z;10;0 0.00475544814766975
Z;10;1 0.0005358511736356725
Z;10;2 7.027205989292155e-05
Z;10;3 3.4346190172747036e-05
Z;10;4 0.0
Z;10;5 0.0
Z;11;0 0.0
Z;11;1 0.0
Z;11;2 0.0
Z;11;3 0.00023055344172415526
Z;11;4 0.0024013550306238515
Z;11;5 0.0
Z;12;0 0.0
Z;12;1 0.0
Z;12;2 0.0
Z;12;3 0.0
Z;12;4 0.0
Z;12;5 0.0
Z;13;0 0.0
Z;13;1 0.0
Z;13;2 0.0
Z;13;3 0.0
Z;13;4 0.0008634396155051074
Z;13;5 0.0
Z;14;0 0.0
Z;14;1 0.0004217494001749071
Z;14;2 0.0
Z;14;3 0.0
Z;14;4 0.0
Z;14;5 0.0
Z;15;0 0.0
Z;15;1 0.00027985329942001476
Z;15;2 0.0
Z;15;3 1.6892056412836994e-05
Z;15;4 0.00026792558681783626
Z;15;5 0.0
Z;16;0 0.0
Z;16;1 0.0
Z;16;2 0.0
Z;16;3 0.0
Z;16;4 0.0009103934868490484
Z;16;5 0.0
Z;17;0 0.0
Z;17;1 0.001467617756142887
Z;17;2 0.0
Z;17;3 0.0
Z;17;4 0.0
Z;17;5 0.0
Z;18;0 0.0
Z;18;1 0.0005496583326989506
Z;18;2 0.0
Z;18;3 0.0
Z;18;4 0.0
Z;18;5 0.0
Z;19;0 0.0
Z;19;1 0.00026792558681783626
Z;19;2 0.0
Z;19;3 2.533808461925549e-05
Z;19;4 0.00027985329942001476
Z;19;5 0.0
W;0;0 0.0022837199849368404
W;0;1 0.0007338088780714435
W;0;2 0.0
W;0;3 0.0
W;0;4 0.00013741458317473765
W;0;5 0.0
W;1;0 0.0
W;1;1 0.00021585990387627685
W;1;2 0.00016984364559692047
W;1;3 0.0
W;1;4 0.00031676961570950346
W;1;5 0.0
W;2;0 0.0
W;2;1 0.0015018262383811626
W;2;2 0.0
W;2;3 0.00013587491647753638
W;2;4 0.0004892059187142958
W;2;5 0.0
W;3;0 0.0
W;3;1 0.00023319764730937232
W;3;2 5.912219744492947e-05
W;3;3 0.0
W;3;4 0.00010792995193813843
W;3;5 0.0
W;4;0 0.0
W;4;1 0.0
W;4;2 0.0
W;4;3 0.0
W;4;4 0.0
W;4;5 0.0
W;5;0 0.0
W;5;1 0.0
W;5;2 3.378411282567399e-05
W;5;3 0.0
W;5;4 0.00019994794854468804
W;5;5 0.0
W;6;0 0.0
W;6;1 0.002352780714560341
W;6;2 8.446028206418497e-06
W;6;3 1.6984364559692047e-05
W;6;4 0.0
W;6;5 0.0
W;7;0 0.0
W;7;1 0.0
W;7;2 0.0
W;7;3 0.0
W;7;4 0.0
W;7;5 0.0
W;8;0 0.0
W;8;1 0.0
W;8;2 0.0
W;8;3 9.834394210078339e-05
W;8;4 0.00039337576840313356
W;8;5 0.010315894384967635
W;9;0 0.0
W;9;1 0.0003294731476405818
W;9;2 0.0
W;9;3 0.0
W;9;4 0.0007338088780714435
W;9;5 0.0
W;10;0 0.0
W;10;1 0.0
W;10;2 2.5617049080461695e-05
W;10;3 7.027205989292155e-05
W;10;4 0.0006085386980651927
W;10;5 0.004426467024439093
W;11;0 0.0
W;11;1 0.0006398651769132407
W;11;2 0.0
W;11;3 6.756822565134798e-05
W;11;4 0.004232955196266595
W;11;5 0.0
W;12;0 0.0
W;12;1 0.0002549244385722414
W;12;2 0.0
W;12;3 1.6892056412836994e-05
W;12;4 0.0
W;12;5 0.0
W;13;0 0.0
W;13;1 0.0008037767604535088
W;13;2 0.0
W;13;3 0.0
W;13;4 0.00030426934903259636
W;13;5 0.0
W;14;0 0.0
W;14;1 0.00014749536820279075
W;14;2 0.0
W;14;3 8.446028206418497e-05
W;14;4 0.0
W;14;5 0.0
W;15;0 0.0
W;15;1 0.00022195644617491948
W;15;2 8.446028206418497e-06
W;15;3 0.0
W;15;4 0.0006335392314190069
W;15;5 0.0
W;16;0 0.0
W;16;1 0.0
W;16;2 0.00011824439488985895
W;16;3 0.0
W;16;4 0.0
W;16;5 0.0
W;17;0 0.0
W;17;1 0.001024708980507156
W;17;2 0.0
W;17;3 0.0
W;17;4 0.0
W;17;5 0.0
W;18;0 0.0
W;18;1 0.00015903545985928498
W;18;2 0.0
W;18;3 0.0
W;18;4 0.0
W;18;5 0.0
W;19;0 0.0
W;19;1 0.0003294731476405818
W;19;2 2.533808461925549e-05
W;19;3 0.0
W;19;4 0.00018917191562880064
W;19;5 0.0
