X;0;0 0.0
X;0;1 0.00021327781178100057
X;0;2 0.0
X;0;3 0.0
X;0;4 0.0002843972133916449
X;0;5 0.0016397084464097663
X;1;0 0.0
X;1;1 0.0007102606277597423
X;1;2 8.108187078161757e-05
X;1;3 0.0
X;1;4 0.00021327781178100057
X;1;5 0.0
X;2;0 0.0
X;2;1 0.0009522266664545259
X;2;2 6.306367727459145e-05
X;2;3 1.8018193507026127e-05
X;2;4 0.00026090982331429107
X;2;5 0.0
X;3;0 0.0
X;3;1 0.0002509547641322907
X;3;2 4.504548376756532e-05
X;3;3 6.306367727459145e-05
X;3;4 0.00016822179405577068
X;3;5 0.0
X;4;0 0.0017789201836290714
X;4;1 0.0
X;4;2 0.0
X;4;3 0.0
X;4;4 0.0006398334353430017
X;4;5 0.0018583453334660087
X;5;0 0.0
X;5;1 0.0010956373273278883
X;5;2 0.0
X;5;3 4.504548376756532e-05
X;5;4 0.000337887590090137
X;5;5 0.0
X;6;0 0.0
X;6;1 0.0
X;6;2 0.0
X;6;3 0.0
X;6;4 0.00041960081963000916
X;6;5 0.0
X;7;0 0.0
X;7;1 0.0
X;7;2 0.00010929940940996991
X;7;3 0.0
X;7;4 0.0002843972133916449
X;7;5 0.0
X;8;0 0.0
X;8;1 0.0006728871762230827
X;8;2 0.0004564711485818641
X;8;3 0.000254456735774856
X;8;4 0.0001904453332909052
X;8;5 0.0
X;9;0 0.0
X;9;1 0.0
X;9;2 5.405458052107838e-05
X;9;3 0.0
X;9;4 0.0
X;9;5 0.0
X;10;0 0.0
X;10;1 0.0012437207856499856
X;10;2 3.6036387014052253e-05
X;10;3 0.0
X;10;4 0.00012547738206614535
X;10;5 0.0
X;11;0 0.0
X;11;1 0.0
X;11;2 0.00015732839274964347
X;11;3 0.00011711825779566983
X;11;4 4.6052232229207936e-05
X;11;5 0.0
X;12;0 0.0
X;12;1 0.0005465114562704832
X;12;2 9.009096753513064e-05
X;12;3 0.0
X;12;4 0.0
X;12;5 0.0
X;13;0 0.0
X;13;1 0.000337887590090137
X;13;2 0.0
X;13;3 0.0
X;13;4 0.0002302505641346953
X;13;5 0.0
X;14;0 0.0
X;14;1 0.0008197671844057247
X;14;2 5.405458052107838e-05
X;14;3 0.0
X;14;4 0.0
X;14;5 0.0
X;15;0 0.0
X;15;1 0.0002509547641322907
X;15;2 0.0001268165887123673
X;15;3 3.6036387014052253e-05
X;15;4 0.0005715745852113841
X;15;5 0.0
X;16;0 0.0
X;16;1 0.0007462324713899914
X;16;2 1.8018193507026127e-05
X;16;3 0.0
X;16;4 0.0009342910244839602
X;16;5 0.0
X;17;0 0.0
X;17;1 0.00021327781178100057
X;17;2 0.0
X;17;3 0.0
X;17;4 0.000675775180180274
X;17;5 0.002861656003737622
X;18;0 0.0
X;18;1 0.0007028760482999078
X;18;2 0.0
X;18;3 0.0
X;18;4 0.0001904453332909052
X;18;5 0.0
X;19;0 0.0
X;19;1 0.0
X;19;2 0.0
X;19;3 9.009096753513064e-05
X;19;4 0.0007102606277597423
X;19;5 0.0
Y;0;0 0.0
Y;0;1 0.0008997320537064685
Y;0;2 0.0
Y;0;3 0.0
Y;0;4 0.00028578729260569203
Y;0;5 0.0
Y;1;0 0.0
Y;1;1 0.00020178337667072069
Y;1;2 0.0
Y;1;3 0.0
Y;1;4 0.000376432146198436
Y;1;5 0.0
Y;2;0 0.0
Y;2;1 0.0006273869103307267
Y;2;2 0.0
Y;2;3 1.8018193507026127e-05
Y;2;4 0.00032455397230143614
Y;2;5 0.0
Y;3;0 0.0
Y;3;1 0.000254456735774856
Y;3;2 0.0
Y;3;3 2.702729026053919e-05
Y;3;4 0.0006398334353430017
Y;3;5 0.0
Y;4;0 0.0021555744534149527
Y;4;1 0.000605350130012162
Y;4;2 7.207277402810451e-05
Y;4;3 0.0
Y;4;4 0.0
Y;4;5 0.0
Y;5;0 0.0
Y;5;1 0.0
Y;5;2 0.0
Y;5;3 9.91000642886437e-05
Y;5;4 0.00026090982331429107
Y;5;5 0.0017064107028043796
Y;6;0 0.0
Y;6;1 0.0
Y;6;2 0.0
Y;6;3 0.00029308748947410804
Y;6;4 0.0008997320537064685
Y;6;5 0.0
Y;7;0 0.0
Y;7;1 0.0013650457107482468
Y;7;2 7.207277402810451e-05
Y;7;3 0.0
Y;7;4 0.0
Y;7;5 0.0
Y;8;0 0.0
Y;8;1 0.00032455397230143614
Y;8;2 0.0
Y;8;3 7.207277402810451e-05
Y;8;4 0.001194040744192063
Y;8;5 0.0
Y;9;0 0.0
Y;9;1 0.0004497411833146979
Y;9;2 0.0
Y;9;3 3.6036387014052253e-05
Y;9;4 0.0004530128721574847
Y;9;5 0.0
Y;10;0 0.0
Y;10;1 0.0006907516924040859
Y;10;2 0.0
Y;10;3 0.0001099078085527905
Y;10;4 0.00040795685443225483
Y;10;5 0.0
Y;11;0 0.0
Y;11;1 0.0
Y;11;2 0.0
Y;11;3 0.0
Y;11;4 0.0
Y;11;5 0.0
Y;12;0 0.0
Y;12;1 0.0009710863859723184
Y;12;2 4.504548376756532e-05
Y;12;3 0.0
Y;12;4 0.005031194842685473
Y;12;5 0.0
Y;13;0 0.0
Y;13;1 0.0005245010245375114
Y;13;2 0.0
Y;13;3 0.0
Y;13;4 0.0005465114562704832
Y;13;5 0.0
Y;14;0 0.0
Y;14;1 0.000857361877817076
Y;14;2 3.6036387014052253e-05
Y;14;3 3.6036387014052253e-05
Y;14;4 0.0005438388022874483
Y;14;5 0.0
Y;15;0 0.0
Y;15;1 0.0002509547641322907
Y;15;2 6.306367727459145e-05
Y;15;3 0.00010929940940996991
Y;15;4 0.0005970203720960315
Y;15;5 0.0
Y;16;0 0.0
Y;16;1 0.0
Y;16;2 0.0
Y;16;3 6.306367727459145e-05
Y;16;4 0.0
Y;16;5 0.0
Y;17;0 0.0
Y;17;1 0.0002487441571299971
Y;17;2 0.0
Y;17;3 0.0
Y;17;4 0.00033644358811154136
Y;17;5 0.0
Y;18;0 0.0
Y;18;1 0.00022493301342661713
Y;18;2 0.0
Y;18;3 7.207277402810451e-05
Y;18;4 0.000857361877817076
Y;18;5 0.0
Y;19;0 0.0
Y;19;1 0.0
Y;19;2 0.0
Y;19;3 8.108187078161757e-05
Y;19;4 0.0006398334353430017
Y;19;5 0.0
Z;0;0 0.0
Z;0;1 0.0
Z;0;2 0.0
Z;0;3 0.0
Z;0;4 0.00013595970057186208
Z;0;5 0.0
Z;1;0 0.0
Z;1;1 0.00022493301342661713
Z;1;2 8.108187078161757e-05
Z;1;3 0.0
Z;1;4 0.0
Z;1;5 0.0
Z;2;0 0.0
Z;2;1 0.0002487441571299971
Z;2;2 4.504548376756532e-05
Z;2;3 0.0
Z;2;4 0.0009342910244839602
Z;2;5 0.0
Z;3;0 0.0
Z;3;1 0.0006293135709985739
Z;3;2 0.0
Z;3;3 0.0
Z;3;4 0.00023675354258658078
Z;3;5 0.0
Z;4;0 0.0
Z;4;1 0.0
Z;4;2 0.0
Z;4;3 0.0
Z;4;4 0.0009949766285199885
Z;4;5 0.002284033353271001
Z;5;0 0.0
Z;5;1 0.0
Z;5;2 0.0
Z;5;3 0.0
Z;5;4 0.0007617813331636208
Z;5;5 0.00613289487868355
Z;6;0 0.0
Z;6;1 0.0
Z;6;2 0.00013662426176246238
Z;6;3 0.0
Z;6;4 0.00031465678549928694
Z;6;5 0.0018310204811135165
Z;7;0 0.0
Z;7;1 0.000662441562391573
Z;7;2 0.0
Z;7;3 0.0
Z;7;4 0.0
Z;7;5 0.0
Z;8;0 0.0
Z;8;1 0.00028578729260569203
Z;8;2 0.0
Z;8;3 6.306367727459145e-05
Z;8;4 0.001557151707473267
Z;8;5 0.0
Z;9;0 0.0
Z;9;1 0.0003652124424426294
Z;9;2 9.009096753513064e-05
Z;9;3 0.0
Z;9;4 0.0
Z;9;5 0.0
Z;10;0 0.001268119506045267
Z;10;1 0.0020005110482398444
Z;10;2 0.00022487059165734896
Z;10;3 7.327187236852701e-05
Z;10;4 0.0
Z;10;5 0.0
Z;11;0 0.0
Z;11;1 0.002304203951272579
Z;11;2 0.0
Z;11;3 0.00010929940940996991
Z;11;4 0.0
Z;11;5 0.0
Z;12;0 0.0
Z;12;1 0.0010947697235708794
Z;12;2 0.0
Z;12;3 0.0
Z;12;4 0.0
Z;12;5 0.0
Z;13;0 0.0
Z;13;1 0.0001904453332909052
Z;13;2 0.0
Z;13;3 0.0
Z;13;4 0.0004605011282693906
Z;13;5 0.0
Z;14;0 0.0
Z;14;1 0.0006747990402798514
Z;14;2 0.0
Z;14;3 0.0
Z;14;4 0.0
Z;14;5 0.0
Z;15;0 0.0
Z;15;1 0.0
Z;15;2 0.0
Z;15;3 6.306367727459145e-05
Z;15;4 0.0011431491704227681
Z;15;5 0.0
Z;16;0 0.0
Z;16;1 0.0
Z;16;2 0.0
Z;16;3 0.0
Z;16;4 0.0009710863859723184
Z;16;5 0.0
Z;17;0 0.0
Z;17;1 0.00026090982331429107
Z;17;2 0.0
Z;17;3 0.0
Z;17;4 0.0005377784490423638
Z;17;5 0.0
Z;18;0 0.0
Z;18;1 0.00029315111077277367
Z;18;2 0.0
Z;18;3 0.0
Z;18;4 0.0008197671844057247
Z;18;5 0.0
Z;19;0 0.0
Z;19;1 0.000857361877817076
Z;19;2 0.0
Z;19;3 5.405458052107838e-05
Z;19;4 0.001194040744192063
Z;19;5 0.0
W;0;0 0.0
W;0;1 0.0005218196466285821
W;0;2 0.0
W;0;3 0.0
W;0;4 0.0004397266661591605
W;0;5 0.0
W;1;0 0.0
W;1;1 0.00034537584620204293
W;1;2 0.0001086999331820291
W;1;3 0.0
W;1;4 0.0
W;1;5 0.0
W;2;0 0.0
W;2;1 0.0
W;2;2 0.0
W;2;3 0.00018116655530338183
W;2;4 0.00026090982331429107
W;2;5 0.0
W;3;0 0.0
W;3;1 0.0002487441571299971
W;3;2 4.504548376756532e-05
W;3;3 0.0
W;3;4 0.0004605011282693906
W;3;5 0.0
W;4;0 0.0017789201836290714
W;4;1 0.0007827294699428732
W;4;2 0.0
W;4;3 0.0
W;4;4 0.0
W;4;5 0.0017789201836290714
W;5;0 0.0
W;5;1 0.0003934637355056972
W;5;2 4.504548376756532e-05
W;5;3 0.0
W;5;4 0.0010663890589050029
W;5;5 0.0
W;6;0 0.000724198205853008
W;6;1 0.0003585189660282425
W;6;2 3.6036387014052253e-05
W;6;3 0.0001268165887123673
W;6;4 0.0004530128721574847
W;6;5 0.0
W;7;0 0.0
W;7;1 0.002135930650142098
W;7;2 0.0
W;7;3 0.0
W;7;4 0.0
W;7;5 0.0
W;8;0 0.0
W;8;1 0.001194040744192063
W;8;2 0.0005687944267832898
W;8;3 0.00041960081963000916
W;8;4 0.00010490020490750229
W;8;5 0.0
W;9;0 0.0
W;9;1 0.0010543140724498616
W;9;2 0.0
W;9;3 0.0
W;9;4 0.0005218196466285821
W;9;5 0.0
W;10;0 0.0
W;10;1 0.0
W;10;2 5.464970470498496e-05
W;10;3 0.00022487059165734896
W;10;4 0.0022718778061100527
W;10;5 0.0011803912065170914
W;11;0 0.0
W;11;1 0.0006825228553741234
W;11;2 0.0
W;11;3 6.306367727459145e-05
W;11;4 0.0
W;11;5 0.0
W;12;0 0.0
W;12;1 0.0
W;12;2 0.0
W;12;3 9.009096753513064e-05
W;12;4 0.0005465114562704832
W;12;5 0.0
W;13;0 0.0
W;13;1 0.0005715745852113841
W;13;2 0.0
W;13;3 0.0
W;13;4 0.0
W;13;5 0.0
W;14;0 0.0
W;14;1 0.0006293135709985739
W;14;2 0.0
W;14;3 5.405458052107838e-05
W;14;4 0.0
W;14;5 0.0
W;15;0 0.0
W;15;1 0.0007102606277597423
W;15;2 8.108187078161757e-05
W;15;3 0.0
W;15;4 0.0
W;15;5 0.0
W;16;0 0.0
W;16;1 0.0007462324713899914
W;16;2 1.8018193507026127e-05
W;16;3 0.0
W;16;4 0.0009342910244839602
W;16;5 0.0
W;17;0 0.0
W;17;1 0.0002732557281352416
W;17;2 0.0
W;17;3 0.0
W;17;4 0.0009736619169043084
W;17;5 0.0
W;18;0 0.0
W;18;1 0.00016963782384990398
W;18;2 0.0
W;18;3 0.0
W;18;4 0.00026090982331429107
W;18;5 0.0
W;19;0 0.0
W;19;1 0.0010543140724498616
W;19;2 6.306367727459145e-05
W;19;3 0.0
W;19;4 0.00040356675334144137
W;19;5 0.0
