X;0;0 0.0
X;0;1 0.0
X;0;2 0.0
X;0;3 0.0
X;0;4 0.00025854292126513173
X;0;5 0.0
X;1;0 0.0
X;1;1 0.0006456914797815839
X;1;2 4.914052774643489e-05
X;1;3 0.0
X;1;4 0.0002908333797013644
X;1;5 0.002151752458565906
X;2;0 0.0
X;2;1 0.0007790945452809757
X;2;2 3.685539580982617e-05
X;2;3 3.685539580982617e-05
X;2;4 0.0007115722454026119
X;2;5 0.0
X;3;0 0.0
X;3;1 0.0005133165629978673
X;3;2 3.685539580982617e-05
X;3;3 6.142565968304361e-05
X;3;4 0.0
X;3;5 0.0
X;4;0 0.0
X;4;1 0.0
X;4;2 0.0
X;4;3 0.0
X;4;4 0.0002908333797013644
X;4;5 0.0
X;5;0 0.0
X;5;1 0.0004980169669672219
X;5;2 0.0
X;5;3 4.914052774643489e-05
X;5;4 0.0004607558046683686
X;5;5 0.0
X;6;0 0.0
X;6;1 0.0012779717718207591
X;6;2 0.0
X;6;3 0.0
X;6;4 0.00014304573396477582
X;6;5 0.0
X;7;0 0.0
X;7;1 0.0
X;7;2 0.0001490446491954135
X;7;3 0.0
X;7;4 0.00012927146063256587
X;7;5 0.0
X;8;0 0.0
X;8;1 0.0
X;8;2 0.0002667688530673232
X;8;3 0.0009252972209994762
X;8;4 0.0
X;8;5 0.0
X;9;0 0.0
X;9;1 0.00044257359859286736
X;9;2 4.914052774643489e-05
X;9;3 0.0
X;9;4 0.00042467773840180003
X;9;5 0.0
X;10;0 0.0
X;10;1 0.0
X;10;2 2.4570263873217446e-05
X;10;3 0.0
X;10;4 0.0
X;10;5 0.0
X;11;0 0.0
X;11;1 0.0
X;11;2 0.0
X;11;3 3.685539580982617e-05
X;11;4 0.0004395894894606211
X;11;5 0.0011105129905270934
X;12;0 0.0
X;12;1 0.0
X;12;2 3.685539580982617e-05
X;12;3 0.0
X;12;4 0.0006436161521576323
X;12;5 0.0
X;13;0 0.0
X;13;1 0.0
X;13;2 0.0
X;13;3 0.0
X;13;4 0.0003139780420018572
X;13;5 0.0
X;14;0 0.0
X;14;1 0.0
X;14;2 1.2285131936608723e-05
X;14;3 0.0
X;14;4 0.0007452428949142951
X;14;5 0.0
X;15;0 0.0
X;15;1 0.0006844220839971563
X;15;2 4.940906053728595e-05
X;15;3 6.142565968304361e-05
X;15;4 0.0
X;15;5 0.0
X;16;0 0.0
X;16;1 0.0003391965779045415
X;16;2 8.599592355626106e-05
X;16;3 0.0
X;16;4 0.0
X;16;5 0.0
X;17;0 0.0
X;17;1 0.0008725001391040932
X;17;2 0.0
X;17;3 0.0
X;17;4 0.0004607558046683686
X;17;5 0.0
X;18;0 0.0
X;18;1 0.0
X;18;2 0.0
X;18;3 0.0
X;18;4 0.0005193963635206505
X;18;5 0.0
X;19;0 0.0
X;19;1 0.0013757957500276409
X;19;2 0.0
X;19;3 2.4570263873217446e-05
X;19;4 0.0
X;19;5 0.0
Y;0;0 0.0
Y;0;1 0.0
Y;0;2 0.0
Y;0;3 0.0
Y;0;4 0.0
Y;0;5 0.0
Y;1;0 0.0
Y;1;1 0.00027515915000552815
Y;1;2 0.0
Y;1;3 0.0
Y;1;4 0.0005133165629978673
Y;1;5 0.0
Y;2;0 0.0
Y;2;1 0.0006844220839971563
Y;2;2 0.0
Y;2;3 2.4570263873217446e-05
Y;2;4 0.00044257359859286736
Y;2;5 0.0
Y;3;0 0.0
Y;3;1 0.0003469864578748036
Y;3;2 0.0
Y;3;3 1.2285131936608723e-05
Y;3;4 0.0
Y;3;5 0.0
Y;4;0 0.0
Y;4;1 0.0005503183000110563
Y;4;2 9.828105549286978e-05
Y;4;3 0.0
Y;4;4 0.0
Y;4;5 0.0
Y;5;0 0.0
Y;5;1 0.0005968935317281648
Y;5;2 0.0
Y;5;3 6.142565968304361e-05
Y;5;4 0.00035578612270130596
Y;5;5 0.0
Y;6;0 0.0
Y;6;1 0.0008493554768036001
Y;6;2 0.0
Y;6;3 0.00014987428439016887
Y;6;4 0.0003067268364908415
Y;6;5 0.0
Y;7;0 0.0
Y;7;1 0.0027921389538032317
Y;7;2 6.142565968304361e-05
Y;7;3 0.0
Y;7;4 0.0
Y;7;5 0.0
Y;8;0 0.0
Y;8;1 0.0
Y;8;2 0.0
Y;8;3 8.599592355626106e-05
Y;8;4 0.0008141186892218611
Y;8;5 0.0
Y;9;0 0.0
Y;9;1 0.0005110695264939749
Y;9;2 0.0
Y;9;3 3.685539580982617e-05
Y;9;4 0.0
Y;9;5 0.0
Y;10;0 0.0
Y;10;1 0.0
Y;10;2 0.0
Y;10;3 0.0002497904739836148
Y;10;4 0.0
Y;10;5 0.0
Y;11;0 0.0
Y;11;1 0.0
Y;11;2 0.0
Y;11;3 0.0
Y;11;4 0.0
Y;11;5 0.0
Y;12;0 0.0
Y;12;1 0.0013242087081440702
Y;12;2 2.4570263873217446e-05
Y;12;3 0.0
Y;12;4 0.0
Y;12;5 0.0
Y;13;0 0.0
Y;13;1 0.0
Y;13;2 0.0
Y;13;3 0.0
Y;13;4 0.0
Y;13;5 0.0
Y;14;0 0.0
Y;14;1 0.0
Y;14;2 2.4570263873217446e-05
Y;14;3 8.599592355626106e-05
Y;14;4 0.00037079918337780567
Y;14;5 0.0
Y;15;0 0.0
Y;15;1 0.0006844220839971563
Y;15;2 2.4570263873217446e-05
Y;15;3 0.00018630581149426688
Y;15;4 0.0
Y;15;5 0.0
Y;16;0 0.0
Y;16;1 0.0
Y;16;2 0.0
Y;16;3 2.4570263873217446e-05
Y;16;4 0.0012856842176035234
Y;16;5 0.0
Y;17;0 0.0
Y;17;1 0.0
Y;17;2 0.0
Y;17;3 0.0
Y;17;4 0.0006881800665917891
Y;17;5 0.0
Y;18;0 0.0
Y;18;1 0.0009201805094725245
Y;18;2 0.0
Y;18;3 1.2285131936608723e-05
Y;18;4 0.0
Y;18;5 0.0
Y;19;0 0.0
Y;19;1 0.0018351468442447708
Y;19;2 0.0
Y;19;3 1.2285131936608723e-05
Y;19;4 0.0
Y;19;5 0.0
Z;0;0 0.0
Z;0;1 0.000678393155809083
Z;0;2 0.0
Z;0;3 0.0
Z;0;4 0.00037079918337780567
Z;0;5 0.0
Z;1;0 0.0
Z;1;1 0.0
Z;1;2 4.914052774643489e-05
Z;1;3 0.0
Z;1;4 0.0006456914797815839
Z;1;5 0.0
Z;2;0 0.0
Z;2;1 0.0
Z;2;2 3.685539580982617e-05
Z;2;3 0.0
Z;2;4 0.00042467773840180003
Z;2;5 0.0
Z;3;0 0.0
Z;3;1 0.0008581548695435098
Z;3;2 0.0
Z;3;3 0.0
Z;3;4 0.0
Z;3;5 0.0
Z;4;0 0.0
Z;4;1 0.0
Z;4;2 0.0
Z;4;3 0.0
Z;4;4 0.000678393155809083
Z;4;5 0.0
Z;5;0 0.0
Z;5;1 0.0022547675531091986
Z;5;2 3.685539580982617e-05
Z;5;3 0.0
Z;5;4 0.00025969818176032526
Z;5;5 0.0
Z;6;0 0.0
Z;6;1 0.0018614259692021544
Z;6;2 0.00011178348689656012
Z;6;3 0.0
Z;6;4 0.0006436161521576323
Z;6;5 0.0
Z;7;0 0.0
Z;7;1 0.001806658806522472
Z;7;2 0.0
Z;7;3 0.0
Z;7;4 0.002221025981054187
Z;7;5 0.0
Z;8;0 0.0
Z;8;1 0.0
Z;8;2 0.0
Z;8;3 6.142565968304361e-05
Z;8;4 0.0016987109536072001
Z;8;5 0.0
Z;9;0 0.0
Z;9;1 0.0004980169669672219
Z;9;2 8.599592355626106e-05
Z;9;3 0.0
Z;9;4 0.0
Z;9;5 0.0
Z;10;0 0.0028820897864665156
Z;10;1 0.001558839777849229
Z;10;2 0.00010221390529879497
Z;10;3 4.995809479672296e-05
Z;10;4 0.0
Z;10;5 0.0
Z;11;0 0.0
Z;11;1 0.0
Z;11;2 0.0
Z;11;3 0.00011178348689656012
Z;11;4 0.0
Z;11;5 0.0
Z;12;0 0.0
Z;12;1 0.0
Z;12;2 0.0
Z;12;3 0.0
Z;12;4 0.0
Z;12;5 0.0
Z;13;0 0.0
Z;13;1 0.0005193963635206505
Z;13;2 0.0
Z;13;3 0.0
Z;13;4 0.0
Z;13;5 0.0
Z;14;0 0.0
Z;14;1 0.0003067268364908415
Z;14;2 0.0
Z;14;3 0.0
Z;14;4 0.0006456914797815839
Z;14;5 0.0
Z;15;0 0.0
Z;15;1 0.00040705934461093054
Z;15;2 0.0
Z;15;3 2.4570263873217446e-05
Z;15;4 0.0011691298333869218
Z;15;5 0.0
Z;16;0 0.0
Z;16;1 0.0
Z;16;2 0.0
Z;16;3 0.0
Z;16;4 0.0
Z;16;5 0.0
Z;17;0 0.0
Z;17;1 0.0
Z;17;2 0.0
Z;17;3 0.0
Z;17;4 0.0007333342486941323
Z;17;5 0.0
Z;18;0 0.0
Z;18;1 0.00039975151469014587
Z;18;2 0.0
Z;18;3 0.0
Z;18;4 0.00037262144745714757
Z;18;5 0.0
Z;19;0 0.0
Z;19;1 0.0
Z;19;2 0.0
Z;19;3 7.371079161965234e-05
Z;19;4 0.0016282373784437222
Z;19;5 0.0
W;0;0 0.0
W;0;1 0.0
W;0;2 0.0
W;0;3 0.0
W;0;4 0.0005996272720352188
W;0;5 0.0
W;1;0 0.0
W;1;1 0.0006279560840037144
W;1;2 0.0001235226513432149
W;1;3 0.0
W;1;4 0.0004607558046683686
W;1;5 0.0
W;2;0 0.0
W;2;1 0.0
W;2;2 0.0
W;2;3 0.00014822718161185787
W;2;4 0.0
W;2;5 0.0
W;3;0 0.0
W;3;1 0.0
W;3;2 2.4570263873217446e-05
W;3;3 0.0
W;3;4 0.0006279560840037144
W;3;5 0.0
W;4;0 0.0
W;4;1 0.00035578612270130596
W;4;2 0.0
W;4;3 0.0
W;4;4 0.0
W;4;5 0.0
W;5;0 0.0
W;5;1 0.0
W;5;2 3.685539580982617e-05
W;5;3 0.0
W;5;4 0.0
W;5;5 0.0
W;6;0 0.0
W;6;1 0.0007333342486941323
W;6;2 3.685539580982617e-05
W;6;3 9.88181210745719e-05
W;6;4 0.0006177448256692973
W;6;5 0.0
W;7;0 0.0
W;7;1 0.001456316352369612
W;7;2 0.0
W;7;3 0.0
W;7;4 0.0
W;7;5 0.0
W;8;0 0.0
W;8;1 0.0
W;8;2 0.00038781438189769754
W;8;3 0.0011443658717182066
W;8;4 0.0
W;8;5 0.0
W;9;0 0.0
W;9;1 0.0
W;9;2 0.0
W;9;3 0.0
W;9;4 0.0007115722454026119
W;9;5 0.0
W;10;0 0.0
W;10;1 0.0
W;10;2 3.7261162298853374e-05
W;10;3 0.00010221390529879497
W;10;4 0.0017702943943714695
W;10;5 0.002682707287538844
W;11;0 0.0
W;11;1 0.0
W;11;2 0.0
W;11;3 3.685539580982617e-05
W;11;4 0.0
W;11;5 0.0
W;12;0 0.0
W;12;1 0.0005561987750667084
W;12;2 0.0
W;12;3 3.685539580982617e-05
W;12;4 0.0
W;12;5 0.0
W;13;0 0.0
W;13;1 0.00038970994446230726
W;13;2 0.0
W;13;3 0.0
W;13;4 0.00044257359859286736
W;13;5 0.0
W;14;0 0.0
W;14;1 0.0004290774347717549
W;14;2 0.0
W;14;3 2.4570263873217446e-05
W;14;4 0.0
W;14;5 0.0
W;15;0 0.0
W;15;1 0.0012913829595631678
W;15;2 6.142565968304361e-05
W;15;3 0.0
W;15;4 0.0
W;15;5 0.0
W;16;0 0.0
W;16;1 0.0003391965779045415
W;16;2 8.599592355626106e-05
W;16;3 0.0
W;16;4 0.0
W;16;5 0.0
W;17;0 0.0
W;17;1 0.0007452428949142951
W;17;2 0.0
W;17;3 0.0
W;17;4 0.00044257359859286736
W;17;5 0.0
W;18;0 0.0
W;18;1 0.00023132430524986904
W;18;2 0.0
W;18;3 0.0
W;18;4 0.00035578612270130596
W;18;5 0.0
W;19;0 0.0
W;19;1 0.0
W;19;2 1.2285131936608723e-05
W;19;3 0.0
W;19;4 0.0011006366000221126
W;19;5 0.0
