X;0;0 0.0018282971815761209
X;0;1 0.00022851194119392917
X;0;2 0.0
X;0;3 0.0
X;0;4 0.0003047113000624767
X;0;5 0.0
X;1;0 0.0
X;1;1 0.0002536645099141937
X;1;2 1.9305207328956563e-05
X;1;3 0.0
X;1;4 0.0006855358235817875
X;1;5 0.0
X;2;0 0.0
X;2;1 0.0004080971427662254
X;2;2 4.826301832239141e-05
X;2;3 3.861041465791313e-05
X;2;4 0.0002795462392653118
X;2;5 0.0031428763766312047
X;3;0 0.0
X;3;1 0.0002688801044274543
X;3;2 8.687343298030453e-05
X;3;3 9.652603664478282e-06
X;3;4 0.00036047527297665145
X;3;5 0.0
X;4;0 0.0019059859110311479
X;4;1 0.00045702388238785834
X;4;2 0.0
X;4;3 0.0
X;4;4 0.0009140477647757167
X;4;5 0.0
X;5;0 0.0
X;5;1 0.0023477942728454748
X;5;2 0.0
X;5;3 1.9305207328956563e-05
X;5;4 0.00036202241795371817
X;5;5 0.002309544057230306
X;6;0 0.0
X;6;1 0.00251030169464792
X;6;2 0.0
X;6;3 0.0
X;6;4 0.00022478615337321917
X;6;5 0.0
X;7;0 0.0
X;7;1 0.0
X;7;2 2.9276627520527652e-05
X;7;3 0.0
X;7;4 0.0005078521667707944
X;7;5 0.0
X;8;0 0.0
X;8;1 0.0005407129094649771
X;8;2 0.00027947213178481473
X;8;3 0.0004543870281693856
X;8;4 0.0004080971427662254
X;8;5 0.0
X;9;0 0.0
X;9;1 0.0
X;9;2 5.7915621986869693e-05
X;9;3 0.0
X;9;4 0.0003336753658871286
X;9;5 0.0
X;10;0 0.0
X;10;1 0.0005330231938499938
X;10;2 7.722082931582625e-05
X;10;3 0.0
X;10;4 0.00013444005221372715
X;10;5 0.0
X;11;0 0.0
X;11;1 0.0
X;11;2 0.0
X;11;3 4.826301832239141e-05
X;11;4 0.0003453917417190595
X;11;5 0.001745091842256861
X;12;0 0.0
X;12;1 0.0005855479888612319
X;12;2 1.9305207328956563e-05
X;12;3 0.0
X;12;4 0.0008428306754445185
X;12;5 0.0
X;13;0 0.0
X;13;1 0.00036202241795371817
X;13;2 0.0
X;13;3 0.0
X;13;4 0.00012334851650072962
X;13;5 0.0
X;14;0 0.0
X;14;1 0.00029277399443061595
X;14;2 4.826301832239141e-05
X;14;3 0.0
X;14;4 0.0
X;14;5 0.0
X;15;0 0.0
X;15;1 0.0005377602088549086
X;15;2 0.00011646421412360261
X;15;3 2.8957810993434847e-05
X;15;4 0.0003062006706489557
X;15;5 0.0
X;16;0 0.0
X;16;1 0.0
X;16;2 3.861041465791313e-05
X;16;3 0.0
X;16;4 0.0
X;16;5 0.0
X;17;0 0.0
X;17;1 0.00022851194119392917
X;17;2 0.0
X;17;3 0.0
X;17;4 0.0007240448359074363
X;17;5 0.0
X;18;0 0.002447178592790358
X;18;1 0.0
X;18;2 0.0
X;18;3 0.0
X;18;4 0.0008161942855324508
X;18;5 0.0
X;19;0 0.0
X;19;1 0.0008647859000173743
X;19;2 0.0
X;19;3 4.826301832239141e-05
X;19;4 0.0002536645099141937
X;19;5 0.0
Y;0;0 0.0
Y;0;1 0.0012049982862140202
Y;0;2 0.0
Y;0;3 0.0
Y;0;4 0.0006124013412979114
Y;0;5 0.0
Y;1;0 0.0
Y;1;1 0.00043239295000868714
Y;1;2 0.0
Y;1;3 0.0
Y;1;4 0.00013444005221372715
Y;1;5 0.0
Y;2;0 0.0
Y;2;1 0.0002688801044274543
Y;2;2 0.0
Y;2;3 4.826301832239141e-05
Y;2;4 0.0013909455955775831
Y;2;5 0.0
Y;3;0 0.0
Y;3;1 0.00018175481126775426
Y;3;2 0.0
Y;3;3 9.652603664478282e-06
Y;3;4 0.00022851194119392917
Y;3;5 0.0
Y;4;0 0.002309544057230306
Y;4;1 0.00043239295000868714
Y;4;2 2.8957810993434847e-05
Y;4;3 0.0
Y;4;4 0.0006954727977887916
Y;4;5 0.0
Y;5;0 0.0
Y;5;1 0.0014069633247878169
Y;5;2 0.0
Y;5;3 1.9305207328956563e-05
Y;5;4 0.0002795462392653118
Y;5;5 0.0018282971815761209
Y;6;0 0.0
Y;6;1 0.001668376829435643
Y;6;2 0.0
Y;6;3 3.925278876885375e-05
Y;6;4 0.0004819993144856081
Y;6;5 0.0
Y;7;0 0.0
Y;7;1 0.0
Y;7;2 1.9305207328956563e-05
Y;7;3 0.0
Y;7;4 0.0022884971251522475
Y;7;5 0.00208515617483664
Y;8;0 0.0
Y;8;1 0.0
Y;8;2 0.0
Y;8;3 4.826301832239141e-05
Y;8;4 0.0006396646843886051
Y;8;5 0.0
Y;9;0 0.0
Y;9;1 0.0
Y;9;2 0.0
Y;9;3 2.8957810993434847e-05
Y;9;4 0.0004853709344544479
Y;9;5 0.0
Y;10;0 0.0
Y;10;1 0.0007400910990043777
Y;10;2 0.0
Y;10;3 7.85055775377075e-05
Y;10;4 0.0
Y;10;5 0.0
Y;11;0 0.0
Y;11;1 0.0
Y;11;2 0.0
Y;11;3 0.0
Y;11;4 0.0
Y;11;5 0.0
Y;12;0 0.0
Y;12;1 0.0
Y;12;2 7.722082931582625e-05
Y;12;3 0.0
Y;12;4 0.0008984276504795486
Y;12;5 0.0
Y;13;0 0.0
Y;13;1 0.0003371792300598288
Y;13;2 0.0
Y;13;3 0.0
Y;13;4 0.0
Y;13;5 0.0
Y;14;0 0.0
Y;14;1 0.0
Y;14;2 6.756822565134798e-05
Y;14;3 4.826301832239141e-05
Y;14;4 0.000291342215511133
Y;14;5 0.0
Y;15;0 0.0
Y;15;1 0.00040332015664118145
Y;15;2 6.756822565134798e-05
Y;15;3 8.782988256158295e-05
Y;15;4 0.00031983234219430255
Y;15;5 0.0
Y;16;0 0.0
Y;16;1 0.0
Y;16;2 0.0
Y;16;3 9.652603664478282e-05
Y;16;4 0.0
Y;16;5 0.0
Y;17;0 0.0
Y;17;1 0.0002665115969249969
Y;17;2 0.0
Y;17;3 0.0
Y;17;4 0.00036047527297665145
Y;17;5 0.0
Y;18;0 0.0
Y;18;1 0.0009639986289712162
Y;18;2 0.0
Y;18;3 1.9305207328956563e-05
Y;18;4 0.0
Y;18;5 0.00208515617483664
Y;19;0 0.0015173090616937856
Y;19;1 0.0005407129094649771
Y;19;2 0.0
Y;19;3 3.861041465791313e-05
Y;19;4 0.00022851194119392917
Y;19;5 0.0
Z;0;0 0.00208515617483664
Z;0;1 0.0
Z;0;2 0.0
Z;0;3 0.0
Z;0;4 0.0007283555387778325
Z;0;5 0.0025742089996338216
Z;1;0 0.002809201010744076
Z;1;1 0.0
Z;1;2 3.861041465791313e-05
Z;1;3 0.0
Z;1;4 0.0005073290198283874
Z;1;5 0.0
Z;2;0 0.0
Z;2;1 0.0002665115969249969
Z;2;2 5.7915621986869693e-05
Z;2;3 0.0
Z;2;4 0.0003336753658871286
Z;2;5 0.0
Z;3;0 0.0
Z;3;1 0.0005056984052667111
Z;3;2 0.0
Z;3;3 0.0
Z;3;4 0.0002536645099141937
Z;3;5 0.0
Z;4;0 0.0
Z;4;1 0.0009594970265829077
Z;4;2 0.0
Z;4;3 0.0
Z;4;4 0.0007995347907749907
Z;4;5 0.002447178592790358
Z;5;0 0.0
Z;5;1 0.001771603077442942
Z;5;2 6.756822565134798e-05
Z;5;3 0.0
Z;5;4 0.0004080971427662254
Z;5;5 0.0
Z;6;0 0.0
Z;6;1 0.0
Z;6;2 5.8553255041055305e-05
Z;6;3 0.0
Z;6;4 0.001179962945622326
Z;6;5 0.0019618076583359104
Z;7;0 0.0
Z;7;1 0.005678070534784911
Z;7;2 0.0
Z;7;3 0.0
Z;7;4 0.0
Z;7;5 0.0
Z;8;0 0.0
Z;8;1 0.0003062006706489557
Z;8;2 0.0
Z;8;3 4.826301832239141e-05
Z;8;4 0.0006673507317742572
Z;8;5 0.0
Z;9;0 0.0
Z;9;1 0.0003912990454742458
Z;9;2 9.652603664478282e-05
Z;9;3 0.0
Z;9;4 0.0
Z;9;5 0.0
Z;10;0 0.0036231985887007624
Z;10;1 0.0009186020119468672
Z;10;2 0.00016062185118382067
Z;10;3 3.925278876885375e-05
Z;10;4 0.0
Z;10;5 0.0
Z;11;0 0.0
Z;11;1 0.0
Z;11;2 0.0
Z;11;3 0.0003513195302463318
Z;11;4 0.0
Z;11;5 0.0
Z;12;0 0.0
Z;12;1 0.0
Z;12;2 0.0
Z;12;3 0.0
Z;12;4 0.0
Z;12;5 0.0
Z;13;0 0.0
Z;13;1 0.0
Z;13;2 0.0
Z;13;3 0.0
Z;13;4 0.00037004554950218887
Z;13;5 0.0
Z;14;0 0.0
Z;14;1 0.0004819993144856081
Z;14;2 0.0
Z;14;3 0.0
Z;14;4 0.0002536645099141937
Z;14;5 0.0
Z;15;0 0.0
Z;15;1 0.0
Z;15;2 0.0
Z;15;3 2.8957810993434847e-05
Z;15;4 0.0
Z;15;5 0.0
Z;16;0 0.0
Z;16;1 0.0042540013767503985
Z;16;2 0.0
Z;16;3 0.0
Z;16;4 0.0
Z;16;5 0.0
Z;17;0 0.0
Z;17;1 0.0002795462392653118
Z;17;2 0.0
Z;17;3 0.0
Z;17;4 0.0013444461226059094
Z;17;5 0.0
Z;18;0 0.0019910842858564376
Z;18;1 0.00015704523791398587
Z;18;2 0.0
Z;18;3 0.0
Z;18;4 0.0005855479888612319
Z;18;5 0.0
Z;19;0 0.0
Z;19;1 0.0
Z;19;2 0.0
Z;19;3 8.687343298030453e-05
Z;19;4 0.0
Z;19;5 0.0
W;0;0 0.0
W;0;1 0.0008386387177959355
W;0;2 0.0
W;0;3 0.0
W;0;4 0.00015704523791398587
W;0;5 0.0
W;1;0 0.0
W;1;1 0.00012334851650072962
W;1;2 0.00015528561883147013
W;1;3 0.0
W;1;4 0.00036202241795371817
W;1;5 0.0
W;2;0 0.0
W;2;1 0.0011442485625761238
W;2;2 0.0
W;2;3 0.00017469632118540388
W;2;4 0.0002795462392653118
W;2;5 0.0
W;3;0 0.0
W;3;1 0.0002665115969249969
W;3;2 3.861041465791313e-05
W;3;3 0.0
W;3;4 0.00037004554950218887
W;3;5 0.0
W;4;0 0.0
W;4;1 0.0011181849570612472
W;4;2 0.0
W;4;3 0.0
W;4;4 0.00045702388238785834
W;4;5 0.0019059859110311479
W;5;0 0.0
W;5;1 0.0008431365760836367
W;5;2 2.8957810993434847e-05
W;5;3 0.0
W;5;4 0.0006855358235817875
W;5;5 0.0
W;6;0 0.0015518532982564455
W;6;1 0.0013444461226059094
W;6;2 2.8957810993434847e-05
W;6;3 3.882140470786753e-05
W;6;4 0.0
W;6;5 0.0
W;7;0 0.0
W;7;1 0.0
W;7;2 0.0
W;7;3 0.0
W;7;4 0.0
W;7;5 0.0
W;8;0 0.005484891544728363
W;8;1 0.0006396646843886051
W;8;2 0.00020314086670831778
W;8;3 0.00044957230674643833
W;8;4 0.0003371792300598288
W;8;5 0.0
W;9;0 0.0
W;9;1 0.0
W;9;2 0.0
W;9;3 0.0
W;9;4 0.0002795462392653118
W;9;5 0.0
W;10;0 0.0
W;10;1 0.0
W;10;2 2.9276627520527652e-05
W;10;3 0.00016062185118382067
W;10;4 0.0010432091966831876
W;10;5 0.003372546304334547
W;11;0 0.0
W;11;1 0.0
W;11;2 0.0
W;11;3 1.9305207328956563e-05
W;11;4 0.0
W;11;5 0.0
W;12;0 0.0
W;12;1 0.0007283555387778325
W;12;2 0.0
W;12;3 1.9305207328956563e-05
W;12;4 0.0005855479888612319
W;12;5 0.0
W;13;0 0.0
W;13;1 0.0003062006706489557
W;13;2 0.0
W;13;3 0.0
W;13;4 0.0003477363988943958
W;13;5 0.0
W;14;0 0.0
W;14;1 0.0003371322701778074
W;14;2 0.0
W;14;3 3.861041465791313e-05
W;14;4 0.0003477363988943958
W;14;5 0.0
W;15;0 0.0
W;15;1 0.0
W;15;2 1.9305207328956563e-05
W;15;3 0.0
W;15;4 0.0
W;15;5 0.0
W;16;0 0.0
W;16;1 0.0
W;16;2 3.861041465791313e-05
W;16;3 0.0
W;16;4 0.0
W;16;5 0.0
W;17;0 0.0
W;17;1 0.0
W;17;2 0.0
W;17;3 0.0
W;17;4 0.0003477363988943958
W;17;5 0.0
W;18;0 0.0
W;18;1 0.0002726322169016314
W;18;2 0.0
W;18;3 0.0
W;18;4 0.0005590924785306236
W;18;5 0.0
W;19;0 0.0
W;19;1 0.0003765407401606648
W;19;2 7.722082931582625e-05
W;19;3 0.0
W;19;4 0.0
W;19;5 0.0
