X;0;0 0.0
X;0;1 0.00015995835883575042
X;0;2 0.0
X;0;3 0.0
X;0;4 0.0004265958200874673
X;0;5 0.0
X;1;0 0.0
X;1;1 0.0010653909416396133
X;1;2 6.756822565134798e-05
X;1;3 0.0
X;1;4 0.00031991671767150085
X;1;5 0.0
X;2;0 0.001026392334535682
X;2;1 0.0007141699998408945
X;2;2 6.756822565134798e-05
X;2;3 2.0270467695404392e-05
X;2;4 0.0001956823674857183
X;2;5 0.0
X;3;0 0.0
X;3;1 9.4108036549609e-05
X;3;2 4.0540935390808783e-05
X;3;3 7.432504821648277e-05
X;3;4 0.000252332691083656
X;3;5 0.0
X;4;0 0.0
X;4;1 0.0006398334353430017
X;4;2 0.0
X;4;3 0.0
X;4;4 0.0006398334353430017
X;4;5 0.0013937590000995066
X;5;0 0.0
X;5;1 0.0
X;5;2 0.0
X;5;3 0.00011486598360729157
X;5;4 0.00025341569256760277
X;5;5 0.0
X;6;0 0.0
X;6;1 0.0003514422372507088
X;6;2 0.0
X;6;3 0.0
X;6;4 0.0002360254610418801
X;6;5 0.0
X;7;0 0.0
X;7;1 0.0
X;7;2 0.00010246819632184678
X;7;3 0.0
X;7;4 7.109930334791122e-05
X;7;5 0.0
X;8;0 0.0
X;8;1 0.000252332691083656
X;8;2 0.0002445381153117129
X;8;3 0.00044529928760599796
X;8;4 0.0007141699998408945
X;8;5 0.0011834638522112485
X;9;0 0.0
X;9;1 0.0002434154792260771
X;9;2 2.0270467695404392e-05
X;9;3 0.0
X;9;4 0.0016350092928469305
X;9;5 0.0
X;10;0 0.0
X;10;1 0.0
X;10;2 1.3513645130269595e-05
X;10;3 0.0
X;10;4 0.001223404475144917
X;10;5 0.0
X;11;0 0.0
X;11;1 0.0
X;11;2 0.0
X;11;3 6.7568225651347975e-06
X;11;4 0.00024177421920334167
X;11;5 0.007329385737478817
X;12;0 0.0
X;12;1 0.001024708980507156
X;12;2 2.702729026053919e-05
X;12;3 0.0
X;12;4 0.000589981472811163
X;12;5 0.0
X;13;0 0.0
X;13;1 0.0015204941554056164
X;13;2 0.0
X;13;3 0.0
X;13;4 8.634396155051073e-05
X;13;5 0.0
X;14;0 0.0
X;14;1 0.0
X;14;2 6.0811403086213175e-05
X;14;3 0.0
X;14;4 0.00020494179610143118
X;14;5 0.0
X;15;0 0.0
X;15;1 9.4108036549609e-05
X;15;2 0.0001086999331820291
X;15;3 4.0540935390808783e-05
X;15;4 0.001071702347271345
X;15;5 0.0
X;16;0 0.0
X;16;1 0.0005596743535424935
X;16;2 6.0811403086213175e-05
X;16;3 0.0
X;16;4 0.0004671455122419801
X;16;5 0.0
X;17;0 0.0
X;17;1 0.00047987507650725127
X;17;2 0.0
X;17;3 0.0
X;17;4 0.0012670784628380138
X;17;5 0.0
X;18;0 0.0
X;18;1 0.0
X;18;2 0.0
X;18;3 0.0
X;18;4 0.0001428339999681789
X;18;5 0.0
X;19;0 0.0
X;19;1 0.0001513375325030405
X;19;2 0.0
X;19;3 4.0540935390808783e-05
X;19;4 0.0015980864124594202
X;19;5 0.001459609322385648
Y;0;0 0.0
Y;0;1 0.0006747990402798514
Y;0;2 0.0
Y;0;3 0.0
Y;0;4 0.000643021408362807
Y;0;5 0.0
Y;1;0 0.0
Y;1;1 0.000302675065006081
Y;1;2 0.0
Y;1;3 0.0
Y;1;4 0.000564648219297654
Y;1;5 0.0
Y;2;0 0.0009605420122495407
Y;2;1 0.000470540182748045
Y;2;2 0.0
Y;2;3 2.0270467695404392e-05
Y;2;4 0.0002434154792260771
Y;2;5 0.0
Y;3;0 0.0
Y;3;1 6.3614183943714e-05
Y;3;2 0.0
Y;3;3 5.405458052107838e-05
Y;3;4 0.0007997917941787522
Y;3;5 0.0
Y;4;0 0.0
Y;4;1 0.000908025195018243
Y;4;2 2.702729026053919e-05
Y;4;3 0.0
Y;4;4 0.0002434154792260771
Y;4;5 0.0013341901377218034
Y;5;0 0.0
Y;5;1 0.0
Y;5;2 0.0
Y;5;3 0.00010135233847702197
Y;5;4 0.0005870471024571549
Y;5;5 0.0
Y;6;0 0.0
Y;6;1 0.00023357275612099004
Y;6;2 0.0
Y;6;3 0.0004121542820729644
Y;6;4 0.00016869976006996285
Y;6;5 0.0
Y;7;0 0.0
Y;7;1 0.0
Y;7;2 5.405458052107838e-05
Y;7;3 0.0
Y;7;4 0.00040048699690164335
Y;7;5 0.0
Y;8;0 0.0
Y;8;1 0.0002434154792260771
Y;8;2 0.0
Y;8;3 3.378411282567399e-05
Y;8;4 0.001119413197680059
Y;8;5 0.0
Y;9;0 0.0
Y;9;1 0.00011243529582867448
Y;9;2 0.0
Y;9;3 7.432504821648277e-05
Y;9;4 0.0010192789623543405
Y;9;5 0.0
Y;10;0 0.0
Y;10;1 0.0
Y;10;2 0.0
Y;10;3 0.00032972342565837153
Y;10;4 0.0018358058449451467
Y;10;5 0.0
Y;11;0 0.0
Y;11;1 0.0
Y;11;2 0.0
Y;11;3 0.0
Y;11;4 0.0
Y;11;5 0.0
Y;12;0 0.0
Y;12;1 0.0007283147894792387
Y;12;2 8.108187078161757e-05
Y;12;3 0.0
Y;12;4 0.0006288993553356841
Y;12;5 0.0
Y;13;0 0.0
Y;13;1 0.0004720509220837602
Y;13;2 0.0
Y;13;3 0.0
Y;13;4 0.001024708980507156
Y;13;5 0.0015332237196708876
Y;14;0 0.0
Y;14;1 0.000214340469454269
Y;14;2 6.756822565134798e-05
Y;14;3 5.405458052107838e-05
Y;14;4 0.00010196977542889656
Y;14;5 0.0
Y;15;0 0.0
Y;15;1 0.000188216073099218
Y;15;2 4.7297757955943585e-05
Y;15;3 0.0001844427533793242
Y;15;4 0.0004477652790720236
Y;15;5 0.0
Y;16;0 0.0
Y;16;1 0.0
Y;16;2 0.0
Y;16;3 4.0540935390808783e-05
Y;16;4 0.0014142526393638758
Y;16;5 0.0
Y;17;0 0.0
Y;17;1 0.0003731162356949957
Y;17;2 0.0
Y;17;3 0.0
Y;17;4 0.0007569980732509679
Y;17;5 0.0
Y;18;0 0.0
Y;18;1 0.0
Y;18;2 0.0
Y;18;3 4.0540935390808783e-05
Y;18;4 0.000214340469454269
Y;18;5 0.0
Y;19;0 0.0
Y;19;1 0.000252332691083656
Y;19;2 0.0
Y;19;3 5.405458052107838e-05
Y;19;4 0.0007997917941787522
Y;19;5 0.0011000067318209217
Z;0;0 0.0
Z;0;1 0.0005596743535424935
Z;0;2 0.0
Z;0;3 0.0
Z;0;4 0.0008157582034311725
Z;0;5 0.0
Z;1;0 0.0
Z;1;1 0.0
Z;1;2 4.7297757955943585e-05
Z;1;3 0.0
Z;1;4 0.00035513031387987115
Z;1;5 0.0
Z;2;0 0.001459609322385648
Z;2;1 0.0007462324713899914
Z;2;2 3.378411282567399e-05
Z;2;3 0.0
Z;2;4 0.0009342910244839602
Z;2;5 0.0016166808400612143
Z;3;0 0.0
Z;3;1 0.0001179962945622326
Z;3;2 0.0
Z;3;3 0.0
Z;3;4 0.00035513031387987115
Z;3;5 0.0
Z;4;0 0.0013937590000995066
Z;4;1 0.0002238826395360118
Z;4;2 0.0
Z;4;3 0.0
Z;4;4 0.001119348707084987
Z;4;5 0.0
Z;5;0 0.0
Z;5;1 0.0
Z;5;2 1.3513645130269595e-05
Z;5;3 0.0
Z;5;4 0.00128550599971361
Z;5;5 0.0
Z;6;0 0.0
Z;6;1 0.0005118921415305925
Z;6;2 0.00010246819632184678
Z;6;3 0.0
Z;6;4 0.000589981472811163
Z;6;5 0.0
Z;7;0 0.0
Z;7;1 0.0
Z;7;2 0.0
Z;7;3 0.0
Z;7;4 0.0006107821447899013
Z;7;5 0.0
Z;8;0 0.0
Z;8;1 0.000214340469454269
Z;8;2 0.0
Z;8;3 4.7297757955943585e-05
Z;8;4 0.0007007182683629701
Z;8;5 0.0
Z;9;0 0.0
Z;9;1 0.0005478186636639442
Z;9;2 2.702729026053919e-05
Z;9;3 0.0
Z;9;4 0.00018655811784749784
Z;9;5 0.0
Z;10;0 0.001268119506045267
Z;10;1 0.000643021408362807
Z;10;2 0.0005059588312290351
Z;10;3 0.0001099078085527905
Z;10;4 0.0
Z;10;5 0.0
Z;11;0 0.0
Z;11;1 0.0
Z;11;2 0.0
Z;11;3 0.0
Z;11;4 0.0
Z;11;5 0.0
Z;12;0 0.0
Z;12;1 0.0
Z;12;2 0.0
Z;12;3 0.0
Z;12;4 0.0008210772926781595
Z;12;5 0.0
Z;13;0 0.001459609322385648
Z;13;1 0.0007141699998408945
Z;13;2 0.0
Z;13;3 0.0
Z;13;4 0.0005180637693030644
Z;13;5 0.0
Z;14;0 0.0
Z;14;1 0.0
Z;14;2 0.0
Z;14;3 0.0
Z;14;4 0.0007102606277597423
Z;14;5 0.0016166808400612143
Z;15;0 0.0
Z;15;1 0.0002238826395360118
Z;15;2 0.0
Z;15;3 3.378411282567399e-05
Z;15;4 0.000214340469454269
Z;15;5 0.0
Z;16;0 0.0
Z;16;1 0.0
Z;16;2 0.0
Z;16;3 0.0
Z;16;4 0.0
Z;16;5 0.0
Z;17;0 0.0
Z;17;1 0.0001956823674857183
Z;17;2 0.0
Z;17;3 0.0
Z;17;4 0.0008066676735635455
Z;17;5 0.0
Z;18;0 0.0
Z;18;1 0.0006595899992387407
Z;18;2 0.0
Z;18;3 0.0
Z;18;4 0.00020494179610143118
Z;18;5 0.0
Z;19;0 0.0
Z;19;1 0.000214340469454269
Z;19;2 0.0
Z;19;3 8.783869334675238e-05
Z;19;4 0.0004477652790720236
Z;19;5 0.0
W;0;0 0.0
W;0;1 0.0003913647349714366
W;0;2 0.0
W;0;3 0.0
W;0;4 0.0005496583326989506
W;0;5 0.0
W;1;0 0.0
W;1;1 8.634396155051073e-05
W;1;2 0.00013587491647753638
W;1;3 0.0
W;1;4 0.0007602470777028082
W;1;5 0.0
W;2;0 0.0
W;2;1 0.0
W;2;2 0.0
W;2;3 0.00014946240812529002
W;2;4 0.0007827294699428732
W;2;5 0.0
W;3;0 0.0
W;3;1 0.001119348707084987
W;3;2 2.702729026053919e-05
W;3;3 0.0
W;3;4 0.00034537584620204293
W;3;5 0.0
W;4;0 0.0013341901377218034
W;4;1 0.0007827294699428732
W;4;2 0.0
W;4;3 0.0
W;4;4 0.0006398334353430017
W;4;5 0.0
W;5;0 0.0
W;5;1 0.0
W;5;2 3.378411282567399e-05
W;5;3 0.0
W;5;4 0.00031991671767150085
W;5;5 0.0
W;6;0 0.0
W;6;1 0.0006722230613029547
W;6;2 5.405458052107838e-05
W;6;3 6.793745823876819e-05
W;6;4 0.0006795193082362271
W;6;5 0.0
W;7;0 0.0
W;7;1 0.00040048699690164335
W;7;2 0.0
W;7;3 0.0
W;7;4 0.0020668702570167657
W;7;5 0.0
W;8;0 0.0
W;8;1 0.0004477652790720236
W;8;2 0.00014219860669582244
W;8;3 0.0007867515368062671
W;8;4 0.00039337576840313356
W;8;5 0.0007502468643612825
W;9;0 0.0
W;9;1 0.0015814711086747923
W;9;2 0.0
W;9;3 0.0
W;9;4 0.0005870471024571549
W;9;5 0.0
W;10;0 0.0
W;10;1 0.0
W;10;2 8.197455705747743e-05
W;10;3 0.0005059588312290351
W;10;4 0.0007302464376782312
W;10;5 0.0011803912065170914
W;11;0 0.0
W;11;1 0.0005118921415305925
W;11;2 0.0
W;11;3 6.7568225651347975e-06
W;11;4 0.0
W;11;5 0.0
W;12;0 0.0
W;12;1 0.0005098488771444828
W;12;2 0.0
W;12;3 3.378411282567399e-05
W;12;4 0.001024708980507156
W;12;5 0.0
W;13;0 0.0
W;13;1 0.0
W;13;2 0.0
W;13;3 0.0
W;13;4 0.0002434154792260771
W;13;5 0.0
W;14;0 0.0
W;14;1 0.0001179962945622326
W;14;2 0.0
W;14;3 4.7297757955943585e-05
W;14;4 0.0009736619169043084
W;14;5 0.0
W;15;0 0.0
W;15;1 0.00017756515693993557
W;15;2 3.378411282567399e-05
W;15;3 0.0
W;15;4 0.00025341569256760277
W;15;5 0.0
W;16;0 0.0
W;16;1 0.0005596743535424935
W;16;2 6.0811403086213175e-05
W;16;3 0.0
W;16;4 0.0004671455122419801
W;16;5 0.0
W;17;0 0.0
W;17;1 0.0006148253883042935
W;17;2 0.0
W;17;3 0.0
W;17;4 0.0014604928753564623
W;17;5 0.0
W;18;0 0.0
W;18;1 0.00038168510366228393
W;18;2 0.0
W;18;3 0.0
W;18;4 0.0001956823674857183
W;18;5 0.0
W;19;0 0.0
W;19;1 0.0015814711086747923
W;19;2 5.405458052107838e-05
W;19;3 0.0
W;19;4 0.0001513375325030405
W;19;5 0.0
