X;0;0 0.0
X;0;1 0.00024608978282423144
X;0;2 0.0
X;0;3 0.0
X;0;4 0.0001640753154182567
X;0;5 0.0
X;1;0 0.0
X;1;1 0.00040976574678446676
X;1;2 5.717311401267906e-05
X;1;3 0.0
X;1;4 0.00024608978282423144
X;1;5 0.0
X;2;0 0.0
X;2;1 0.0005493615383391496
X;2;2 5.1975558193344604e-05
X;2;3 4.677800237401014e-05
X;2;4 0.0003010497961318743
X;2;5 0.0
X;3;0 0.0
X;3;1 7.239079734585308e-05
X;3;2 2.5987779096672302e-05
X;3;3 8.316089310935136e-05
X;3;4 0.00019410207006435078
X;3;5 0.0016340251433625385
X;4;0 0.0020526002118796977
X;4;1 0.00036913467423634717
X;4;2 0.0
X;4;3 0.0
X;4;4 0.00024608978282423144
X;4;5 0.0010721223077688512
X;5;0 0.0
X;5;1 0.0004213989720491878
X;5;2 0.0
X;5;3 5.717311401267906e-05
X;5;4 0.000974675740644626
X;5;5 0.0
X;6;0 0.0
X;6;1 0.001081360730002181
X;6;2 0.0
X;6;3 0.0
X;6;4 0.00036311609391058485
X;6;5 0.004351546582658079
X;7;0 0.0
X;7;1 0.0007635387086475074
X;7;2 6.305735158267495e-05
X;7;3 0.0
X;7;4 0.0006563012616730268
X;7;5 0.000651223876348707
X;8;0 0.0
X;8;1 0.0006793572452252277
X;8;2 0.0004890762306234258
X;8;3 0.00014680196294703229
X;8;4 0.00032961692300348974
X;8;5 0.0
X;9;0 0.0
X;9;1 0.0013106987342942611
X;9;2 2.5987779096672302e-05
X;9;3 0.0
X;9;4 0.0005390140525869001
X;9;5 0.0
X;10;0 0.0
X;10;1 0.0004305187334942258
X;10;2 2.5987779096672302e-05
X;10;3 0.0
X;10;4 0.0007962987708043839
X;10;5 0.0017837922506955678
X;11;0 0.0
X;11;1 0.0
X;11;2 0.0005445982825949197
X;11;3 3.118533491600676e-05
X;11;4 0.0003453917417190595
X;11;5 0.0004698324190691549
X;12;0 0.0
X;12;1 0.0007882376773131969
X;12;2 7.276578147068243e-05
X;12;3 0.0
X;12;4 0.00027229914129745983
X;12;5 0.0
X;13;0 0.0
X;13;1 0.0003898702962578504
X;13;2 0.0
X;13;3 0.0
X;13;4 0.0003320921598096567
X;13;5 0.0
X;14;0 0.0
X;14;1 0.0001576475354626394
X;14;2 5.19755581933446e-06
X;14;3 0.0
X;14;4 0.0006305901418505576
X;14;5 0.0
X;15;0 0.002953403139469119
X;15;1 0.0007239079734585309
X;15;2 9.406724986906365e-05
X;15;3 1.039511163866892e-05
X;15;4 0.0003297545683911831
X;15;5 0.0
X;16;0 0.0
X;16;1 0.0005740249779923011
X;16;2 5.717311401267906e-05
X;16;3 0.0
X;16;4 0.0
X;16;5 0.0
X;17;0 0.0
X;17;1 0.00012304489141211572
X;17;2 0.0
X;17;3 0.0
X;17;4 0.0005848054443867756
X;17;5 0.0
X;18;0 0.0
X;18;1 0.00020275270624035802
X;18;2 0.0
X;18;3 0.0
X;18;4 0.0009888507690104693
X;18;5 0.0
X;19;0 0.0033846360979105285
X;19;1 0.0010477213788672036
X;19;2 0.0
X;19;3 2.5987779096672302e-05
X;19;4 0.0
X;19;5 0.0
Y;0;0 0.0
Y;0;1 0.0002595380924153275
Y;0;2 0.0
Y;0;3 0.0
Y;0;4 0.0004946318525867747
Y;0;5 0.0
Y;1;0 0.0
Y;1;1 0.00023282697308160078
Y;1;2 0.0
Y;1;3 0.0
Y;1;4 0.00036195398672926544
Y;1;5 0.0
Y;2;0 0.0
Y;2;1 0.0004343447840751185
Y;2;2 0.0
Y;2;3 4.677800237401014e-05
Y;2;4 0.0003744853526555032
Y;2;5 0.0
Y;3;0 0.0
Y;3;1 0.00014680196294703229
Y;3;2 0.0
Y;3;3 7.276578147068243e-05
Y;3;4 0.00036913467423634717
Y;3;5 0.0
Y;4;0 0.0
Y;4;1 0.0003492404596224012
Y;4;2 1.559266745800338e-05
Y;4;3 0.0
Y;4;4 0.0005617280289832548
Y;4;5 0.0010263001059398489
Y;5;0 0.0
Y;5;1 0.0
Y;5;2 0.0
Y;5;3 4.677800237401014e-05
Y;5;4 0.000903149388395623
Y;5;5 0.0019689354263127457
Y;6;0 0.001317711549964039
Y;6;1 0.0008983567543115002
Y;6;2 0.0
Y;6;3 0.00016908893623506234
Y;6;4 0.0011679214158689735
Y;6;5 0.0
Y;7;0 0.0
Y;7;1 0.0003937631857927635
Y;7;2 5.717311401267906e-05
Y;7;3 0.0
Y;7;4 0.0
Y;7;5 0.0
Y;8;0 0.0
Y;8;1 0.0016851840869497644
Y;8;2 0.0
Y;8;3 2.5987779096672302e-05
Y;8;4 0.0003444348300554028
Y;8;5 0.0
Y;9;0 0.0
Y;9;1 4.3244344549490184e-05
Y;9;2 0.0
Y;9;3 2.5987779096672302e-05
Y;9;4 0.0020908286407268525
Y;9;5 0.0
Y;10;0 0.0
Y;10;1 0.0003320921598096567
Y;10;2 0.0
Y;10;3 0.00016908893623506234
Y;10;4 0.0016475180659764137
Y;10;5 0.0015790651300548956
Y;11;0 0.0
Y;11;1 0.0011204842915065211
Y;11;2 0.0
Y;11;3 0.0
Y;11;4 0.0004056346341535191
Y;11;5 0.0
Y;12;0 0.0
Y;12;1 0.0
Y;12;2 9.355600474802028e-05
Y;12;3 0.0
Y;12;4 0.0
Y;12;5 0.0
Y;13;0 0.0
Y;13;1 0.0002420773959403899
Y;13;2 0.0
Y;13;3 0.0
Y;13;4 0.0001576475354626394
Y;13;5 0.0
Y;14;0 0.0
Y;14;1 0.001483895557760324
Y;14;2 7.276578147068243e-05
Y;14;3 1.039511163866892e-05
Y;14;4 0.0
Y;14;5 0.0011794028612852983
Y;15;0 0.0029555138838447403
Y;15;1 0.0007239079734585309
Y;15;2 4.677800237401014e-05
Y;15;3 1.5764337895668738e-05
Y;15;4 0.0003444348300554028
Y;15;5 0.0
Y;16;0 0.0
Y;16;1 0.0
Y;16;2 0.0
Y;16;3 0.00011954378384469258
Y;16;4 0.0005439433228322599
Y;16;5 0.0
Y;17;0 0.0
Y;17;1 0.00028701248899615055
Y;17;2 0.0
Y;17;3 0.0
Y;17;4 9.705103503217539e-05
Y;17;5 0.0
Y;18;0 0.0
Y;18;1 0.0011679214158689735
Y;18;2 0.0
Y;18;3 5.19755581933446e-06
Y;18;4 0.00016487728419559155
Y;18;5 0.0
Y;19;0 0.004085062858406346
Y;19;1 0.0011646124203861046
Y;19;2 0.0
Y;19;3 1.559266745800338e-05
Y;19;4 0.0
Y;19;5 0.0008461590244776321
Z;0;0 0.0
Z;0;1 0.00014350624449807527
Z;0;2 0.0
Z;0;3 0.0
Z;0;4 0.0003921914439572945
Z;0;5 0.0
Z;1;0 0.0
Z;1;1 0.000519076184830655
Z;1;2 5.717311401267906e-05
Z;1;3 0.0
Z;1;4 0.0
Z;1;5 0.0
Z;2;0 0.0
Z;2;1 0.00028701248899615055
Z;2;2 9.875356056735474e-05
Z;2;3 0.0
Z;2;4 0.0
Z;2;5 0.0
Z;3;0 0.0
Z;3;1 0.0
Z;3;2 0.0
Z;3;3 0.0
Z;3;4 0.0001365885822614889
Z;3;5 0.0
Z;4;0 0.0010721223077688512
Z;4;1 0.0005166522450831041
Z;4;2 0.0
Z;4;3 0.0
Z;4;4 0.0004305187334942258
Z;4;5 0.0
Z;5;0 0.0
Z;5;1 0.0019078802372462453
Z;5;2 2.079022327733784e-05
Z;5;3 0.0
Z;5;4 0.0007691061536748095
Z;5;5 0.0
Z;6;0 0.0
Z;6;1 0.000787526371585527
Z;6;2 3.1528675791337475e-05
Z;6;3 0.0
Z;6;4 0.0007261310434598929
Z;6;5 0.0
Z;7;0 0.0
Z;7;1 0.0
Z;7;2 0.0
Z;7;3 0.0
Z;7;4 0.0
Z;7;5 0.0
Z;8;0 0.0
Z;8;1 0.0008243864209779578
Z;8;2 0.0
Z;8;3 2.5987779096672302e-05
Z;8;4 0.0003593427017246001
Z;8;5 0.0
Z;9;0 0.0
Z;9;1 0.0012641969161475634
Z;9;2 3.118533491600676e-05
Z;9;3 0.0
Z;9;4 0.0011480499559846022
Z;9;5 0.0
Z;10;0 0.003658037036669039
Z;10;1 0.0
Z;10;2 4.3244344549490184e-05
Z;10;3 0.00012681670217629676
Z;10;4 0.001731338917756806
Z;10;5 0.0011227764018351138
Z;11;0 0.0
Z;11;1 0.00443116144475496
Z;11;2 0.0
Z;11;3 0.0001261147031653499
Z;11;4 0.0
Z;11;5 0.0
Z;12;0 0.0
Z;12;1 0.0006315979174447381
Z;12;2 0.0
Z;12;3 0.0
Z;12;4 0.0
Z;12;5 0.0
Z;13;0 0.0
Z;13;1 0.00010987230766782993
Z;13;2 0.0
Z;13;3 0.0
Z;13;4 0.00026567372784772536
Z;13;5 0.0
Z;14;0 0.0
Z;14;1 0.0
Z;14;2 0.0
Z;14;3 0.0
Z;14;4 0.0002731771645229778
Z;14;5 0.0037308019386028024
Z;15;0 0.0
Z;15;1 0.0006888696601108056
Z;15;2 0.0
Z;15;3 1.039511163866892e-05
Z;15;4 0.0003297545683911831
Z;15;5 0.0
Z;16;0 0.0
Z;16;1 0.0
Z;16;2 0.0
Z;16;3 0.0
Z;16;4 0.0005602421457532606
Z;16;5 0.0
Z;17;0 0.0
Z;17;1 0.000903149388395623
Z;17;2 0.0
Z;17;3 0.0
Z;17;4 0.00010341893250814688
Z;17;5 0.0
Z;18;0 0.0
Z;18;1 0.0
Z;18;2 0.0
Z;18;3 0.0
Z;18;4 0.0009458852127758363
Z;18;5 0.0011794028612852983
Z;19;0 0.0
Z;19;1 0.0006595091367823662
Z;19;2 0.0
Z;19;3 2.079022327733784e-05
Z;19;4 0.0001722174150277014
Z;19;5 0.0
W;0;0 0.0
W;0;1 0.0007526244903296857
W;0;2 0.0
W;0;3 0.0
W;0;4 8.456282041522318e-05
W;0;5 0.0
W;1;0 0.0
W;1;1 6.641843196193134e-05
W;1;2 2.0903833304236367e-05
W;1;3 0.0
W;1;4 0.0007797405925157008
W;1;5 0.0
W;2;0 0.0
W;2;1 0.0009242007620807155
W;2;2 0.0
W;2;3 0.00010451916652118183
W;2;4 0.0004515746941978115
W;2;5 0.0
W;3;0 0.0
W;3;1 0.0005740249779923011
W;3;2 9.875356056735474e-05
W;3;3 0.0
W;3;4 0.0
W;3;5 0.0
W;4;0 0.0010263001059398489
W;4;1 0.0003010497961318743
W;4;2 0.0
W;4;3 0.0
W;4;4 0.00036913467423634717
W;4;5 0.0020526002118796977
W;5;0 0.0
W;5;1 0.0
W;5;2 2.5987779096672302e-05
W;5;3 0.0
W;5;4 0.0
W;5;5 0.0
W;6;0 0.0008356133144457785
W;6;1 0.0006205135950488812
W;6;2 2.5987779096672302e-05
W;6;3 0.00011497108317330001
W;6;4 0.0005227071601817131
W;6;5 0.0
W;7;0 0.0
W;7;1 0.0006161338413871437
W;7;2 0.0
W;7;3 0.0
W;7;4 0.0012719201581641636
W;7;5 0.0
W;8;0 0.0
W;8;1 0.0012055219051939096
W;8;2 0.0007109930334791123
W;8;3 0.00018155804695529242
W;8;4 0.00018155804695529242
W;8;5 0.0
W;9;0 0.0
W;9;1 0.001419268943682506
W;9;2 0.0
W;9;3 0.0
W;9;4 0.0004515746941978115
W;9;5 0.0
W;10;0 0.001317711549964039
W;10;1 0.002051660750679864
W;10;2 7.882168947834368e-05
W;10;3 4.3244344549490184e-05
W;10;4 0.0
W;10;5 0.003404974634183918
W;11;0 0.0
W;11;1 0.003150105486342108
W;11;2 0.0
W;11;3 4.677800237401014e-05
W;11;4 0.0
W;11;5 0.0
W;12;0 0.0
W;12;1 0.0002353148663743767
W;12;2 0.0
W;12;3 6.756822565134798e-05
W;12;4 0.0009458852127758363
W;12;5 0.0
W;13;0 0.0
W;13;1 0.0003297545683911831
W;13;2 0.0
W;13;3 0.0
W;13;4 0.0001872426763277516
W;13;5 0.0
W;14;0 0.0
W;14;1 0.00027229914129745983
W;14;2 0.0
W;14;3 1.559266745800338e-05
W;14;4 0.0005617280289832548
W;14;5 0.0012436006462009342
W;15;0 0.0
W;15;1 0.0002731771645229778
W;15;2 5.19755581933446e-06
W;15;3 0.0
W;15;4 0.000974675740644626
W;15;5 0.0
W;16;0 0.0
W;16;1 0.0005740249779923011
W;16;2 5.1975558193344604e-05
W;16;3 0.0
W;16;4 0.0
W;16;5 0.0
W;17;0 0.0
W;17;1 0.0
W;17;2 0.0
W;17;3 0.0
W;17;4 0.0003744853526555032
W;17;5 0.0
W;18;0 0.0011794028612852983
W;18;1 0.0
W;18;2 0.0
W;18;3 0.0
W;18;4 0.0003010497961318743
W;18;5 0.0
W;19;0 0.0010721223077688512
W;19;1 0.0
W;19;2 1.039511163866892e-05
W;19;3 0.0
W;19;4 0.001979029271193607
W;19;5 0.0010263001059398489
