X;0;0 0.0
X;0;1 0.00030468258825857225
X;0;2 0.0
X;0;3 0.0
X;0;4 0.0004739953556527415
X;0;5 0.0
X;1;0 0.0
X;1;1 0.0011837677129329038
X;1;2 6.435069109652188e-05
X;1;3 0.0
X;1;4 0.00030468258825857225
X;1;5 0.0
X;2;0 0.0
X;2;1 0.0008161942855324508
X;2;2 7.078576020617407e-05
X;2;3 1.2870138219304378e-05
X;2;4 0.00037272831902041584
X;2;5 0.0
X;3;0 0.0
X;3;1 0.0002688801044274543
X;3;2 5.7915621986869693e-05
X;3;3 3.217534554826094e-05
X;3;4 0.00048063369730220193
X;3;5 0.0
X;4;0 0.0
X;4;1 0.0007617064706464306
X;4;2 0.0
X;4;3 0.0
X;4;4 0.00030468258825857225
X;4;5 0.0
X;5;0 0.0
X;5;1 0.0010434641212646557
X;5;2 0.0
X;5;3 3.861041465791313e-05
X;5;4 0.0004826965572716243
X;5;5 0.0
X;6;0 0.0
X;6;1 0.0
X;6;2 0.0
X;6;3 0.0
X;6;4 0.0007492871779107305
X;6;5 0.0
X;7;0 0.0
X;7;1 0.0
X;7;2 0.00011710651008211061
X;7;3 0.0
X;7;4 0.0003385681111805296
X;7;5 0.0008062771802412562
X;8;0 0.0
X;8;1 0.00012015842432555048
X;8;2 0.0004657868863080246
X;8;3 0.0004846794967140114
X;8;4 0.00013603238092207515
X;8;5 0.0011271084306773795
X;9;0 0.0
X;9;1 0.0
X;9;2 5.7915621986869693e-05
X;9;3 0.0
X;9;4 0.00022245024392475243
X;9;5 0.0
X;10;0 0.0
X;10;1 0.00017767439794999797
X;10;2 8.365589842547845e-05
X;10;3 0.0
X;10;4 0.0003585068059032724
X;10;5 0.0
X;11;0 0.0
X;11;1 0.0
X;11;2 0.0005618871169630124
X;11;3 9.652603664478282e-05
X;11;4 3.289445159229138e-05
X;11;5 0.0
X;12;0 0.0
X;12;1 0.000390365325907488
X;12;2 7.722082931582625e-05
X;12;3 0.0
X;12;4 0.00022475484678520497
X;12;5 0.0
X;13;0 0.0
X;13;1 0.0004826965572716243
X;13;2 0.0
X;13;3 0.0
X;13;4 0.000328929377335279
X;13;5 0.0
X;14;0 0.0
X;14;1 0.000390365325907488
X;14;2 5.7915621986869693e-05
X;14;3 0.0
X;14;4 0.000195182662953744
X;14;5 0.0
X;15;0 0.0
X;15;1 0.0001792534029516362
X;15;2 0.00010352374588764676
X;15;3 5.1480552877217514e-05
X;15;4 0.0006124013412979114
X;15;5 0.0
X;16;0 0.0
X;16;1 0.00035534879589999593
X;16;2 3.217534554826094e-05
X;16;3 0.0
X;16;4 0.0013347014635485144
X;16;5 0.0
X;17;0 0.0
X;17;1 0.00030468258825857225
X;17;2 0.0
X;17;3 0.0
X;17;4 0.00024134827863581216
X;17;5 0.0
X;18;0 0.0
X;18;1 0.0005020543202142199
X;18;2 0.0
X;18;3 0.0
X;18;4 0.0002720647618441503
X;18;5 0.0
X;19;0 0.0
X;19;1 0.00014413098333622906
X;19;2 0.0
X;19;3 3.861041465791313e-05
X;19;4 0.0010146580396567747
X;19;5 0.0
Y;0;0 0.0
Y;0;1 0.00032133287632373875
Y;0;2 0.0
Y;0;3 0.0
Y;0;4 0.0008165351217305487
Y;0;5 0.0
Y;1;0 0.0
Y;1;1 0.0002882619666724581
Y;1;2 0.0
Y;1;3 0.0
Y;1;4 0.0007170136118065448
Y;1;5 0.0
Y;2;0 0.0
Y;2;1 0.0006273869103307267
Y;2;2 0.0
Y;2;3 1.2870138219304378e-05
Y;2;4 0.0004636485318591945
Y;2;5 0.0
Y;3;0 0.00139010411655776
Y;3;1 0.00018175481126775426
Y;3;2 0.0
Y;3;3 4.504548376756532e-05
Y;3;4 0.00015234129412928612
Y;3;5 0.0
Y;4;0 0.0015396960381535375
Y;4;1 0.0005765239333449162
Y;4;2 5.7915621986869693e-05
Y;4;3 0.0
Y;4;4 0.00023182426592959724
Y;4;5 0.0012706572740207654
Y;5;0 0.0
Y;5;1 0.0006253170332390298
Y;5;2 0.0
Y;5;3 8.365589842547845e-05
Y;5;4 0.00018636415951020792
Y;5;5 0.0
Y;6;0 0.0
Y;6;1 0.0
Y;6;2 0.0
Y;6;3 0.00020934820676722003
Y;6;4 0.0011246650671330855
Y;6;5 0.0
Y;7;0 0.0
Y;7;1 0.0
Y;7;2 9.652603664478282e-05
Y;7;3 0.0
Y;7;4 0.0
Y;7;5 0.0
Y;8;0 0.0
Y;8;1 0.0006954727977887916
Y;8;2 0.0
Y;8;3 5.7915621986869693e-05
Y;8;4 0.0008528862458514736
Y;8;5 0.00139010411655776
Y;9;0 0.0
Y;9;1 0.00016062185118382067
Y;9;2 0.0
Y;9;3 4.504548376756532e-05
Y;9;4 0.00032358062296963195
Y;9;5 0.0
Y;10;0 0.0
Y;10;1 0.0004933940660029185
Y;10;2 0.0
Y;10;3 0.000157011155075415
Y;10;4 0.0
Y;10;5 0.0
Y;11;0 0.0
Y;11;1 0.0
Y;11;2 0.0
Y;11;3 0.0
Y;11;4 0.001506642926855928
Y;11;5 0.0
Y;12;0 0.0
Y;12;1 0.0
Y;12;2 3.861041465791313e-05
Y;12;3 0.0
Y;12;4 0.0
Y;12;5 0.0
Y;13;0 0.0
Y;13;1 0.00014985743558214613
Y;13;2 0.0
Y;13;3 0.0
Y;13;4 0.000390365325907488
Y;13;5 0.0
Y;14;0 0.0
Y;14;1 0.0006124013412979114
Y;14;2 1.9305207328956563e-05
Y;14;3 7.078576020617407e-05
Y;14;4 0.0003884562873481774
Y;14;5 0.0
Y;15;0 0.0
Y;15;1 0.0001792534029516362
Y;15;2 4.504548376756532e-05
Y;15;3 0.0001756597651231659
Y;15;4 0.0006396646843886051
Y;15;5 0.0
Y;16;0 0.0
Y;16;1 0.0
Y;16;2 0.0
Y;16;3 3.861041465791313e-05
Y;16;4 0.0
Y;16;5 0.0
Y;17;0 0.0
Y;17;1 0.0005330231938499938
Y;17;2 0.0
Y;17;3 0.0
Y;17;4 0.0007209505459533029
Y;17;5 0.0
Y;18;0 0.0
Y;18;1 0.00016066643816186937
Y;18;2 0.0
Y;18;3 1.2870138219304378e-05
Y;18;4 0.00040826756086527434
Y;18;5 0.0
Y;19;0 0.0
Y;19;1 0.00012015842432555048
Y;19;2 0.0
Y;19;3 3.217534554826094e-05
Y;19;4 0.0009140477647757167
Y;19;5 0.0
Z;0;0 0.0
Z;0;1 0.0014213951835999837
Z;0;2 0.0
Z;0;3 0.0
Z;0;4 0.0
Z;0;5 0.0
Z;1;0 0.0
Z;1;1 0.00016066643816186937
Z;1;2 8.365589842547845e-05
Z;1;3 0.0
Z;1;4 0.00033821934655225825
Z;1;5 0.0
Z;2;0 0.0
Z;2;1 0.00035534879589999593
Z;2;2 3.217534554826094e-05
Z;2;3 0.0
Z;2;4 0.0006673507317742572
Z;2;5 0.0
Z;3;0 0.0
Z;3;1 0.0003371322701778074
Z;3;2 0.0
Z;3;3 0.0
Z;3;4 0.00033821934655225825
Z;3;5 0.0
Z;4;0 0.001327389523904292
Z;4;1 0.0002132215614628684
Z;4;2 0.0
Z;4;3 0.0
Z;4;4 0.0008883719897499896
Z;4;5 0.0016314523951935721
Z;5;0 0.0
Z;5;1 0.0011810687182952947
Z;5;2 3.217534554826094e-05
Z;5;3 0.0
Z;5;4 0.0008161942855324508
Z;5;5 0.0
Z;6;0 0.0
Z;6;1 0.0
Z;6;2 3.903550336070354e-05
Z;6;3 0.0
Z;6;4 0.00022475484678520497
Z;6;5 0.0
Z;7;0 0.0
Z;7;1 0.0009463450891308187
Z;7;2 0.0
Z;7;3 0.0
Z;7;4 0.0
Z;7;5 0.0
Z;8;0 0.0
Z;8;1 0.0006124013412979114
Z;8;2 0.0
Z;8;3 7.078576020617407e-05
Z;8;4 0.001112251219623762
Z;8;5 0.0
Z;9;0 0.0
Z;9;1 0.0
Z;9;2 3.861041465791313e-05
Z;9;3 0.0
Z;9;4 0.00017767439794999797
Z;9;5 0.0
Z;10;0 0.003925131804425826
Z;10;1 0.0010206689021631857
Z;10;2 0.00010708123412254713
Z;10;3 2.6168525845902504e-05
Z;10;4 0.0
Z;10;5 0.0
Z;11;0 0.0
Z;11;1 0.0
Z;11;2 0.0
Z;11;3 0.00015614201344281415
Z;11;4 0.0
Z;11;5 0.0
Z;12;0 0.0
Z;12;1 0.0
Z;12;2 0.0
Z;12;3 0.0
Z;12;4 0.0015639567479583992
Z;12;5 0.0
Z;13;0 0.0
Z;13;1 0.0002720647618441503
Z;13;2 0.0
Z;13;3 0.0
Z;13;4 0.0001644646886676395
Z;13;5 0.0
Z;14;0 0.0
Z;14;1 0.00032133287632373875
Z;14;2 0.0
Z;14;3 0.0
Z;14;4 0.00016910967327612913
Z;14;5 0.0
Z;15;0 0.0
Z;15;1 0.0006396646843886051
Z;15;2 0.0
Z;15;3 6.435069109652188e-05
Z;15;4 0.0010206689021631857
Z;15;5 0.0
Z;16;0 0.0
Z;16;1 0.0
Z;16;2 0.0
Z;16;3 0.0
Z;16;4 0.0
Z;16;5 0.0
Z;17;0 0.0
Z;17;1 0.0007454566380408317
Z;17;2 0.0
Z;17;3 0.0
Z;17;4 0.0005121699514689179
Z;17;5 0.0014602130663532264
Z;18;0 0.0
Z;18;1 0.0005234841263799529
Z;18;2 0.0
Z;18;3 0.0
Z;18;4 0.000390365325907488
Z;18;5 0.0014602130663532264
Z;19;0 0.0
Z;19;1 0.00020413378043263717
Z;19;2 0.0
Z;19;3 7.078576020617407e-05
Z;19;4 0.0010661078073143418
Z;19;5 0.0
W;0;0 0.0
W;0;1 0.00037272831902041584
W;0;2 0.0
W;0;3 0.0
W;0;4 0.0006281809516559435
W;0;5 0.0
W;1;0 0.0
W;1;1 0.000657858754670558
W;1;2 0.00011646421412360261
W;1;3 0.0
W;1;4 0.0
W;1;5 0.0
W;2;0 0.0
W;2;1 0.0
W;2;2 0.0
W;2;3 0.000168226087067426
W;2;4 0.00037272831902041584
W;2;5 0.0
W;3;0 0.0
W;3;1 0.00017767439794999797
W;3;2 3.217534554826094e-05
W;3;3 0.0
W;3;4 0.0005756264103367382
W;3;5 0.0
W;4;0 0.0
W;4;1 0.00037272831902041584
W;4;2 0.0
W;4;3 0.0
W;4;4 0.0009140477647757167
W;4;5 0.0
W;5;0 0.0
W;5;1 0.0005620910507224245
W;5;2 3.861041465791313e-05
W;5;3 0.0
W;5;4 0.0007617064706464306
W;5;5 0.0
W;6;0 0.0
W;6;1 0.00025608497573445895
W;6;2 0.00010939617486408721
W;6;3 2.588093647191169e-05
W;6;4 0.0
W;6;5 0.0
W;7;0 0.0
W;7;1 0.0
W;7;2 0.0
W;7;3 0.0
W;7;4 0.0015747582910603931
W;7;5 0.0
W;8;0 0.0
W;8;1 0.0002132215614628684
W;8;2 0.0006771362223610592
W;8;3 0.0005994297423285845
W;8;4 7.492871779107306e-05
W;8;5 0.0007145208232012216
W;9;0 0.0
W;9;1 0.0012551358005355494
W;9;2 0.0
W;9;3 0.0
W;9;4 0.00018636415951020792
W;9;5 0.0
W;10;0 0.0
W;10;1 0.0
W;10;2 1.951775168035177e-05
W;10;3 0.00010708123412254713
W;10;4 0.001159121329647986
W;10;5 0.0036535918296957594
W;11;0 0.0
W;11;1 0.00048751632526723097
W;11;2 0.0
W;11;3 5.7915621986869693e-05
W;11;4 0.0
W;11;5 0.0
W;12;0 0.0
W;12;1 0.0001942281436740887
W;12;2 0.0
W;12;3 7.722082931582625e-05
W;12;4 0.000390365325907488
W;12;5 0.0
W;13;0 0.0
W;13;1 0.00020413378043263717
W;13;2 0.0
W;13;3 0.0
W;13;4 0.0004636485318591945
W;13;5 0.0
W;14;0 0.0
W;14;1 0.00044950969357040993
W;14;2 0.0
W;14;3 3.217534554826094e-05
W;14;4 0.0
W;14;5 0.0015396960381535375
W;15;0 0.0
W;15;1 0.0008455483663806456
W;15;2 6.435069109652188e-05
W;15;3 0.0
W;15;4 0.0007240448359074363
W;15;5 0.0
W;16;0 0.0
W;16;1 0.00035534879589999593
W;16;2 3.217534554826094e-05
W;16;3 0.0
W;16;4 0.0013347014635485144
W;16;5 0.0
W;17;0 0.0015396960381535375
W;17;1 0.000195182662953744
W;17;2 0.0
W;17;3 0.0
W;17;4 0.0004636485318591945
W;17;5 0.0
W;18;0 0.0
W;18;1 0.0003029246854462571
W;18;2 0.0
W;18;3 0.0
W;18;4 0.0007454566380408317
W;18;5 0.0
W;19;0 0.0
W;19;1 0.0012551358005355494
W;19;2 6.435069109652188e-05
W;19;3 0.0
W;19;4 0.00014413098333622906
W;19;5 0.0
