X;0;0 0.0009844677131563729
X;0;1 0.0014765386969453887
X;0;2 0.0
X;0;3 0.0
X;0;4 0.0001640753154182567
X;0;5 0.0
X;1;0 0.0
X;1;1 0.0005463543290459556
X;1;2 5.717311401267906e-05
X;1;3 0.0
X;1;4 0.00024608978282423144
X;1;5 0.0
X;2;0 0.0007895325650274478
X;2;1 0.00032961692300348974
X;2;2 7.276578147068243e-05
X;2;3 3.118533491600676e-05
X;2;4 0.0003010497961318743
X;2;5 0.0
X;3;0 0.0
X;3;1 7.239079734585308e-05
X;3;2 9.355600474802028e-05
X;3;3 2.5987779096672302e-05
X;3;4 9.705103503217539e-05
X;3;5 0.0008170125716812693
X;4;0 0.0
X;4;1 0.0
X;4;2 0.0
X;4;3 0.0
X;4;4 0.0
X;4;5 0.0
X;5;0 0.0
X;5;1 0.0
X;5;2 0.0
X;5;3 3.638289073534122e-05
X;5;4 0.0017544163331603268
X;5;5 0.0012436006462009342
X;6;0 0.0
X;6;1 0.0
X;6;2 0.0
X;6;3 0.0
X;6;4 0.0007262321878211697
X;6;5 0.0
X;7;0 0.0
X;7;1 0.0007635387086475074
X;7;2 3.1528675791337475e-05
X;7;3 0.0
X;7;4 0.0002734588590304278
X;7;5 0.0
X;8;0 0.0
X;8;1 0.00019410207006435078
X;8;2 0.0002257274910569658
X;8;3 0.0007829438023841723
X;8;4 0.00021974461533565986
X;8;5 0.0
X;9;0 0.0
X;9;1 0.0
X;9;2 2.079022327733784e-05
X;9;3 0.0
X;9;4 0.0003593427017246001
X;9;5 0.0
X;10;0 0.0
X;10;1 0.00014350624449807527
X;10;2 1.039511163866892e-05
X;10;3 0.0
X;10;4 0.0004343447840751185
X;10;5 0.004756779335188181
X;11;0 0.0
X;11;1 0.0
X;11;2 0.0
X;11;3 5.19755581933446e-06
X;11;4 0.00045166612378646245
X;11;5 0.0037586593525532393
X;12;0 0.0
X;12;1 0.0017341228900890331
X;12;2 2.079022327733784e-05
X;12;3 0.0
X;12;4 0.00036306552172994644
X;12;5 0.0011227764018351138
X;13;0 0.0
X;13;1 0.0015594811850314016
X;13;2 0.0
X;13;3 0.0
X;13;4 0.00013283686392386268
X;13;5 0.0
X;14;0 0.0
X;14;1 0.0001576475354626394
X;14;2 3.638289073534122e-05
X;14;3 0.0
X;14;4 0.001261180283701115
X;14;5 0.0
X;15;0 0.0
X;15;1 0.00014478159469170617
X;15;2 7.316341656482729e-05
X;15;3 3.638289073534122e-05
X;15;4 0.0016487728419559155
X;15;5 0.0
X;16;0 0.002179134371708296
X;16;1 0.0017220749339769033
X;16;2 1.039511163866892e-05
X;16;3 0.0
X;16;4 0.0005390140525869001
X;16;5 0.0
X;17;0 0.0
X;17;1 0.00024608978282423144
X;17;2 0.0
X;17;3 0.0
X;17;4 0.0023392217775471025
X;17;5 0.0
X;18;0 0.0
X;18;1 0.0012165162374421481
X;18;2 0.0
X;18;3 0.0
X;18;4 0.00032961692300348974
X;18;5 0.0
X;19;0 0.0
X;19;1 0.0008148944057856027
X;19;2 0.0
X;19;3 5.717311401267906e-05
X;19;4 0.0001365885822614889
X;19;5 0.0
Y;0;0 0.0
Y;0;1 0.0002595380924153275
Y;0;2 0.0
Y;0;3 0.0
Y;0;4 0.0018136501261515072
Y;0;5 0.0
Y;1;0 0.0
Y;1;1 0.00023282697308160078
Y;1;2 0.0
Y;1;3 0.0
Y;1;4 0.00036195398672926544
Y;1;5 0.0
Y;2;0 0.0
Y;2;1 0.00028956318938341233
Y;2;2 0.0
Y;2;3 3.118533491600676e-05
Y;2;4 0.0003744853526555032
Y;2;5 0.0
Y;3;0 0.0
Y;3;1 9.786797529802153e-05
Y;3;2 0.0
Y;3;3 1.559266745800338e-05
Y;3;4 0.00024608978282423144
Y;3;5 0.0
Y;4;0 0.0
Y;4;1 0.00023282697308160078
Y;4;2 3.638289073534122e-05
Y;4;3 0.0
Y;4;4 0.0011234560579665095
Y;4;5 0.0030789003178195466
Y;5;0 0.0
Y;5;1 0.0
Y;5;2 0.0
Y;5;3 0.00010914867220602367
Y;5;4 0.0004515746941978115
Y;5;5 0.0
Y;6;0 0.0
Y;6;1 0.0
Y;6;2 0.0
Y;6;3 0.000401586223558273
Y;6;4 0.0006488452310383187
Y;6;5 0.0
Y;7;0 0.0
Y;7;1 0.0003937631857927635
Y;7;2 2.079022327733784e-05
Y;7;3 0.0
Y;7;4 0.0006161338413871437
Y;7;5 0.0
Y;8;0 0.0
Y;8;1 0.0020596694396052676
Y;8;2 0.0
Y;8;3 3.118533491600676e-05
Y;8;4 0.0003444348300554028
Y;8;5 0.0
Y;9;0 0.0
Y;9;1 8.648868909898037e-05
Y;9;2 0.0
Y;9;3 8.835844892868582e-05
Y;9;4 0.0007840607402725697
Y;9;5 0.0
Y;10;0 0.0
Y;10;1 6.641843196193134e-05
Y;10;2 0.0
Y;10;3 0.00021136117029382792
Y;10;4 0.0023535972371091624
Y;10;5 0.0015790651300548956
Y;11;0 0.0
Y;11;1 0.0
Y;11;2 0.0
Y;11;3 0.0
Y;11;4 0.0024338078049211146
Y;11;5 0.0
Y;12;0 0.0
Y;12;1 0.0
Y;12;2 8.316089310935136e-05
Y;12;3 0.0
Y;12;4 0.0
Y;12;5 0.0
Y;13;0 0.0
Y;13;1 0.00030259674492548737
Y;13;2 0.0
Y;13;3 0.0
Y;13;4 0.0011035327482384757
Y;13;5 0.0011794028612852983
Y;14;0 0.0
Y;14;1 0.0009892637051735493
Y;14;2 5.1975558193344604e-05
Y;14;3 2.5987779096672302e-05
Y;14;4 0.0003921914439572945
Y;14;5 0.0
Y;15;0 0.0
Y;15;1 0.00021717239203755925
Y;15;2 3.118533491600676e-05
Y;15;3 0.00011035036526968116
Y;15;4 0.0015499567352493125
Y;15;5 0.0010721223077688512
Y;16;0 0.0
Y;16;1 0.0
Y;16;2 0.0
Y;16;3 3.638289073534122e-05
Y;16;4 0.0
Y;16;5 0.0
Y;17;0 0.0010721223077688512
Y;17;1 0.0017220749339769033
Y;17;2 0.0
Y;17;3 0.0
Y;17;4 0.00019410207006435078
Y;17;5 0.0
Y;18;0 0.0
Y;18;1 0.00012976904620766374
Y;18;2 0.0
Y;18;3 8.316089310935136e-05
Y;18;4 0.0003297545683911831
Y;18;5 0.0
Y;19;0 0.0
Y;19;1 0.0008734593152895786
Y;19;2 0.0
Y;19;3 2.5987779096672302e-05
Y;19;4 0.0006152244570605786
Y;19;5 0.0
Z;0;0 0.0
Z;0;1 0.00028701248899615055
Z;0;2 0.0
Z;0;3 0.0
Z;0;4 0.0003137531551658356
Z;0;5 0.0
Z;1;0 0.0
Z;1;1 0.0002595380924153275
Z;1;2 3.118533491600676e-05
Z;1;3 0.0
Z;1;4 0.0001365885822614889
Z;1;5 0.0
Z;2;0 0.004491105607340455
Z;2;1 0.0008610374669884516
Z;2;2 2.5987779096672302e-05
Z;2;3 0.0
Z;2;4 0.0008983567543115002
Z;2;5 0.0
Z;3;0 0.0
Z;3;1 0.00027229914129745983
Z;3;2 0.0
Z;3;3 0.0
Z;3;4 0.0008195314935689335
Z;3;5 0.0
Z;4;0 0.0032163669233065536
Z;4;1 0.0010333044901662083
Z;4;2 0.0
Z;4;3 0.0
Z;4;4 0.00014350624449807527
Z;4;5 0.0
Z;5;0 0.0
Z;5;1 0.0
Z;5;2 1.039511163866892e-05
Z;5;3 0.0
Z;5;4 0.0012085953843461292
Z;5;5 0.0
Z;6;0 0.0
Z;6;1 0.004331395043720398
Z;6;2 0.00011035036526968116
Z;6;3 0.0
Z;6;4 0.0
Z;6;5 0.0
Z;7;0 0.0
Z;7;1 0.0
Z;7;2 0.0
Z;7;3 0.0
Z;7;4 0.0028189945144149295
Z;7;5 0.0
Z;8;0 0.0011227764018351138
Z;8;1 0.0016487728419559155
Z;8;2 0.0
Z;8;3 3.118533491600676e-05
Z;8;4 0.0003593427017246001
Z;8;5 0.0
Z;9;0 0.0
Z;9;1 0.0002106994860245939
Z;9;2 7.79633372900169e-05
Z;9;3 0.0
Z;9;4 0.00014350624449807527
Z;9;5 0.0
Z;10;0 0.0019509530862234876
Z;10;1 0.0004946318525867747
Z;10;2 0.00012973303364847055
Z;10;3 0.00021136117029382792
Z;10;4 0.001154225945171204
Z;10;5 0.0
Z;11;0 0.0
Z;11;1 0.0
Z;11;2 0.0
Z;11;3 0.00036257977160038095
Z;11;4 0.0014777569419223702
Z;11;5 0.0
Z;12;0 0.0
Z;12;1 0.0
Z;12;2 0.0
Z;12;3 0.0
Z;12;4 0.0
Z;12;5 0.0
Z;13;0 0.0
Z;13;1 0.0008789784613426394
Z;13;2 0.0
Z;13;3 0.0
Z;13;4 0.0003320921598096567
Z;13;5 0.0
Z;14;0 0.0
Z;14;1 0.00012976904620766374
Z;14;2 0.0
Z;14;3 0.0
Z;14;4 0.0012292972403534002
Z;14;5 0.0
Z;15;0 0.0
Z;15;1 0.0001722174150277014
Z;15;2 0.0
Z;15;3 0.00012474133966402704
Z;15;4 0.0
Z;15;5 0.0
Z;16;0 0.0
Z;16;1 0.0
Z;16;2 0.0
Z;16;3 0.0
Z;16;4 0.0005602421457532606
Z;16;5 0.0
Z;17;0 0.0011227764018351138
Z;17;1 0.001806298776791246
Z;17;2 0.0
Z;17;3 0.0
Z;17;4 0.00020683786501629375
Z;17;5 0.0
Z;18;0 0.0
Z;18;1 0.0002536884612456695
Z;18;2 0.0
Z;18;3 0.0
Z;18;4 0.0017341228900890331
Z;18;5 0.0
Z;19;0 0.0
Z;19;1 0.001483895557760324
Z;19;2 0.0
Z;19;3 3.118533491600676e-05
Z;19;4 0.0003444348300554028
Z;19;5 0.0
W;0;0 0.0
W;0;1 0.0003010497961318743
W;0;2 0.0
W;0;3 0.0
W;0;4 0.00016912564083044636
W;0;5 0.0
W;1;0 0.0
W;1;1 0.00039851059177158804
W;1;2 3.135574995635455e-05
W;1;3 0.0
W;1;4 0.0013645460369024764
W;1;5 0.0
W;2;0 0.0
W;2;1 0.00030806692069357185
W;2;2 0.0
W;2;3 0.00016723066643389094
W;2;4 0.00015052489806593715
W;2;5 0.0
W;3;0 0.0
W;3;1 0.0018655811784749786
W;3;2 1.039511163866892e-05
W;3;3 0.0
W;3;4 0.00026567372784772536
W;3;5 0.0
W;4;0 0.0
W;4;1 0.0
W;4;2 0.0
W;4;3 0.0
W;4;4 0.0
W;4;5 0.0
W;5;0 0.0
W;5;1 0.0
W;5;2 7.79633372900169e-05
W;5;3 0.0
W;5;4 0.0006152244570605786
W;5;5 0.0
W;6;0 0.0
W;6;1 0.0
W;6;2 4.158044655467568e-05
W;6;3 7.316341656482729e-05
W;6;4 0.0028748893809994224
W;6;5 0.0
W;7;0 0.0
W;7;1 0.00030806692069357185
W;7;2 0.0
W;7;3 0.0
W;7;4 0.0019078802372462453
W;7;5 0.0
W;8;0 0.0
W;8;1 0.0003444348300554028
W;8;2 0.0003281506308365134
W;8;3 0.0004236354428956823
W;8;4 0.0006657128388360722
W;8;5 0.0
W;9;0 0.004922338565781864
W;9;1 0.001824774356163222
W;9;2 0.0
W;9;3 0.0
W;9;4 0.0003010497961318743
W;9;5 0.0
W;10;0 0.0
W;10;1 0.001025830375339932
W;10;2 0.00015764337895668735
W;10;3 0.00012973303364847055
W;10;4 0.0005617280289832548
W;10;5 0.0018159864715647561
W;11;0 0.0
W;11;1 0.000787526371585527
W;11;2 0.0
W;11;3 5.19755581933446e-06
W;11;4 0.0
W;11;5 0.0
W;12;0 0.0012436006462009342
W;12;1 0.0003137531551658356
W;12;2 0.0
W;12;3 1.559266745800338e-05
W;12;4 0.0018917704255516725
W;12;5 0.0
W;13;0 0.0
W;13;1 0.00016487728419559155
W;13;2 0.0
W;13;3 0.0
W;13;4 0.0001872426763277516
W;13;5 0.0
W;14;0 0.0
W;14;1 9.076638043248661e-05
W;14;2 0.0
W;14;3 4.677800237401014e-05
W;14;4 0.0014979414106220128
W;14;5 0.0
W;15;0 0.0
W;15;1 0.0
W;15;2 0.00012474133966402704
W;15;3 0.0
W;15;4 0.0001949351481289252
W;15;5 0.0
W;16;0 0.00184589053490063
W;16;1 0.0017220749339769033
W;16;2 1.039511163866892e-05
W;16;3 0.0
W;16;4 0.0005390140525869001
W;16;5 0.0
W;17;0 0.0
W;17;1 0.0001576475354626394
W;17;2 0.0
W;17;3 0.0
W;17;4 0.0001872426763277516
W;17;5 0.0
W;18;0 0.0
W;18;1 9.786797529802153e-05
W;18;2 0.0
W;18;3 0.0
W;18;4 0.0013547240825934343
W;18;5 0.0035382085838558943
W;19;0 0.0
W;19;1 0.0006082581187210741
W;19;2 2.5987779096672302e-05
W;19;3 0.0
W;19;4 0.0010477213788672036
W;19;5 0.0
