X;0;0 0.0
X;0;1 0.0004921795656484629
X;0;2 0.0
X;0;3 0.0
X;0;4 0.00021876708722434222
X;0;5 0.0
X;1;0 0.0
X;1;1 0.0
X;1;2 0.00010395111638668921
X;1;3 0.0
X;1;4 0.00024608978282423144
X;1;5 0.0
X;2;0 0.0
X;2;1 0.0008789784613426394
X;2;2 6.237066983201352e-05
X;2;3 2.079022327733784e-05
X;2;4 0.0003010497961318743
X;2;5 0.0
X;3;0 0.0
X;3;1 0.00014478159469170617
X;3;2 7.276578147068243e-05
X;3;3 4.158044655467568e-05
X;3;4 0.00019410207006435078
X;3;5 0.0
X;4;0 0.0
X;4;1 0.0
X;4;2 0.0
X;4;3 0.0
X;4;4 0.00024608978282423144
X;4;5 0.0
X;5;0 0.0
X;5;1 0.0
X;5;2 0.0
X;5;3 8.316089310935136e-05
X;5;4 0.0007797405925157008
X;5;5 0.0
X;6;0 0.0
X;6;1 0.0
X;6;2 0.0
X;6;3 0.0
X;6;4 0.0004841547918807798
X;6;5 0.0
X;7;0 0.0
X;7;1 0.0
X;7;2 9.458602737401242e-05
X;7;3 0.0
X;7;4 0.00021876708722434222
X;7;5 0.0
X;8;0 0.0
X;8;1 0.00038820414012870157
X;8;2 0.0004514549821139316
X;8;3 0.00019573595059604307
X;8;4 0.0006592338460069795
X;8;5 0.0
X;9;0 0.0
X;9;1 0.0011234560579665095
X;9;2 5.1975558193344604e-05
X;9;3 0.0
X;9;4 0.0007186854034492002
X;9;5 0.0
X;10;0 0.0
X;10;1 0.0
X;10;2 6.237066983201352e-05
X;10;3 0.0
X;10;4 0.0
X;10;5 0.0
X;11;0 0.0
X;11;1 0.008210400847518791
X;11;2 0.0007261310434598929
X;11;3 4.158044655467568e-05
X;11;4 5.313719103370146e-05
X;11;5 0.0
X;12;0 0.0
X;12;1 0.0006305901418505576
X;12;2 4.158044655467568e-05
X;12;3 0.0
X;12;4 0.00036306552172994644
X;12;5 0.0
X;13;0 0.0
X;13;1 0.0003898702962578504
X;13;2 0.0
X;13;3 0.0
X;13;4 0.00026567372784772536
X;13;5 0.0
X;14;0 0.0
X;14;1 0.0006305901418505576
X;14;2 8.316089310935136e-05
X;14;3 0.0
X;14;4 0.0
X;14;5 0.0
X;15;0 0.0
X;15;1 0.00014478159469170617
X;15;2 6.27114999127091e-05
X;15;3 5.1975558193344604e-05
X;15;4 0.0013190182735647324
X;15;5 0.0
X;16;0 0.0
X;16;1 0.0008610374669884516
X;16;2 5.1975558193344604e-05
X;16;3 0.0
X;16;4 0.0003593427017246001
X;16;5 0.0
X;17;0 0.0
X;17;1 0.00024608978282423144
X;17;2 0.0
X;17;3 0.0
X;17;4 0.0003898702962578504
X;17;5 0.0
X;18;0 0.0
X;18;1 0.0008110108249614321
X;18;2 0.0
X;18;3 0.0
X;18;4 0.0
X;18;5 0.0
X;19;0 0.0016923180489552643
X;19;1 0.001164134865408004
X;19;2 0.0
X;19;3 4.158044655467568e-05
X;19;4 0.0
X;19;5 0.0
Y;0;0 0.0
Y;0;1 0.0002595380924153275
Y;0;2 0.0
Y;0;3 0.0
Y;0;4 0.0003297545683911831
Y;0;5 0.0
Y;1;0 0.0
Y;1;1 0.00023282697308160078
Y;1;2 0.0
Y;1;3 0.0
Y;1;4 0.0
Y;1;5 0.0
Y;2;0 0.0
Y;2;1 0.0005791263787668247
Y;2;2 0.0
Y;2;3 2.079022327733784e-05
Y;2;4 0.0003744853526555032
Y;2;5 0.0
Y;3;0 0.0
Y;3;1 0.00019573595059604307
Y;3;2 0.0
Y;3;3 2.079022327733784e-05
Y;3;4 0.00024608978282423144
Y;3;5 0.0
Y;4;0 0.0
Y;4;1 0.00023282697308160078
Y;4;2 6.237066983201352e-05
Y;4;3 0.0
Y;4;4 0.0003744853526555032
Y;4;5 0.0
Y;5;0 0.0
Y;5;1 0.001010127515232279
Y;5;2 0.0
Y;5;3 5.1975558193344604e-05
Y;5;4 0.0006020995922637486
Y;5;5 0.0
Y;6;0 0.0
Y;6;1 0.0
Y;6;2 0.0
Y;6;3 0.00016908893623506234
Y;6;4 0.0002595380924153275
Y;6;5 0.0
Y;7;0 0.0
Y;7;1 0.0
Y;7;2 7.276578147068243e-05
Y;7;3 0.0
Y;7;4 0.0006161338413871437
Y;7;5 0.0
Y;8;0 0.0
Y;8;1 0.0003744853526555032
Y;8;2 0.0
Y;8;3 5.1975558193344604e-05
Y;8;4 0.0003444348300554028
Y;8;5 0.0
Y;9;0 0.0
Y;9;1 8.648868909898037e-05
Y;9;2 0.0
Y;9;3 5.1975558193344604e-05
Y;9;4 0.0
Y;9;5 0.0
Y;10;0 0.0
Y;10;1 0.00013283686392386268
Y;10;2 0.0
Y;10;3 0.00021136117029382792
Y;10;4 0.0
Y;10;5 0.0
Y;11;0 0.0
Y;11;1 0.0044819371660260844
Y;11;2 0.0
Y;11;3 0.0
Y;11;4 0.0
Y;11;5 0.0
Y;12;0 0.0
Y;12;1 0.0011204842915065211
Y;12;2 8.316089310935136e-05
Y;12;3 0.0
Y;12;4 0.0
Y;12;5 0.0
Y;13;0 0.0
Y;13;1 0.0
Y;13;2 0.0
Y;13;3 0.0
Y;13;4 0.0006305901418505576
Y;13;5 0.0
Y;14;0 0.0
Y;14;1 0.0003297545683911831
Y;14;2 0.00010395111638668921
Y;14;3 2.079022327733784e-05
Y;14;4 0.0
Y;14;5 0.0
Y;15;0 0.0
Y;15;1 0.00014478159469170617
Y;15;2 4.158044655467568e-05
Y;15;3 0.00015764337895668735
Y;15;4 0.0010333044901662083
Y;15;5 0.0
Y;16;0 0.0
Y;16;1 0.0
Y;16;2 0.0
Y;16;3 2.079022327733784e-05
Y;16;4 0.0
Y;16;5 0.0
Y;17;0 0.0
Y;17;1 0.0
Y;17;2 0.0
Y;17;3 0.0
Y;17;4 0.00019410207006435078
Y;17;5 0.0023588057225705965
Y;18;0 0.0
Y;18;1 0.0
Y;18;2 0.0
Y;18;3 4.158044655467568e-05
Y;18;4 0.0013190182735647324
Y;18;5 0.0
Y;19;0 0.0
Y;19;1 0.0007764082802574031
Y;19;2 0.0
Y;19;3 4.158044655467568e-05
Y;19;4 0.00024608978282423144
Y;19;5 0.0
Z;0;0 0.0
Z;0;1 0.0005740249779923011
Z;0;2 0.0
Z;0;3 0.0
Z;0;4 0.0004706297327487534
Z;0;5 0.0
Z;1;0 0.0
Z;1;1 0.0002595380924153275
Z;1;2 2.079022327733784e-05
Z;1;3 0.0
Z;1;4 0.0
Z;1;5 0.0
Z;2;0 0.0
Z;2;1 0.0
Z;2;2 7.276578147068243e-05
Z;2;3 0.0
Z;2;4 0.0003593427017246001
Z;2;5 0.0
Z;3;0 0.0
Z;3;1 0.00018153276086497322
Z;3;2 0.0
Z;3;3 0.0
Z;3;4 0.0002731771645229778
Z;3;5 0.0020526002118796977
Z;4;0 0.0
Z;4;1 0.0003444348300554028
Z;4;2 0.0
Z;4;3 0.0
Z;4;4 0.00028701248899615055
Z;4;5 0.0
Z;5;0 0.0
Z;5;1 0.0
Z;5;2 5.1975558193344604e-05
Z;5;3 0.0
Z;5;4 0.00021974461533565986
Z;5;5 0.0
Z;6;0 0.0
Z;6;1 0.0
Z;6;2 0.0001261147031653499
Z;6;3 0.0
Z;6;4 0.0005445982825949197
Z;6;5 0.002112715939746365
Z;7;0 0.0
Z;7;1 0.0030574225956534144
Z;7;2 0.0
Z;7;3 0.0
Z;7;4 0.0
Z;7;5 0.0
Z;8;0 0.0
Z;8;1 0.0003297545683911831
Z;8;2 0.0
Z;8;3 5.1975558193344604e-05
Z;8;4 0.0003593427017246001
Z;8;5 0.0
Z;9;0 0.0
Z;9;1 0.0
Z;9;2 4.158044655467568e-05
Z;9;3 0.0
Z;9;4 0.0008610374669884516
Z;9;5 0.0
Z;10;0 0.0
Z;10;1 0.0003297545683911831
Z;10;2 0.0007783982018908233
Z;10;3 0.00012681670217629676
Z;10;4 0.0
Z;10;5 0.0
Z;11;0 0.0
Z;11;1 0.0026586968668529756
Z;11;2 0.0
Z;11;3 0.0001261147031653499
Z;11;4 0.0
Z;11;5 0.0
Z;12;0 0.0
Z;12;1 0.0012631958348894763
Z;12;2 0.0
Z;12;3 0.0
Z;12;4 0.0
Z;12;5 0.0
Z;13;0 0.0
Z;13;1 0.0004394892306713197
Z;13;2 0.0
Z;13;3 0.0
Z;13;4 0.00013283686392386268
Z;13;5 0.0
Z;14;0 0.0
Z;14;1 0.0002595380924153275
Z;14;2 0.0
Z;14;3 0.0
Z;14;4 0.0002731771645229778
Z;14;5 0.0
Z;15;0 0.0
Z;15;1 0.0010333044901662083
Z;15;2 0.0
Z;15;3 3.118533491600676e-05
Z;15;4 0.0003297545683911831
Z;15;5 0.0
Z;16;0 0.0
Z;16;1 0.001527077417295015
Z;16;2 0.0
Z;16;3 0.0
Z;16;4 0.0
Z;16;5 0.0
Z;17;0 0.0
Z;17;1 0.0
Z;17;2 0.0
Z;17;3 0.0
Z;17;4 0.0006205135950488812
Z;17;5 0.0
Z;18;0 0.0
Z;18;1 0.0
Z;18;2 0.0
Z;18;3 0.0
Z;18;4 0.001261180283701115
Z;18;5 0.0
Z;19;0 0.0
Z;19;1 0.0013190182735647324
Z;19;2 0.0
Z;19;3 3.118533491600676e-05
Z;19;4 0.0003444348300554028
Z;19;5 0.0
W;0;0 0.0
W;0;1 0.0006020995922637486
W;0;2 0.0
W;0;3 0.0
W;0;4 0.000507376922491339
W;0;5 0.0
W;1;0 0.0
W;1;1 0.00013283686392386268
W;1;2 6.27114999127091e-05
W;1;3 0.0
W;1;4 0.0
W;1;5 0.0
W;2;0 0.0
W;2;1 0.001848401524161431
W;2;2 0.0
W;2;3 6.27114999127091e-05
W;2;4 0.0006020995922637486
W;2;5 0.0
W;3;0 0.0
W;3;1 0.00028701248899615055
W;3;2 7.276578147068243e-05
W;3;3 0.0
W;3;4 0.00026567372784772536
W;3;5 0.0
W;4;0 0.0
W;4;1 0.0003010497961318743
W;4;2 0.0
W;4;3 0.0
W;4;4 0.0
W;4;5 0.0
W;5;0 0.0
W;5;1 0.0009079932357823781
W;5;2 4.158044655467568e-05
W;5;3 0.0
W;5;4 0.0007382693484726943
W;5;5 0.0
W;6;0 0.001671226628891557
W;6;1 0.000827351460065175
W;6;2 3.118533491600676e-05
W;6;3 6.27114999127091e-05
W;6;4 0.0005227071601817131
W;6;5 0.0
W;7;0 0.0
W;7;1 0.0
W;7;2 0.0
W;7;3 0.0
W;7;4 0.0
W;7;5 0.0
W;8;0 0.0
W;8;1 0.0006888696601108056
W;8;2 0.0006563012616730268
W;8;3 0.0002420773959403899
W;8;4 0.00036311609391058485
W;8;5 0.0
W;9;0 0.0
W;9;1 0.0
W;9;2 0.0
W;9;3 0.0
W;9;4 0.0003010497961318743
W;9;5 0.0
W;10;0 0.0
W;10;1 0.0
W;10;2 9.458602737401242e-05
W;10;3 0.0007783982018908233
W;10;4 0.0003744853526555032
W;10;5 0.0
W;11;0 0.0
W;11;1 0.0
W;11;2 0.0
W;11;3 5.1975558193344604e-05
W;11;4 0.001302447752697414
W;11;5 0.0
W;12;0 0.0
W;12;1 0.0003137531551658356
W;12;2 0.0
W;12;3 4.158044655467568e-05
W;12;4 0.0006305901418505576
W;12;5 0.0
W;13;0 0.0
W;13;1 0.0006595091367823662
W;13;2 0.0
W;13;3 0.0
W;13;4 0.0003744853526555032
W;13;5 0.0
W;14;0 0.0
W;14;1 0.0
W;14;2 0.0
W;14;3 8.316089310935136e-05
W;14;4 0.0007489707053110064
W;14;5 0.0
W;15;0 0.0
W;15;1 0.0002731771645229778
W;15;2 3.118533491600676e-05
W;15;3 0.0
W;15;4 0.0011696108887735512
W;15;5 0.0
W;16;0 0.0
W;16;1 0.0008610374669884516
W;16;2 5.1975558193344604e-05
W;16;3 0.0
W;16;4 0.0003593427017246001
W;16;5 0.0
W;17;0 0.0
W;17;1 0.0
W;17;2 0.0
W;17;3 0.0
W;17;4 0.0
W;17;5 0.0
W;18;0 0.0
W;18;1 0.0
W;18;2 0.0
W;18;3 0.0
W;18;4 0.0006020995922637486
W;18;5 0.0
W;19;0 0.0
W;19;1 0.00040550541248071605
W;19;2 3.118533491600676e-05
W;19;3 0.0
W;19;4 0.0009313078923264031
W;19;5 0.0
