X;0;0 0.0
X;0;1 0.0
X;0;2 0.0
X;0;3 0.0
X;0;4 0.0
X;0;5 0.0
X;1;0 0.0
X;1;1 0.0
X;1;2 3.6036387014052253e-05
X;1;3 0.0
X;1;4 0.00042655562356200114
X;1;5 0.0
X;2;0 0.0
X;2;1 0.0
X;2;2 2.702729026053919e-05
X;2;3 6.306367727459145e-05
X;2;4 0.0010436392932571643
X;2;5 0.0014666756424278956
X;3;0 0.0
X;3;1 0.000376432146198436
X;3;2 5.405458052107838e-05
X;3;3 3.6036387014052253e-05
X;3;4 0.00033644358811154136
X;3;5 0.0
X;4;0 0.0
X;4;1 0.0008531112471240023
X;4;2 0.0
X;4;3 0.0
X;4;4 0.0
X;4;5 0.0
X;5;0 0.0
X;5;1 0.0
X;5;2 0.0
X;5;3 9.009096753513064e-05
X;5;4 0.000337887590090137
X;5;5 0.0
X;6;0 0.0
X;6;1 0.0009371792993352235
X;6;2 0.0
X;6;3 0.0
X;6;4 0.00031470061472250684
X;6;5 0.0
X;7;0 0.0
X;7;1 0.0
X;7;2 5.464970470498496e-05
X;7;3 0.0
X;7;4 0.00037919628452219323
X;7;5 0.0
X;8;0 0.0
X;8;1 0.0023551051167807896
X;8;2 6.521016408312345e-05
X;8;3 0.0
X;8;4 0.0
X;8;5 0.0
X;9;0 0.0
X;9;1 0.0016227698615071805
X;9;2 6.306367727459145e-05
X;9;3 0.0
X;9;4 0.0
X;9;5 0.0
X;10;0 0.0
X;10;1 0.0012437207856499856
X;10;2 1.8018193507026127e-05
X;10;3 0.0
X;10;4 0.000376432146198436
X;10;5 0.0
X;11;0 0.0
X;11;1 0.0
X;11;2 0.00015732839274964347
X;11;3 2.702729026053919e-05
X;11;4 0.0003223656256044555
X;11;5 0.0032575047722128076
X;12;0 0.0
X;12;1 0.0
X;12;2 3.6036387014052253e-05
X;12;3 0.0
X;12;4 0.0012586271419971478
X;12;5 0.0
X;13;0 0.0
X;13;1 0.000337887590090137
X;13;2 0.0
X;13;3 0.0
X;13;4 0.0009210022565387812
X;13;5 0.0
X;14;0 0.0020442982928945167
X;14;1 0.0002732557281352416
X;14;2 3.6036387014052253e-05
X;14;3 0.0
X;14;4 0.0010930229125409663
X;14;5 0.0
X;15;0 0.0
X;15;1 0.000376432146198436
X;15;2 0.00016304989977304363
X;15;3 2.702729026053919e-05
X;15;4 0.0
X;15;5 0.0
X;16;0 0.0
X;16;1 0.0
X;16;2 9.91000642886437e-05
X;16;3 0.0
X;16;4 0.00031143034149465343
X;16;5 0.0
X;17;0 0.0
X;17;1 0.0010663890589050029
X;17;2 0.0
X;17;3 0.0
X;17;4 0.0
X;17;5 0.0
X;18;0 0.0
X;18;1 0.0
X;18;2 0.0
X;18;3 0.0
X;18;4 0.0019044533329090518
X;18;5 0.0
X;19;0 0.0
X;19;1 0.0
X;19;2 0.0
X;19;3 5.405458052107838e-05
X;19;4 0.0016572747981060654
X;19;5 0.0
Y;0;0 0.0
Y;0;1 0.001799464107412937
Y;0;2 0.0
Y;0;3 0.0
Y;0;4 0.00028578729260569203
Y;0;5 0.0
Y;1;0 0.0
Y;1;1 0.000605350130012162
Y;1;2 0.0
Y;1;3 0.0
Y;1;4 0.00012547738206614535
Y;1;5 0.0
Y;2;0 0.0
Y;2;1 0.0
Y;2;2 0.0
Y;2;3 8.108187078161757e-05
Y;2;4 0.0
Y;2;5 0.0
Y;3;0 0.0
Y;3;1 8.481891192495199e-05
Y;3;2 0.0
Y;3;3 4.504548376756532e-05
Y;3;4 0.0008531112471240023
Y;3;5 0.0
Y;4;0 0.0
Y;4;1 0.0008071335066828827
Y;4;2 5.405458052107838e-05
Y;4;3 0.0
Y;4;4 0.0
Y;4;5 0.0
Y;5;0 0.0
Y;5;1 0.0
Y;5;2 0.0
Y;5;3 1.8018193507026127e-05
Y;5;4 0.00026090982331429107
Y;5;5 0.0
Y;6;0 0.0
Y;6;1 0.0
Y;6;2 0.0
Y;6;3 3.6635936184263504e-05
Y;6;4 0.0011246650671330855
Y;6;5 0.006081830973503487
Y;7;0 0.0
Y;7;1 0.0
Y;7;2 0.00010810916104215676
Y;7;3 0.0
Y;7;4 0.0
Y;7;5 0.0
Y;8;0 0.0
Y;8;1 0.0
Y;8;2 0.0
Y;8;3 5.405458052107838e-05
Y;8;4 0.0
Y;8;5 0.0
Y;9;0 0.0
Y;9;1 0.00029982745554313193
Y;9;2 0.0
Y;9;3 2.702729026053919e-05
Y;9;4 0.0
Y;9;5 0.0
Y;10;0 0.0
Y;10;1 0.0004605011282693906
Y;10;2 0.0
Y;10;3 7.327187236852701e-05
Y;10;4 0.0008159137088645097
Y;10;5 0.004105569338142728
Y;11;0 0.0
Y;11;1 0.0009710863859723184
Y;11;2 0.0
Y;11;3 0.0
Y;11;4 0.0
Y;11;5 0.0
Y;12;0 0.0
Y;12;1 0.0
Y;12;2 9.009096753513064e-05
Y;12;3 0.0
Y;12;4 0.0
Y;12;5 0.0
Y;13;0 0.0
Y;13;1 0.0
Y;13;2 0.0
Y;13;3 0.0
Y;13;4 0.0005465114562704832
Y;13;5 0.0
Y;14;0 0.0
Y;14;1 0.0011431491704227681
Y;14;2 6.306367727459145e-05
Y;14;3 2.702729026053919e-05
Y;14;4 0.00013595970057186208
Y;14;5 0.0
Y;15;0 0.0
Y;15;1 0.0002509547641322907
Y;15;2 0.00010810916104215676
Y;15;3 2.732485235249248e-05
Y;15;4 0.0
Y;15;5 0.0
Y;16;0 0.0
Y;16;1 0.0
Y;16;2 0.0
Y;16;3 6.306367727459145e-05
Y;16;4 0.0
Y;16;5 0.0
Y;17;0 0.0
Y;17;1 0.0
Y;17;2 0.0
Y;17;3 0.0
Y;17;4 0.0
Y;17;5 0.0
Y;18;0 0.0
Y;18;1 0.002249330134266171
Y;18;2 0.0
Y;18;3 9.009096753513063e-06
Y;18;4 0.0
Y;18;5 0.0
Y;19;0 0.0
Y;19;1 0.0
Y;19;2 0.0
Y;19;3 9.009096753513064e-05
Y;19;4 0.0006398334353430017
Y;19;5 0.0
Z;0;0 0.0
Z;0;1 0.0
Z;0;2 0.0
Z;0;3 0.0
Z;0;4 0.0
Z;0;5 0.0
Z;1;0 0.0
Z;1;1 0.0
Z;1;2 3.6036387014052253e-05
Z;1;3 0.0
Z;1;4 0.0009470141703463231
Z;1;5 0.0
Z;2;0 0.0
Z;2;1 0.0002487441571299971
Z;2;2 6.306367727459145e-05
Z;2;3 0.0
Z;2;4 0.0
Z;2;5 0.0
Z;3;0 0.0
Z;3;1 0.0
Z;3;2 0.0
Z;3;3 0.0
Z;3;4 0.00047350708517316157
Z;3;5 0.0
Z;4;0 0.0
Z;4;1 0.00029851018604801574
Z;4;2 0.0
Z;4;3 0.0
Z;4;4 0.0009949766285199885
Z;4;5 0.0
Z;5;0 0.0
Z;5;1 0.0016534962056134125
Z;5;2 9.009096753513064e-05
Z;5;3 0.0
Z;5;4 0.0
Z;5;5 0.0
Z;6;0 0.0
Z;6;1 0.0
Z;6;2 5.464970470498496e-05
Z;6;3 0.0
Z;6;4 0.001730612320246078
Z;6;5 0.0
Z;7;0 0.0
Z;7;1 0.0
Z;7;2 0.0
Z;7;3 0.0
Z;7;4 0.0
Z;7;5 0.0
Z;8;0 0.0
Z;8;1 0.0
Z;8;2 0.0
Z;8;3 6.306367727459145e-05
Z;8;4 0.0
Z;8;5 0.0
Z;9;0 0.0
Z;9;1 0.0
Z;9;2 9.009096753513063e-06
Z;9;3 0.0
Z;9;4 0.0002487441571299971
Z;9;5 0.0
Z;10;0 0.0
Z;10;1 0.0031436602186626123
Z;10;2 0.00022487059165734896
Z;10;3 3.6635936184263504e-05
Z;10;4 0.0
Z;10;5 0.0
Z;11;0 0.0
Z;11;1 0.0007680679837575263
Z;11;2 0.0
Z;11;3 0.00021859881881993983
Z;11;4 0.0
Z;11;5 0.0
Z;12;0 0.0
Z;12;1 0.0
Z;12;2 0.0
Z;12;3 0.0
Z;12;4 0.0
Z;12;5 0.0
Z;13;0 0.0
Z;13;1 0.0003808906665818104
Z;13;2 0.0
Z;13;3 0.0
Z;13;4 0.0
Z;13;5 0.0
Z;14;0 0.0
Z;14;1 0.00022493301342661713
Z;14;2 0.0
Z;14;3 0.0
Z;14;4 0.0009470141703463231
Z;14;5 0.0021555744534149527
Z;15;0 0.0
Z;15;1 0.0014925509302400786
Z;15;2 0.0
Z;15;3 1.8018193507026127e-05
Z;15;4 0.0
Z;15;5 0.0
Z;16;0 0.0
Z;16;1 0.0
Z;16;2 0.0
Z;16;3 0.0
Z;16;4 0.0
Z;16;5 0.0
Z;17;0 0.0
Z;17;1 0.0
Z;17;2 0.0
Z;17;3 0.0
Z;17;4 0.0
Z;17;5 0.0
Z;18;0 0.0
Z;18;1 0.0
Z;18;2 0.0
Z;18;3 0.0
Z;18;4 0.003005813009487657
Z;18;5 0.0
Z;19;0 0.0021555744534149527
Z;19;1 0.0011431491704227681
Z;19;2 0.0
Z;19;3 1.8018193507026127e-05
Z;19;4 0.0
Z;19;5 0.0
W;0;0 0.0
W;0;1 0.0
W;0;2 0.0
W;0;3 0.0
W;0;4 0.0
W;0;5 0.0
W;1;0 0.0
W;1;1 0.0002302505641346953
W;1;2 0.0001086999331820291
W;1;3 0.0
W;1;4 0.0
W;1;5 0.0
W;2;0 0.0
W;2;1 0.0005339826625355245
W;2;2 0.0
W;2;3 0.00014493324424270546
W;2;4 0.0
W;2;5 0.0
W;3;0 0.001946145763180864
W;3;1 0.0007462324713899914
W;3;2 4.504548376756532e-05
W;3;3 0.0
W;3;4 0.0
W;3;5 0.0
W;4;0 0.0
W;4;1 0.0
W;4;2 0.0
W;4;3 0.0
W;4;4 0.0008531112471240023
W;4;5 0.0
W;5;0 0.0
W;5;1 0.0007869274710113944
W;5;2 9.009096753513064e-05
W;5;3 0.0
W;5;4 0.00021327781178100057
W;5;5 0.0
W;6;0 0.0
W;6;1 0.0019718543131553336
W;6;2 1.8018193507026127e-05
W;6;3 3.6233311060676366e-05
W;6;4 0.0
W;6;5 0.0
W;7;0 0.0
W;7;1 0.0
W;7;2 0.0
W;7;3 0.0
W;7;4 0.0005511654018711375
W;7;5 0.0
W;8;0 0.0
W;8;1 0.0
W;8;2 0.0
W;8;3 0.00010490020490750229
W;8;4 0.0008392016392600183
W;8;5 0.00600197491489026
W;9;0 0.0
W;9;1 0.0
W;9;2 0.0
W;9;3 0.0
W;9;4 0.00026090982331429107
W;9;5 0.0
W;10;0 0.0
W;10;1 0.0
W;10;2 2.732485235249248e-05
W;10;3 0.00022487059165734896
W;10;4 0.003570093695315797
W;10;5 0.0
W;11;0 0.0
W;11;1 0.0013650457107482468
W;11;2 0.0
W;11;3 9.009096753513063e-06
W;11;4 0.0
W;11;5 0.0
W;12;0 0.0
W;12;1 0.0010876776045748967
W;12;2 0.0
W;12;3 3.6036387014052253e-05
W;12;4 0.0
W;12;5 0.0
W;13;0 0.0
W;13;1 0.001714723755634152
W;13;2 0.0
W;13;3 0.0
W;13;4 0.00032455397230143614
W;13;5 0.0
W;14;0 0.0
W;14;1 0.00015732839274964347
W;14;2 0.0
W;14;3 8.108187078161757e-05
W;14;4 0.0012982158892057445
W;14;5 0.0
W;15;0 0.0
W;15;1 0.0
W;15;2 1.8018193507026127e-05
W;15;3 0.0
W;15;4 0.001689437950450685
W;15;5 0.0
W;16;0 0.0
W;16;1 0.0
W;16;2 9.91000642886437e-05
W;16;3 0.0
W;16;4 0.00031143034149465343
W;16;5 0.0
W;17;0 0.0
W;17;1 0.001912790096946691
W;17;2 0.0
W;17;3 0.0
W;17;4 0.0
W;17;5 0.0
W;18;0 0.0
W;18;1 0.0
W;18;2 0.0
W;18;3 0.0
W;18;4 0.0
W;18;5 0.0
W;19;0 0.0
W;19;1 0.0
W;19;2 1.8018193507026127e-05
W;19;3 0.0
W;19;4 0.0008071335066828827
W;19;5 0.0017789201836290714
