X;0;0 0.0015997600338791059
X;0;1 0.00019994794854468804
X;0;2 0.0
X;0;3 0.0
X;0;4 8.887412918488904e-05
X;0;5 0.0
X;1;0 0.0
X;1;1 0.00044391289234983896
X;1;2 2.533808461925549e-05
X;1;3 0.0
X;1;4 0.0009997397427234402
X;1;5 0.004437989445792182
X;2;0 0.0012829904181696026
X;2;1 0.00035708499992044725
X;2;2 1.6892056412836994e-05
X;2;3 2.533808461925549e-05
X;2;4 0.0009784118374285915
X;2;5 0.005500033659104609
X;3;0 0.0
X;3;1 0.0002352700913740225
X;3;2 6.756822565134798e-05
X;3;3 3.378411282567399e-05
X;3;4 0.00031541586385457
X;3;5 0.0
X;4;0 0.0
X;4;1 0.0003998958970893761
X;4;2 0.0
X;4;3 0.0
X;4;4 0.0007997917941787522
X;4;5 0.0
X;5;0 0.0
X;5;1 0.0
X;5;2 0.0
X;5;3 5.912219744492947e-05
X;5;4 0.0
X;5;5 0.0
X;6;0 0.0
X;6;1 0.0
X;6;2 0.0
X;6;3 0.0
X;6;4 0.00039337576840313356
X;6;5 0.008839078996024223
X;7;0 0.0
X;7;1 0.0
X;7;2 2.5617049080461695e-05
X;7;3 0.0
X;7;4 0.0010664895502186683
X;7;5 0.0021164775981332975
X;8;0 0.0
X;8;1 0.00031541586385457
X;8;2 0.0004890762306234258
X;8;3 0.00039758864964821244
X;8;4 0.00017854249996022362
X;8;5 0.0
X;9;0 0.0
X;9;1 0.0
X;9;2 0.00010979836668344047
X;9;3 0.0
X;9;4 0.0
X;9;5 0.00182451165298206
X;10;0 0.0
X;10;1 0.0
X;10;2 2.533808461925549e-05
X;10;3 0.0
X;10;4 0.0002352700913740225
X;10;5 0.0009662208024600992
X;11;0 0.0
X;11;1 0.0
X;11;2 0.00014749536820279075
X;11;3 8.446028206418497e-05
X;11;4 0.00021586983857441218
X;11;5 0.0
X;12;0 0.0
X;12;1 0.000512354490253578
X;12;2 2.533808461925549e-05
X;12;3 0.0
X;12;4 0.0004424861046083722
X;12;5 0.0
X;13;0 0.0
X;13;1 0.0
X;13;2 0.0
X;13;3 0.0
X;13;4 0.00010792995193813843
X;13;5 0.0
X;14;0 0.0
X;14;1 0.0
X;14;2 5.912219744492947e-05
X;14;3 0.0
X;14;4 0.0
X;14;5 0.0
X;15;0 0.0
X;15;1 0.0005881752284350563
X;15;2 0.00011889055191784432
X;15;3 2.533808461925549e-05
X;15;4 0.00026792558681783626
X;15;5 0.0
X;16;0 0.0
X;16;1 0.00023319764730937232
X;16;2 8.446028206418497e-05
X;16;3 0.0
X;16;4 0.0
X;16;5 0.0
X;17;0 0.0
X;17;1 0.00019994794854468804
X;17;2 0.0
X;17;3 0.0
X;17;4 0.0015838480785475171
X;17;5 0.0
X;18;0 0.0021412812686915634
X;18;1 0.0003294731476405818
X;18;2 0.0
X;18;3 0.0
X;18;4 0.00035708499992044725
X;18;5 0.0
X;19;0 0.0
X;19;1 0.0009458595781440031
X;19;2 0.0
X;19;3 3.378411282567399e-05
X;19;4 0.0
X;19;5 0.0
Y;0;0 0.0
Y;0;1 0.00021087470008745356
Y;0;2 0.0
Y;0;3 0.0
Y;0;4 0.0005358511736356725
Y;0;5 0.0
Y;1;0 0.0
Y;1;1 0.0005675157468864019
Y;1;2 0.0
Y;1;3 0.0
Y;1;4 0.00035290513706103373
Y;1;5 0.0
Y;2;0 0.0012006775153119258
Y;2;1 0.0002352700913740225
Y;2;2 0.0
Y;2;3 5.067616923851098e-05
Y;2;4 0.0012170773961303854
Y;2;5 0.0
Y;3;0 0.0
Y;3;1 0.00039758864964821244
Y;3;2 0.0
Y;3;3 4.2230141032092486e-05
Y;3;4 0.0
Y;3;5 0.0
Y;4;0 0.0
Y;4;1 0.0005675157468864019
Y;4;2 2.533808461925549e-05
Y;4;3 0.0
Y;4;4 0.0006085386980651927
Y;4;5 0.0
Y;5;0 0.0
Y;5;1 0.0004103643030631133
Y;5;2 0.0
Y;5;3 5.067616923851098e-05
Y;5;4 0.0017122207155000348
Y;5;5 0.0015997600338791059
Y;6;0 0.0
Y;6;1 0.0
Y;6;2 0.0
Y;6;3 0.00017173095086373517
Y;6;4 0.0010543735004372677
Y;6;5 0.007127145672074398
Y;7;0 0.0
Y;7;1 0.0
Y;7;2 8.446028206418497e-06
Y;7;3 0.0
Y;7;4 0.005006087461270542
Y;7;5 0.0
Y;8;0 0.0
Y;8;1 0.0006085386980651927
Y;8;2 0.0
Y;8;3 2.533808461925549e-05
Y;8;4 0.0008395598982600442
Y;8;5 0.0
Y;9;0 0.0
Y;9;1 0.0
Y;9;2 0.0
Y;9;3 8.446028206418497e-06
Y;9;4 0.00042469956764764195
Y;9;5 0.0
Y;10;0 0.0
Y;10;1 0.00010792995193813843
Y;10;2 0.0
Y;10;3 6.869238034549407e-05
Y;10;4 0.0007649191020604779
Y;10;5 0.0
Y;11;0 0.0
Y;11;1 0.0009103934868490484
Y;11;2 0.0
Y;11;3 0.0
Y;11;4 0.0
Y;11;5 0.0
Y;12;0 0.0
Y;12;1 0.0009103934868490484
Y;12;2 0.0
Y;12;3 0.0
Y;12;4 0.003930620970848025
Y;12;5 0.0
Y;13;0 0.0
Y;13;1 0.00039337576840313356
Y;13;2 0.0
Y;13;3 0.0
Y;13;4 0.000256177245126789
Y;13;5 0.0
Y;14;0 0.0
Y;14;1 0.00026792558681783626
Y;14;2 5.067616923851098e-05
Y;14;3 7.601425385776648e-05
Y;14;4 0.0
Y;14;5 0.0
Y;15;0 0.0
Y;15;1 0.0005881752284350563
Y;15;2 5.912219744492947e-05
Y;15;3 7.685114724138509e-05
Y;15;4 0.00027985329942001476
Y;15;5 0.0
Y;16;0 0.0
Y;16;1 0.001162560199554557
Y;16;2 0.0
Y;16;3 3.378411282567399e-05
Y;16;4 0.0
Y;16;5 0.0
Y;17;0 0.0
Y;17;1 0.0006995929419281169
Y;17;2 0.0
Y;17;3 0.0
Y;17;4 0.0
Y;17;5 0.0
Y;18;0 0.0
Y;18;1 0.00021087470008745356
Y;18;2 0.0
Y;18;3 2.533808461925549e-05
Y;18;4 0.0008037767604535088
Y;18;5 0.00182451165298206
Y;19;0 0.0013276454289820625
Y;19;1 0.001103955523490995
Y;19;2 0.0
Y;19;3 3.378411282567399e-05
Y;19;4 0.0
Y;19;5 0.0
Z;0;0 0.0
Z;0;1 0.0
Z;0;2 0.0
Z;0;3 0.0
Z;0;4 0.0008922355350028449
Z;0;5 0.0011262164373397972
Z;1;0 0.0
Z;1;1 0.00021087470008745356
Z;1;2 2.533808461925549e-05
Z;1;3 0.0
Z;1;4 0.0008878257846996779
Z;1;5 0.0
Z;2;0 0.0
Z;2;1 0.0
Z;2;2 8.446028206418497e-06
Z;2;3 0.0
Z;2;4 0.0005839318903024751
Z;2;5 0.0
Z;3;0 0.0
Z;3;1 0.000589981472811163
Z;3;2 0.0
Z;3;3 0.0
Z;3;4 0.00044391289234983896
Z;3;5 0.0
Z;4;0 0.0
Z;4;1 0.0008395598982600442
Z;4;2 0.0
Z;4;3 0.0
Z;4;4 0.0006995929419281169
Z;4;5 0.0
Z;5;0 0.0
Z;5;1 0.0
Z;5;2 8.446028206418497e-06
Z;5;3 0.0
Z;5;4 0.0012497974997215653
Z;5;5 0.0019165296495886096
Z;6;0 0.0
Z;6;1 0.0
Z;6;2 7.685114724138509e-05
Z;6;3 0.0
Z;6;4 0.0002949907364055815
Z;6;5 0.0
Z;7;0 0.0
Z;7;1 0.0
Z;7;2 0.0
Z;7;3 0.0
Z;7;4 0.0038173884049368836
Z;7;5 0.0
Z;8;0 0.0
Z;8;1 0.0005358511736356725
Z;8;2 0.0
Z;8;3 2.533808461925549e-05
Z;8;4 0.0008758978354537127
Z;8;5 0.0
Z;9;0 0.0
Z;9;1 0.0010271599943698952
Z;9;2 8.446028206418497e-06
Z;9;3 0.0
Z;9;4 0.0006995929419281169
Z;9;5 0.0
Z;10;0 0.00475544814766975
Z;10;1 0.0
Z;10;2 7.027205989292155e-05
Z;10;3 0.0001030385705182411
Z;10;4 0.0
Z;10;5 0.0
Z;11;0 0.0
Z;11;1 0.0021601912043180426
Z;11;2 0.0
Z;11;3 2.5617049080461695e-05
Z;11;4 0.0
Z;11;5 0.0
Z;12;0 0.0
Z;12;1 0.002052693231695399
Z;12;2 0.0
Z;12;3 0.0
Z;12;4 0.0
Z;12;5 0.0
Z;13;0 0.0
Z;13;1 0.00017854249996022362
Z;13;2 0.0
Z;13;3 0.0
Z;13;4 0.0004317198077525537
Z;13;5 0.0
Z;14;0 0.0
Z;14;1 0.0
Z;14;2 0.0
Z;14;3 0.0
Z;14;4 0.00022195644617491948
Z;14;5 0.0
Z;15;0 0.0
Z;15;1 0.0005597065988400295
Z;15;2 0.0
Z;15;3 4.2230141032092486e-05
Z;15;4 0.0008037767604535088
Z;15;5 0.0
Z;16;0 0.0
Z;16;1 0.0012407504015521996
Z;16;2 0.0
Z;16;3 0.0
Z;16;4 0.0
Z;16;5 0.0
Z;17;0 0.00182451165298206
Z;17;1 0.0004892059187142958
Z;17;2 0.0
Z;17;3 0.0
Z;17;4 0.0
Z;17;5 0.0
Z;18;0 0.0
Z;18;1 0.0002748291663494753
Z;18;2 0.0
Z;18;3 0.0
Z;18;4 0.000256177245126789
Z;18;5 0.0019165296495886096
Z;19;0 0.0020208510500765177
Z;19;1 0.00214340469454269
Z;19;2 0.0
Z;19;3 8.446028206418497e-06
Z;19;4 0.00027985329942001476
Z;19;5 0.0
W;0;0 0.0
W;0;1 0.0007338088780714435
W;0;2 0.0
W;0;3 0.0
W;0;4 0.00013741458317473765
W;0;5 0.0
W;1;0 0.0
W;1;1 0.00021585990387627685
W;1;2 6.793745823876819e-05
W;1;3 0.0
W;1;4 0.0006335392314190069
W;1;5 0.0
W;2;0 0.0
W;2;1 0.0005006087461270542
W;2;2 0.0
W;2;3 8.492182279846023e-05
W;2;4 0.0
W;2;5 0.0
W;3;0 0.0
W;3;1 0.0
W;3;2 2.533808461925549e-05
W;3;3 0.0
W;3;4 0.0006475797116288305
W;3;5 0.0
W;4;0 0.0
W;4;1 0.0009784118374285915
W;4;2 0.0
W;4;3 0.0
W;4;4 0.0003998958970893761
W;4;5 0.0
W;5;0 0.0
W;5;1 0.0
W;5;2 1.6892056412836994e-05
W;5;3 0.0
W;5;4 0.001199687691268128
W;5;5 0.0
W;6;0 0.000678935817987195
W;6;1 0.0
W;6;2 1.6892056412836994e-05
W;6;3 0.00020381237471630455
W;6;4 0.00042469956764764195
W;6;5 0.0
W;7;0 0.0
W;7;1 0.0
W;7;2 0.0
W;7;3 0.0
W;7;4 0.0005167175642541914
W;7;5 0.0
W;8;0 0.0
W;8;1 0.0005597065988400295
W;8;2 0.0005332447751093341
W;8;3 0.0006884075947054837
W;8;4 9.834394210078339e-05
W;8;5 0.0
W;9;0 0.0
W;9;1 0.0
W;9;2 0.0
W;9;3 0.0
W;9;4 0.0002446029593571479
W;9;5 0.0
W;10;0 0.0
W;10;1 0.0
W;10;2 7.685114724138509e-05
W;10;3 7.027205989292155e-05
W;10;4 0.0
W;10;5 0.004426467024439093
W;11;0 0.0
W;11;1 0.0006398651769132407
W;11;2 0.0
W;11;3 6.756822565134798e-05
W;11;4 0.0
W;11;5 0.0
W;12;0 0.0
W;12;1 0.0003823866578583621
W;12;2 0.0
W;12;3 2.533808461925549e-05
W;12;4 0.000512354490253578
W;12;5 0.0
W;13;0 0.0
W;13;1 0.0
W;13;2 0.0
W;13;3 0.0
W;13;4 0.0
W;13;5 0.0
W;14;0 0.0
W;14;1 0.0
W;14;2 0.0
W;14;3 6.756822565134798e-05
W;14;4 0.00030426934903259636
W;14;5 0.0
W;15;0 0.0
W;15;1 0.00044391289234983896
W;15;2 5.067616923851098e-05
W;15;3 0.0
W;15;4 0.0006335392314190069
W;15;5 0.0
W;16;0 0.0
W;16;1 0.00023319764730937232
W;16;2 8.446028206418497e-05
W;16;3 0.0
W;16;4 0.0
W;16;5 0.0
W;17;0 0.0
W;17;1 0.000256177245126789
W;17;2 0.0
W;17;3 0.0
W;17;4 0.0015213467451629817
W;17;5 0.0
W;18;0 0.0
W;18;1 7.951772992964249e-05
W;18;2 0.0
W;18;3 0.0
W;18;4 0.0002446029593571479
W;18;5 0.0019165296495886096
W;19;0 0.0
W;19;1 0.0
W;19;2 1.6892056412836994e-05
W;19;3 0.0
W;19;4 0.0017025472406592057
W;19;5 0.0016677376721522545
