X;0;0 0.0
X;0;1 0.0
X;0;2 0.0
X;0;3 0.0
X;0;4 0.0003159969037684943
X;0;5 0.0
X;1;0 0.0
X;1;1 0.0003945892376443013
X;1;2 6.006064502342043e-05
X;1;3 0.0
X;1;4 0.00035546301963500096
X;1;5 0.0
X;2;0 0.0
X;2;1 0.0006348177776363507
X;2;2 6.006064502342043e-05
X;2;3 3.0030322511710215e-05
X;2;4 0.0004348497055238184
X;2;5 0.0
X;3;0 0.0
X;3;1 0.0004182579402204845
X;3;2 6.006064502342043e-05
X;3;3 4.504548376756532e-05
X;3;4 0.0
X;3;5 0.0
X;4;0 0.0
X;4;1 0.0
X;4;2 0.0
X;4;3 0.0
X;4;4 0.0010663890589050029
X;4;5 0.0
X;5;0 0.0
X;5;1 0.0
X;5;2 0.0
X;5;3 7.507580627927553e-05
X;5;4 0.0
X;5;5 0.0
X;6;0 0.0
X;6;1 0.0
X;6;2 0.0
X;6;3 0.0
X;6;4 0.0005245010245375114
X;6;5 0.0
X;7;0 0.0
X;7;1 0.0
X;7;2 0.00027324852352492477
X;7;3 0.0
X;7;4 0.0
X;7;5 0.0
X;8;0 0.0
X;8;1 0.0
X;8;2 0.0003260508204156172
X;8;3 0.0005654594128330133
X;8;4 0.0006348177776363507
X;8;5 0.0
X;9;0 0.0
X;9;1 0.0005409232871690601
X;9;2 6.006064502342043e-05
X;9;3 0.0
X;9;4 0.0005190505691577556
X;9;5 0.0
X;10;0 0.0
X;10;1 0.0
X;10;2 7.507580627927553e-05
X;10;3 0.0
X;10;4 0.00020912897011024224
X;10;5 0.0
X;11;0 0.0
X;11;1 0.0
X;11;2 0.0002622139879160724
X;11;3 6.006064502342043e-05
X;11;4 0.0003070148815280529
X;11;5 0.0
X;12;0 0.0
X;12;1 0.0
X;12;2 3.0030322511710215e-05
X;12;3 0.0
X;12;4 0.0007866419637482173
X;12;5 0.0
X;13;0 0.0
X;13;1 0.0
X;13;2 0.0
X;13;3 0.0
X;13;4 0.00019187547011224608
X;13;5 0.0
X;14;0 0.0
X;14;1 0.001366278640676208
X;14;2 6.006064502342043e-05
X;14;3 0.0
X;14;4 0.00045542621355873595
X;14;5 0.0
X;15;0 0.0
X;15;1 0.0
X;15;2 6.038885176779394e-05
X;15;3 6.006064502342043e-05
X;15;4 0.0014289364630284602
X;15;5 0.0
X;16;0 0.0
X;16;1 0.0
X;16;2 6.006064502342043e-05
X;16;3 0.0
X;16;4 0.0
X;16;5 0.0
X;17;0 0.0
X;17;1 0.00035546301963500096
X;17;2 0.0
X;17;3 0.0
X;17;4 0.0
X;17;5 0.0
X;18;0 0.0
X;18;1 0.0011714600804998462
X;18;2 0.0
X;18;3 0.0
X;18;4 0.00031740888881817534
X;18;5 0.0
X;19;0 0.0
X;19;1 0.0010089168833536033
X;19;2 0.0
X;19;3 3.0030322511710215e-05
X;19;4 0.0
X;19;5 0.0
Y;0;0 0.0
Y;0;1 0.0007497767114220571
Y;0;2 0.0
Y;0;3 0.0
Y;0;4 0.00047631215434282005
Y;0;5 0.0
Y;1;0 0.0
Y;1;1 0.0
Y;1;2 0.0
Y;1;3 0.0
Y;1;4 0.0006273869103307267
Y;1;5 0.0
Y;2;0 0.0
Y;2;1 0.0006273869103307267
Y;2;2 0.0
Y;2;3 3.0030322511710215e-05
Y;2;4 0.0
Y;2;5 0.0
Y;3;0 0.0
Y;3;1 0.0004240945596247599
Y;3;2 0.0
Y;3;3 4.504548376756532e-05
Y;3;4 0.0
Y;3;5 0.0
Y;4;0 0.0
Y;4;1 0.0010089168833536033
Y;4;2 6.006064502342043e-05
Y;4;3 0.0
Y;4;4 0.0
Y;4;5 0.0
Y;5;0 0.0
Y;5;1 0.0
Y;5;2 0.0
Y;5;3 6.006064502342043e-05
Y;5;4 0.0008696994110476368
Y;5;5 0.0028440178380072993
Y;6;0 0.0
Y;6;1 0.0
Y;6;2 0.0
Y;6;3 0.00030529946820219585
Y;6;4 0.0011246650671330855
Y;6;5 0.0
Y;7;0 0.0
Y;7;1 0.0
Y;7;2 3.0030322511710215e-05
Y;7;3 0.0
Y;7;4 0.0
Y;7;5 0.0
Y;8;0 0.0
Y;8;1 0.0
Y;8;2 0.0
Y;8;3 6.006064502342043e-05
Y;8;4 0.0014925509302400786
Y;8;5 0.0
Y;9;0 0.0
Y;9;1 0.00037478431942891493
Y;9;2 0.0
Y;9;3 3.0030322511710215e-05
Y;9;4 0.0
Y;9;5 0.0
Y;10;0 0.0
Y;10;1 0.00019187547011224608
Y;10;2 0.0
Y;10;3 0.00018317968092131752
Y;10;4 0.0
Y;10;5 0.0
Y;11;0 0.0
Y;11;1 0.001618477309953864
Y;11;2 0.0
Y;11;3 0.0
Y;11;4 0.0
Y;11;5 0.0
Y;12;0 0.0
Y;12;1 0.0
Y;12;2 0.00010510612879098575
Y;12;3 0.0
Y;12;4 0.0
Y;12;5 0.0
Y;13;0 0.0
Y;13;1 0.00017483367484583714
Y;13;2 0.0
Y;13;3 0.0
Y;13;4 0.00045542621355873595
Y;13;5 0.0
Y;14;0 0.0
Y;14;1 0.0
Y;14;2 3.0030322511710215e-05
Y;14;3 6.006064502342043e-05
Y;14;4 0.0006797985028593104
Y;14;5 0.0
Y;15;0 0.0
Y;15;1 0.0
Y;15;2 3.0030322511710215e-05
Y;15;3 0.00018216568234994985
Y;15;4 0.0009950339534933858
Y;15;5 0.0030972422224433476
Y;16;0 0.0
Y;16;1 0.0
Y;16;2 0.0
Y;16;3 4.504548376756532e-05
Y;16;4 0.0
Y;16;5 0.0
Y;17;0 0.0
Y;17;1 0.0
Y;17;2 0.0
Y;17;3 0.0
Y;17;4 0.0005607393135192356
Y;17;5 0.0
Y;18;0 0.0
Y;18;1 0.00037488835571102854
Y;18;2 0.0
Y;18;3 7.507580627927553e-05
Y;18;4 0.0009526243086856401
Y;18;5 0.0
Y;19;0 0.0
Y;19;1 0.0008411089702788534
Y;19;2 0.0
Y;19;3 3.0030322511710215e-05
Y;19;4 0.0
Y;19;5 0.0
Z;0;0 0.0
Z;0;1 0.0
Z;0;2 0.0
Z;0;3 0.0
Z;0;4 0.00045319900190620696
Z;0;5 0.0
Z;1;0 0.0
Z;1;1 0.00037488835571102854
Z;1;2 3.0030322511710215e-05
Z;1;3 0.0
Z;1;4 0.0
Z;1;5 0.0
Z;2;0 0.0
Z;2;1 0.0
Z;2;2 4.504548376756532e-05
Z;2;3 0.0
Z;2;4 0.0010381011383155112
Z;2;5 0.0
Z;3;0 0.0
Z;3;1 0.0007866419637482173
Z;3;2 0.0
Z;3;3 0.0
Z;3;4 0.0
Z;3;5 0.0
Z;4;0 0.0
Z;4;1 0.0
Z;4;2 0.0
Z;4;3 0.0
Z;4;4 0.0012437207856499856
Z;4;5 0.0
Z;5;0 0.0
Z;5;1 0.0
Z;5;2 3.0030322511710215e-05
Z;5;3 0.0
Z;5;4 0.0009522266664545259
Z;5;5 0.0034071638214908614
Z;6;0 0.0
Z;6;1 0.0022750761845804113
Z;6;2 0.00022770710293743728
Z;6;3 0.0
Z;6;4 0.0
Z;6;5 0.0
Z;7;0 0.0
Z;7;1 0.0011040692706526217
Z;7;2 0.0
Z;7;3 0.0
Z;7;4 0.0013572936550886698
Z;7;5 0.0
Z;8;0 0.0
Z;8;1 0.0
Z;8;2 0.0
Z;8;3 6.006064502342043e-05
Z;8;4 0.001557151707473267
Z;8;5 0.0
Z;9;0 0.0
Z;9;1 0.0012173748081420982
Z;9;2 6.006064502342043e-05
Z;9;3 0.0
Z;9;4 0.0
Z;9;5 0.0
Z;10;0 0.0
Z;10;1 0.00047631215434282005
Z;10;2 0.0007495686388578299
Z;10;3 0.00012211978728087836
Z;10;4 0.0
Z;10;5 0.0
Z;11;0 0.0
Z;11;1 0.0
Z;11;2 0.0
Z;11;3 9.108284117497492e-05
Z;11;4 0.0
Z;11;5 0.0
Z;12;0 0.0
Z;12;1 0.0
Z;12;2 0.0
Z;12;3 0.0
Z;12;4 0.0
Z;12;5 0.0
Z;13;0 0.0
Z;13;1 0.00031740888881817534
Z;13;2 0.0
Z;13;3 0.0
Z;13;4 0.00019187547011224608
Z;13;5 0.0
Z;14;0 0.0
Z;14;1 0.00037488835571102854
Z;14;2 0.0
Z;14;3 0.0
Z;14;4 0.0
Z;14;5 0.0
Z;15;0 0.0
Z;15;1 0.0004975169767466929
Z;15;2 0.0
Z;15;3 7.507580627927553e-05
Z;15;4 0.0009526243086856401
Z;15;5 0.0
Z;16;0 0.0
Z;16;1 0.0
Z;16;2 0.0
Z;16;3 0.0
Z;16;4 0.0
Z;16;5 0.0
Z;17;0 0.0
Z;17;1 0.0
Z;17;2 0.0
Z;17;3 0.0
Z;17;4 0.0002987658050235354
Z;17;5 0.0
Z;18;0 0.0
Z;18;1 0.0004885851846212894
Z;18;2 0.0
Z;18;3 0.0
Z;18;4 0.0
Z;18;5 0.0
Z;19;0 0.0
Z;19;1 0.00047631215434282005
Z;19;2 0.0
Z;19;3 7.507580627927553e-05
Z;19;4 0.0009950339534933858
Z;19;5 0.0
W;0;0 0.0
W;0;1 0.0
W;0;2 0.0
W;0;3 0.0
W;0;4 0.0002442925923106447
W;0;5 0.0
W;1;0 0.0
W;1;1 0.00019187547011224608
W;1;2 0.00015097212941948484
W;1;3 0.0
W;1;4 0.0
W;1;5 0.0
W;2;0 0.0
W;2;1 0.0
W;2;2 0.0
W;2;3 0.00015097212941948484
W;2;4 0.0004348497055238184
W;2;5 0.0
W;3;0 0.0
W;3;1 0.0
W;3;2 1.5015161255855107e-05
W;3;3 0.0
W;3;4 0.0007675018804489843
W;3;5 0.0
W;4;0 0.0
W;4;1 0.0008696994110476368
W;4;2 0.0
W;4;3 0.0
W;4;4 0.0
W;4;5 0.0
W;5;0 0.0
W;5;1 0.0
W;5;2 3.0030322511710215e-05
W;5;3 0.0
W;5;4 0.0010663890589050029
W;5;5 0.0
W;6;0 0.0
W;6;1 0.0
W;6;2 3.0030322511710215e-05
W;6;3 6.038885176779394e-05
W;6;4 0.003775107267979039
W;6;5 0.0
W;7;0 0.0
W;7;1 0.0008899711042258742
W;7;2 0.0
W;7;3 0.0
W;7;4 0.0
W;7;5 0.0
W;8;0 0.0
W;8;1 0.0
W;8;2 0.0004739953556527415
W;8;3 0.0008741683742291857
W;8;4 0.00017483367484583714
W;8;5 0.0
W;9;0 0.0
W;9;1 0.0
W;9;2 0.0
W;9;3 0.0
W;9;4 0.0008696994110476368
W;9;5 0.0
W;10;0 0.0
W;10;1 0.0
W;10;2 0.0003643313646998997
W;10;3 0.00012492810647630497
W;10;4 0.0
W;10;5 0.0
W;11;0 0.0
W;11;1 0.0
W;11;2 0.0
W;11;3 3.0030322511710215e-05
W;11;4 0.0
W;11;5 0.0
W;12;0 0.0
W;12;1 0.0006797985028593104
W;12;2 0.0
W;12;3 3.0030322511710215e-05
W;12;4 0.0
W;12;5 0.0
W;13;0 0.0
W;13;1 0.00047631215434282005
W;13;2 0.0
W;13;3 0.0
W;13;4 0.0
W;13;5 0.0
W;14;0 0.0
W;14;1 0.0010488559516642897
W;14;2 0.0
W;14;3 0.0
W;14;4 0.0
W;14;5 0.0
W;15;0 0.0
W;15;1 0.0007891784752886026
W;15;2 7.507580627927553e-05
W;15;3 0.0
W;15;4 0.0005631459834835617
W;15;5 0.0
W;16;0 0.0
W;16;1 0.0
W;16;2 6.006064502342043e-05
W;16;3 0.0
W;16;4 0.0
W;16;5 0.0
W;17;0 0.0
W;17;1 0.0
W;17;2 0.0
W;17;3 0.0
W;17;4 0.0005409232871690601
W;17;5 0.0
W;18;0 0.0
W;18;1 0.0002827297064165066
W;18;2 0.0
W;18;3 0.0
W;18;4 0.0
W;18;5 0.0
W;19;0 0.0
W;19;1 0.0
W;19;2 0.00010510612879098575
W;19;3 0.0
W;19;4 0.00033630562778453444
W;19;5 0.0
