X;0;0 0.0
X;0;1 0.00036913467423634717
X;0;2 0.0
X;0;3 0.0
X;0;4 0.00010938354361217111
X;0;5 0.0
X;1;0 0.0
X;1;1 0.0002731771645229778
X;1;2 5.1975558193344604e-05
X;1;3 0.0
X;1;4 0.00036913467423634717
X;1;5 0.0009103568093932681
X;2;0 0.0
X;2;1 0.00032961692300348974
X;2;2 5.1975558193344604e-05
X;2;3 4.158044655467568e-05
X;2;4 0.0006020995922637486
X;2;5 0.0008461590244776321
X;3;0 0.0
X;3;1 7.239079734585308e-05
X;3;2 6.237066983201352e-05
X;3;3 4.158044655467568e-05
X;3;4 0.00038820414012870157
X;3;5 0.0008170125716812693
X;4;0 0.0
X;4;1 0.0004921795656484629
X;4;2 0.0
X;4;3 0.0
X;4;4 0.0006152244570605786
X;4;5 0.0
X;5;0 0.0
X;5;1 0.0002106994860245939
X;5;2 0.0
X;5;3 8.835844892868582e-05
X;5;4 0.0007797405925157008
X;5;5 0.0
X;6;0 0.0
X;6;1 0.0
X;6;2 0.0
X;6;3 0.0
X;6;4 0.0006051934898509747
X;6;5 0.0016318299684967797
X;7;0 0.0
X;7;1 0.0
X;7;2 0.0
X;7;3 0.0
X;7;4 0.0010938354361217113
X;7;5 0.0
X;8;0 0.0
X;8;1 9.705103503217539e-05
X;8;2 0.0003009699880759544
X;8;3 0.0005872078517881291
X;8;4 0.0004394892306713197
X;8;5 0.0009103568093932681
X;9;0 0.0
X;9;1 0.0007489707053110064
X;9;2 4.158044655467568e-05
X;9;3 0.0
X;9;4 0.0014373708068984004
X;9;5 0.0
X;10;0 0.0
X;10;1 0.0011480499559846022
X;10;2 5.19755581933446e-06
X;10;3 0.0
X;10;4 0.00028956318938341233
X;10;5 0.005351376752086703
X;11;0 0.0
X;11;1 0.005131500529699244
X;11;2 0.00027229914129745983
X;11;3 2.079022327733784e-05
X;11;4 0.0003188231462022088
X;11;5 0.0009396648381383098
X;12;0 0.0
X;12;1 0.0
X;12;2 3.638289073534122e-05
X;12;3 0.0
X;12;4 0.0004538319021624331
X;12;5 0.0
X;13;0 0.0
X;13;1 0.0001949351481289252
X;13;2 0.0
X;13;3 0.0
X;13;4 6.641843196193134e-05
X;13;5 0.0
X;14;0 0.0
X;14;1 0.0
X;14;2 9.875356056735474e-05
X;14;3 0.0
X;14;4 0.0001576475354626394
X;14;5 0.0
X;15;0 0.0
X;15;1 0.00014478159469170617
X;15;2 0.00016723066643389094
X;15;3 2.079022327733784e-05
X;15;4 0.0006595091367823662
X;15;5 0.0
X;16;0 0.0
X;16;1 0.0008610374669884516
X;16;2 1.559266745800338e-05
X;16;3 0.0
X;16;4 0.00017967135086230005
X;16;5 0.0
X;17;0 0.0
X;17;1 0.00024608978282423144
X;17;2 0.0
X;17;3 0.0
X;17;4 0.0005848054443867756
X;17;5 0.0
X;18;0 0.0
X;18;1 0.0
X;18;2 0.0
X;18;3 0.0
X;18;4 0.0004394892306713197
X;18;5 0.0
X;19;0 0.0
X;19;1 0.0003492404596224012
X;19;2 0.0
X;19;3 3.118533491600676e-05
X;19;4 0.0008195314935689335
X;19;5 0.0
Y;0;0 0.0
Y;0;1 0.0003893071386229912
Y;0;2 0.0
Y;0;3 0.0
Y;0;4 0.0
Y;0;5 0.0
Y;1;0 0.0
Y;1;1 0.00046565394616320156
Y;1;2 0.0
Y;1;3 0.0
Y;1;4 0.00021717239203755925
Y;1;5 0.0
Y;2;0 0.0
Y;2;1 0.00021717239203755925
Y;2;2 0.0
Y;2;3 1.559266745800338e-05
Y;2;4 0.0005617280289832548
Y;2;5 0.0
Y;3;0 0.0
Y;3;1 4.8933987649010766e-05
Y;3;2 0.0
Y;3;3 4.158044655467568e-05
Y;3;4 0.0007382693484726943
Y;3;5 0.0
Y;4;0 0.0
Y;4;1 0.00046565394616320156
Y;4;2 3.118533491600676e-05
Y;4;3 0.0
Y;4;4 0.0001872426763277516
Y;4;5 0.0030789003178195466
Y;5;0 0.0
Y;5;1 0.00025253187880806973
Y;5;2 0.0
Y;5;3 7.79633372900169e-05
Y;5;4 0.0004515746941978115
Y;5;5 0.0
Y;6;0 0.0
Y;6;1 0.00017967135086230005
Y;6;2 0.0
Y;6;3 2.1136117029382793e-05
Y;6;4 0.0006488452310383187
Y;6;5 0.002631561478919778
Y;7;0 0.0
Y;7;1 0.0
Y;7;2 2.079022327733784e-05
Y;7;3 0.0
Y;7;4 0.0015403346034678592
Y;7;5 0.0
Y;8;0 0.0012436006462009342
Y;8;1 0.0005617280289832548
Y;8;2 0.0
Y;8;3 2.5987779096672302e-05
Y;8;4 0.0006888696601108056
Y;8;5 0.0011227764018351138
Y;9;0 0.0
Y;9;1 0.0003027104118464313
Y;9;2 0.0
Y;9;3 2.5987779096672302e-05
Y;9;4 0.0018294750606359961
Y;9;5 0.0009844677131563729
Y;10;0 0.0
Y;10;1 6.641843196193134e-05
Y;10;2 0.0
Y;10;3 0.0
Y;10;4 0.0014121583422654976
Y;10;5 0.0015790651300548956
Y;11;0 0.0
Y;11;1 0.0011204842915065211
Y;11;2 0.0
Y;11;3 0.0
Y;11;4 0.0028394424390746336
Y;11;5 0.0
Y;12;0 0.0
Y;12;1 0.0
Y;12;2 2.5987779096672302e-05
Y;12;3 0.0
Y;12;4 0.0014513062046208095
Y;12;5 0.0
Y;13;0 0.0
Y;13;1 0.00012103869797019495
Y;13;2 0.0
Y;13;3 0.0
Y;13;4 0.0006305901418505576
Y;13;5 0.0
Y;14;0 0.0
Y;14;1 0.0003297545683911831
Y;14;2 8.835844892868582e-05
Y;14;3 3.638289073534122e-05
Y;14;4 0.0
Y;14;5 0.0
Y;15;0 0.0
Y;15;1 0.00014478159469170617
Y;15;2 8.316089310935136e-05
Y;15;3 6.305735158267495e-05
Y;15;4 0.0006888696601108056
Y;15;5 0.0
Y;16;0 0.0
Y;16;1 0.0007154216612643428
Y;16;2 0.0
Y;16;3 2.5987779096672302e-05
Y;16;4 0.0
Y;16;5 0.0
Y;17;0 0.0
Y;17;1 0.0005740249779923011
Y;17;2 0.0
Y;17;3 0.0
Y;17;4 0.0009705103503217539
Y;17;5 0.0
Y;18;0 0.0
Y;18;1 0.001946535693114956
Y;18;2 0.0
Y;18;3 1.039511163866892e-05
Y;18;4 0.0
Y;18;5 0.0
Y;19;0 0.0
Y;19;1 0.00029115310509652615
Y;19;2 0.0
Y;19;3 3.118533491600676e-05
Y;19;4 0.0004921795656484629
Y;19;5 0.0016923180489552643
Z;0;0 0.0
Z;0;1 0.0004305187334942258
Z;0;2 0.0
Z;0;3 0.0
Z;0;4 0.0001568765775829178
Z;0;5 0.0
Z;1;0 0.0
Z;1;1 0.000519076184830655
Z;1;2 5.1975558193344604e-05
Z;1;3 0.0
Z;1;4 0.0005463543290459556
Z;1;5 0.0
Z;2;0 0.0
Z;2;1 0.0007175312224903764
Z;2;2 5.1975558193344604e-05
Z;2;3 0.0
Z;2;4 0.0
Z;2;5 0.0
Z;3;0 0.0011227764018351138
Z;3;1 0.00027229914129745983
Z;3;2 0.0
Z;3;3 0.0
Z;3;4 0.0001365885822614889
Z;3;5 0.0
Z;4;0 0.0021442446155377024
Z;4;1 0.0005166522450831041
Z;4;2 0.0
Z;4;3 0.0
Z;4;4 0.0005740249779923011
Z;4;5 0.0
Z;5;0 0.0
Z;5;1 0.0003179800395410409
Z;5;2 3.638289073534122e-05
Z;5;3 0.0
Z;5;4 0.00032961692300348974
Z;5;5 0.0
Z;6;0 0.0
Z;6;1 0.000787526371585527
Z;6;2 1.5764337895668738e-05
Z;6;3 0.0
Z;6;4 0.0018153276086497324
Z;6;5 0.0
Z;7;0 0.0
Z;7;1 0.0
Z;7;2 0.0
Z;7;3 0.0
Z;7;4 0.0
Z;7;5 0.0
Z;8;0 0.0011227764018351138
Z;8;1 0.0004946318525867747
Z;8;2 0.0
Z;8;3 2.5987779096672302e-05
Z;8;4 0.0007186854034492002
Z;8;5 0.0009844677131563729
Z;9;0 0.0028107322891530347
Z;9;1 0.0012641969161475634
Z;9;2 3.118533491600676e-05
Z;9;3 0.0
Z;9;4 0.00014350624449807527
Z;9;5 0.0
Z;10;0 0.0
Z;10;1 0.0019785274103470986
Z;10;2 0.0003027104118464313
Z;10;3 0.00010568058514691396
Z;10;4 0.001154225945171204
Z;10;5 0.0
Z;11;0 0.0
Z;11;1 0.004874277589230455
Z;11;2 0.0
Z;11;3 9.458602737401242e-05
Z;11;4 0.0029555138838447403
Z;11;5 0.0
Z;12;0 0.0
Z;12;1 0.0
Z;12;2 0.0
Z;12;3 0.0
Z;12;4 0.0
Z;12;5 0.0
Z;13;0 0.0
Z;13;1 0.0004394892306713197
Z;13;2 0.0
Z;13;3 0.0
Z;13;4 0.00013283686392386268
Z;13;5 0.0
Z;14;0 0.0
Z;14;1 0.0002595380924153275
Z;14;2 0.0
Z;14;3 0.0
Z;14;4 0.0
Z;14;5 0.0
Z;15;0 0.0
Z;15;1 0.0006888696601108056
Z;15;2 0.0
Z;15;3 5.1975558193344604e-05
Z;15;4 0.0006595091367823662
Z;15;5 0.0011227764018351138
Z;16;0 0.0
Z;16;1 0.0
Z;16;2 0.0
Z;16;3 0.0
Z;16;4 0.0
Z;16;5 0.0
Z;17;0 0.0
Z;17;1 0.0004515746941978115
Z;17;2 0.0
Z;17;3 0.0
Z;17;4 0.0010341893250814687
Z;17;5 0.0
Z;18;0 0.0
Z;18;1 0.0
Z;18;2 0.0
Z;18;3 0.0
Z;18;4 0.0003152950709252788
Z;18;5 0.0
Z;19;0 0.0
Z;19;1 0.0004946318525867747
Z;19;2 0.0
Z;19;3 4.158044655467568e-05
Z;19;4 0.0013777393202216112
Z;19;5 0.0
W;0;0 0.0
W;0;1 0.0003010497961318743
W;0;2 0.0
W;0;3 0.0
W;0;4 0.0004228141020761159
W;0;5 0.0
W;1;0 0.0015126466980929642
W;1;1 0.00026567372784772536
W;1;2 8.361533321694547e-05
W;1;3 0.0
W;1;4 0.0003898702962578504
W;1;5 0.0
W;2;0 0.0
W;2;1 0.00030806692069357185
W;2;2 0.0
W;2;3 9.406724986906365e-05
W;2;4 0.0003010497961318743
W;2;5 0.0
W;3;0 0.0
W;3;1 0.0005740249779923011
W;3;2 7.276578147068243e-05
W;3;3 0.0
W;3;4 0.00013283686392386268
W;3;5 0.0
W;4;0 0.0
W;4;1 0.0007526244903296857
W;4;2 0.0
W;4;3 0.0
W;4;4 0.0004921795656484629
W;4;5 0.0
W;5;0 0.0
W;5;1 0.0006809949268367835
W;5;2 2.5987779096672302e-05
W;5;3 0.0
W;5;4 0.0006152244570605786
W;5;5 0.0
W;6;0 0.0
W;6;1 0.0020683786501629374
W;6;2 1.559266745800338e-05
W;6;3 1.0451916652118184e-05
W;6;4 0.0005227071601817131
W;6;5 0.0
W;7;0 0.0
W;7;1 0.0
W;7;2 0.0
W;7;3 0.0
W;7;4 0.0
W;7;5 0.0
W;8;0 0.0
W;8;1 0.0001722174150277014
W;8;2 0.00043753417444868445
W;8;3 0.0007262321878211697
W;8;4 0.0002420773959403899
W;8;5 0.000577112972585602
W;9;0 0.0
W;9;1 0.0012165162374421481
W;9;2 0.0
W;9;3 0.0
W;9;4 0.00015052489806593715
W;9;5 0.0
W;10;0 0.0
W;10;1 0.001025830375339932
W;10;2 0.0001261147031653499
W;10;3 0.00021622172274745092
W;10;4 0.0020596694396052676
W;10;5 0.0
W;11;0 0.00369178106980126
W;11;1 0.002362579114756581
W;11;2 0.0
W;11;3 5.19755581933446e-06
W;11;4 0.0
W;11;5 0.0
W;12;0 0.0
W;12;1 0.0003921914439572945
W;12;2 0.0
W;12;3 3.638289073534122e-05
W;12;4 0.0
W;12;5 0.0
W;13;0 0.0
W;13;1 0.00016487728419559155
W;13;2 0.0
W;13;3 0.0
W;13;4 0.0001872426763277516
W;13;5 0.0
W;14;0 0.0
W;14;1 0.0
W;14;2 0.0
W;14;3 9.355600474802028e-05
W;14;4 0.0003744853526555032
W;14;5 0.0
W;15;0 0.0010721223077688512
W;15;1 0.0005463543290459556
W;15;2 5.1975558193344604e-05
W;15;3 0.0
W;15;4 0.0007797405925157008
W;15;5 0.0
W;16;0 0.0
W;16;1 0.0008610374669884516
W;16;2 1.559266745800338e-05
W;16;3 0.0
W;16;4 0.00017967135086230005
W;16;5 0.0
W;17;0 0.0
W;17;1 0.0003152950709252788
W;17;2 0.0
W;17;3 0.0
W;17;4 0.0013106987342942611
W;17;5 0.0
W;18;0 0.0
W;18;1 0.0005872078517881291
W;18;2 0.0
W;18;3 0.0
W;18;4 0.0004515746941978115
W;18;5 0.0
W;19;0 0.0
W;19;1 0.0016220216499228642
W;19;2 4.158044655467568e-05
W;19;3 0.0
W;19;4 0.0003492404596224012
W;19;5 0.0
