Creating gesture-gesture similarity matrix based on NMF...
Found Gesture-Gesture Similarity Matrix Performing SVD
Principal Component 1 Similarity Scores:
Gesture |       Score
559     |       0.10397412667846552
2       |       0.10396214644832717
23      |       0.10395745200405752
1       |       0.1039522739632952
264     |       0.10394739666620192
272     |       0.1039464260138398
4       |       0.10394621110852414
560     |       0.10394397513399972
251     |       0.10393713414613105
577     |       0.10393614915764958
582     |       0.1039300353430819
12      |       0.1039256636063342
250     |       0.10392565062625826
269     |       0.1039174820216562
30      |       0.10391409051411067
6       |       0.10391138143327953
568     |       0.1038980812311468
3       |       0.10389742482467501
16      |       0.10389733833719363
259     |       0.10389727460587224
24      |       0.10389713825261811
11      |       0.10388495973703883
574     |       0.10388217950248527
575     |       0.10386881224683212
9       |       0.10385862415586274
14      |       0.10385366087434592
584     |       0.1038485551274908
564     |       0.10384843698579936
563     |       0.10384485427750254
589     |       0.10384244220817207
25      |       0.10383747096976653
569     |       0.10383648046802856
31      |       0.10383579996991556
576     |       0.10382918247635703
578     |       0.10382674496943187
583     |       0.1038251099444531
586     |       0.10382368424005252
565     |       0.10381275995852464
588     |       0.10380914631481512
22      |       0.10378678868952443
571     |       0.10377893046189211
567     |       0.10376954072977378
20      |       0.10376339998456797
585     |       0.10375312562398585
29      |       0.10375028229323816
27      |       0.10375018617550719
15      |       0.10375009647259412
587     |       0.1037416510096949
278     |       0.1037414970265662
561     |       0.10373571288298139
270     |       0.1037304337222889
271     |       0.10371532024058161
581     |       0.1037149061242776
580     |       0.1037078460874354
252     |       0.10370704146886169
562     |       0.10370044656586652
279     |       0.10369715238686177
277     |       0.10366414310828753
570     |       0.10366341862612194
566     |       0.10366315216546249
21      |       0.10365390947416321
13      |       0.1036450943273839
8       |       0.10363404937010835
265     |       0.10362412916582536
28      |       0.10361334889044732
579     |       0.10360916243217523
267     |       0.10360698455203093
255     |       0.10360072004967248
573     |       0.10359956165334866
256     |       0.10357959131440987
262     |       0.10357028347446572
26      |       0.10356942858884383
274     |       0.10355057804488957
268     |       0.1035484159218459
254     |       0.1035442666456211
19      |       0.10352615242492703
10      |       0.10352357323960444
261     |       0.10349068047095838
275     |       0.10347747982761663
572     |       0.10345322601513632
260     |       0.10344996824274193
263     |       0.10344881919891061
253     |       0.10344352475350728
18      |       0.10341499828008632
249     |       0.10335901008915435
266     |       0.10332705636816729
7       |       0.10331031779133978
17      |       0.10325459361653366
5       |       0.10321311560251484
258     |       0.10318733670077318
273     |       0.10315868611174488
276     |       0.10306222450406104
257     |       0.1026065861885897


Principal Component 2 Similarity Scores:
Gesture |       Score
257     |       0.32195177809628706
276     |       0.24276777292980894
17      |       0.2419174359802523
258     |       0.2260703247426047
249     |       0.1936150801458698
19      |       0.1916174727772303
253     |       0.19153902281884302
261     |       0.1863705217794227
26      |       0.18175799673255602
572     |       0.18165293413944597
273     |       0.17568432974997072
28      |       0.16047821882717847
573     |       0.1598063064586225
570     |       0.15911299319769961
7       |       0.15865812109509908
8       |       0.13823980742327424
5       |       0.1371140196911747
270     |       0.13371040590749045
262     |       0.13237465306599888
255     |       0.12947101561175564
579     |       0.12578355812355382
562     |       0.12381999089161
29      |       0.12324709557469608
566     |       0.12163575113467981
22      |       0.11885314004384487
20      |       0.10643303032515104
31      |       0.10639238349142559
27      |       0.10616520346945948
576     |       0.10564876668197506
21      |       0.1040741996129188
267     |       0.10241586076062151
14      |       0.09958088101152114
252     |       0.09794047651247421
275     |       0.09624791856914436
263     |       0.09606446872198166
575     |       0.08986369828060059
265     |       0.08808649151965514
569     |       0.08537775641410189
6       |       0.07267763496406035
574     |       0.0725441350789833
254     |       0.0722526890664697
268     |       0.07153946888804161
18      |       0.07074756309701809
581     |       0.06727800276354773
266     |       0.06297289015232528
564     |       0.061708029823228615
10      |       0.06110239263266236
561     |       0.06102012371794148
274     |       0.057924769054991526
25      |       0.05625639567256192
271     |       0.05610616100312415
260     |       0.0546220736084385
567     |       0.05308525649955399
571     |       0.05238800596209839
250     |       0.046999942776298875
269     |       0.04673657707030663
30      |       0.045876935220855404
584     |       0.04444170032932179
587     |       0.04111433715102969
588     |       0.03806830604539215
251     |       0.03714278930320901
577     |       0.037023939036956596
24      |       0.035831910893345635
1       |       0.035374266214345515
568     |       0.03455850388230412
259     |       0.030885902111046346
565     |       0.02989463580187987
580     |       0.028401750558113937
560     |       0.023825529738493327
279     |       0.02380479753447979
278     |       0.02042421475670787
13      |       0.020281983544313067
256     |       0.019715512114853773
277     |       0.018643798646705415
585     |       0.017772842317676184
264     |       0.017494940664099633
9       |       0.01725049581008749
23      |       0.016782833309779546
586     |       0.016751095952802716
589     |       0.01657850495983562
3       |       0.015836506515465375
15      |       0.01490261505606937
582     |       0.01428915590931903
559     |       0.014193429848336717
2       |       0.012512587203848607
272     |       0.01175680567276146
583     |       0.01085476475973776
12      |       0.009032372660025923
563     |       0.00852881742947109
16      |       0.006822281898795191
11      |       0.006459463392172782
578     |       0.0031129771515751013
4       |       0.002272740396840326


Principal Component 3 Similarity Scores:
Gesture |       Score
5       |       0.24519247705471375
18      |       0.2385300941582892
266     |       0.23089223009895393
273     |       0.22359631916966766
10      |       0.2156907879464568
263     |       0.20168103829264483
7       |       0.192737051932126
275     |       0.1919399161335042
256     |       0.1918391816525751
13      |       0.19106430249357034
277     |       0.18588717775517064
260     |       0.1775918810968365
254     |       0.15695789294706222
268     |       0.15678319845629723
274     |       0.1524262085572577
279     |       0.14809198028294754
276     |       0.14705569767555518
271     |       0.14239374857998624
561     |       0.1376853263289266
265     |       0.1357125586733104
267     |       0.13113712453843704
258     |       0.1213873927686
563     |       0.11922067573740229
249     |       0.11655245995374182
9       |       0.11319047563306944
567     |       0.11167829854252165
571     |       0.10953437795958161
565     |       0.10907230353430758
262     |       0.10804235888034115
25      |       0.10765145911968999
11      |       0.10250997056732161
21      |       0.10157981847608637
252     |       0.09636075851689772
579     |       0.09611001526903974
16      |       0.09507800101136625
257     |       0.09439692306706711
3       |       0.09340919730765748
8       |       0.08998314849077109
586     |       0.08815740204167909
566     |       0.08228469773072461
255     |       0.07793095703186217
589     |       0.07279604000483189
15      |       0.07187353167763318
28      |       0.070868544033815
253     |       0.06932220090476732
568     |       0.06581672071746991
278     |       0.06447364380230604
573     |       0.0627627388188495
24      |       0.060996293819991464
585     |       0.056297129608217936
574     |       0.05204471308127498
250     |       0.051139619739528824
581     |       0.0496951798421253
264     |       0.04504998643356808
4       |       0.04278258357291835
588     |       0.04245472218283831
562     |       0.04136254357564759
30      |       0.0409514216612111
27      |       0.04072271916185993
560     |       0.04060656734147132
269     |       0.04043833136475356
2       |       0.03962231679087384
261     |       0.039050649147970885
564     |       0.03801121439786969
569     |       0.03789134720083648
584     |       0.035234615233155644
259     |       0.03308845231847792
587     |       0.031178865378448415
577     |       0.029996887425713
20      |       0.029048748689440386
1       |       0.027760970673397396
23      |       0.027746949772508897
583     |       0.02708494744193395
576     |       0.025888591016958163
272     |       0.025494013342363737
22      |       0.02422492866869087
570     |       0.02111593840796231
14      |       0.01766115501993304
582     |       0.01629948060577073
12      |       0.013190490978870855
251     |       0.012433120782801763
559     |       0.011886005653737172
578     |       0.011709459205621477
6       |       0.010729915896849044
19      |       0.008703512015502526
270     |       0.007338600411697841
575     |       0.004128141887281324
580     |       0.00363768631817802
29      |       0.0030943706938657985
572     |       0.001272446290860335
17      |       0.000979692956598381
31      |       0.0007264230871419777
26      |       0.0002339572568702888


Principal Component 4 Similarity Scores:
Gesture |       Score
580     |       0.22231736238411628
260     |       0.20171238139658132
587     |       0.1983650371819704
278     |       0.19244453501147518
585     |       0.19159536846493716
581     |       0.1879434097155718
274     |       0.18602849436087102
15      |       0.1848624261355455
254     |       0.17064485104671992
268     |       0.16930303194241073
578     |       0.16879147468072186
583     |       0.16599667611255234
588     |       0.1603267955342855
266     |       0.1592563350535266
572     |       0.15072682318821612
255     |       0.14990397653810184
21      |       0.13828765329060433
265     |       0.1357492568926636
584     |       0.13388233195058588
579     |       0.13337253624709908
267     |       0.1317385663352457
262     |       0.1308998499402865
589     |       0.12760383350106538
586     |       0.12534968491169207
279     |       0.12438737125973684
27      |       0.11942035026105141
562     |       0.11898515748029445
566     |       0.11852811858895948
252     |       0.11682847923224013
256     |       0.11574391628328082
564     |       0.11548807821760043
20      |       0.11391579719007623
567     |       0.11068626864291561
275     |       0.10956913792159388
571     |       0.10691022884897207
259     |       0.10622827785133526
263     |       0.10546616181076245
565     |       0.09737987666917557
12      |       0.09722283398349599
261     |       0.09507584543351406
271     |       0.09364177797274809
582     |       0.09045487429878588
253     |       0.08916456452988383
29      |       0.08866341204475885
569     |       0.08668198793388891
249     |       0.08630120038906561
8       |       0.08547454262261651
258     |       0.07904229346486014
24      |       0.07851066139697009
7       |       0.0778826381516763
573     |       0.07617601387889872
561     |       0.07585746248758801
270     |       0.07274792518159022
568     |       0.07193241521185953
272     |       0.0676503291413597
30      |       0.06658980003678926
251     |       0.06540701816958529
269     |       0.06060683946604757
577     |       0.05695227743045573
4       |       0.0544011980998652
257     |       0.05402075079596635
22      |       0.04942521662979708
560     |       0.04875337025858056
23      |       0.0440938300817267
575     |       0.043600093828143525
264     |       0.04124046476073213
563     |       0.03785615193740892
574     |       0.037755689056650533
13      |       0.03761422227154522
277     |       0.034678934014395556
576     |       0.0339842702869219
5       |       0.03142039454811311
28      |       0.029675631379845448
17      |       0.02871583296257137
1       |       0.025865372411640036
31      |       0.025422166976115896
9       |       0.025061620263576036
26      |       0.024779431417768834
250     |       0.02068494551146248
18      |       0.017942610929068976
3       |       0.013138488781722336
6       |       0.01226577125551522
16      |       0.01185521892424153
276     |       0.01174238610283031
19      |       0.01065397471885078
11      |       0.007592455303703985
273     |       0.006071539726909142
570     |       0.005315710869736642
10      |       0.004027594548113145
2       |       0.0029239090888419825
25      |       0.002867713266983678
559     |       0.002403849257216806
14      |       0.0009066437134679785