Creating gesture-gesture similarity matrix based on Edit distance...
Found Gesture-Gesture Similarity Matrix Performing NMF
Principal Component 1 Similarity Scores:
Gesture |       Score
17      |       0.9057360869025002
27      |       0.9015000498631649
22      |       0.8926541904298267
20      |       0.8923254405791328
26      |       0.8895848466913137
15      |       0.8890231022280524
23      |       0.8844043223921124
28      |       0.8814754506515604
24      |       0.874484268993083
30      |       0.8652748382699491
25      |       0.8455216672374154
272     |       0.8308554077254613
31      |       0.8279488754332409
29      |       0.820609752020321
585     |       0.7986962843829937
14      |       0.7741290269579437
19      |       0.7649405550828172
1       |       0.7623123602143224
8       |       0.7386244790458231
12      |       0.7372165526576963
2       |       0.7352140913228921
577     |       0.7287141005154095
11      |       0.7274830649308109
584     |       0.7192839939090122
559     |       0.7184065248246636
6       |       0.7183185731462333
265     |       0.712217654150443
581     |       0.697742954607751
586     |       0.696567986497827
262     |       0.6928418363450064
570     |       0.6903200282961321
4       |       0.6804822509700418
583     |       0.6780236150392147
274     |       0.6644531796574915
587     |       0.658489294169233
566     |       0.6440383558903392
582     |       0.6406674305232135
278     |       0.6392476725433384
279     |       0.6371221241041464
270     |       0.634367189890782
575     |       0.6170645591422257
589     |       0.6166855503359567
580     |       0.6115447472531905
268     |       0.6010486107144077
275     |       0.5966976962403934
578     |       0.596561865150901
276     |       0.5895799974120954
256     |       0.5820617742614603
573     |       0.5717239254376933
574     |       0.5700067011087172
588     |       0.5646297004859546
273     |       0.5618854876925975
576     |       0.5607684517499654
258     |       0.5493084050494024
271     |       0.5460274673033796
253     |       0.5398404473227307
254     |       0.5307826129090351
572     |       0.5286380490580812
277     |       0.5206263176594678
267     |       0.5203432260644288
266     |       0.5175003748777092
564     |       0.4975173234002962
560     |       0.4969797973540484
3       |       0.49122682071431867
10      |       0.4911793949656754
563     |       0.4869031992081539
259     |       0.4801463656132926
571     |       0.4793689048777334
567     |       0.47883919995405144
9       |       0.4777433791871068
568     |       0.47140382477751575
263     |       0.4571628231218704
252     |       0.44133073266481343
569     |       0.4377391270470092
255     |       0.43722717912146825
562     |       0.4297881114126046
264     |       0.42583949884260613
5       |       0.42445785458154406
250     |       0.4038959187687401
565     |       0.3934270291486665
260     |       0.37677732105680095
16      |       0.291947471783709
13      |       0.29119946226809507
7       |       0.28944388106638275
21      |       0.28033726757236377
561     |       0.24943731871488173
269     |       0.24867175599634422
251     |       0.244226798495102
18      |       0.22382908019139472
249     |       0.18457666919614923
261     |       0.18366331770164998
257     |       0.18134972465883467
579     |       0.0


Principal Component 2 Similarity Scores:
Gesture |       Score
18      |       0.5131685324850346
257     |       0.49905627142579184
13      |       0.4951217700859566
5       |       0.4886971676836584
7       |       0.48007546002293083
561     |       0.46347535971990866
21      |       0.4595846232518521
249     |       0.41900818213190943
565     |       0.3958246647740833
576     |       0.3911731685781964
269     |       0.3907498342028373
563     |       0.3904450246755766
560     |       0.3849759509611553
9       |       0.3845765889785559
10      |       0.3782001663285807
567     |       0.3610566684256877
579     |       0.3539960358543644
3       |       0.34437702832121786
259     |       0.31609413120532853
589     |       0.30528004415737725
261     |       0.300376460428917
16      |       0.29872458290519904
253     |       0.29767660033295407
571     |       0.2972918772775878
580     |       0.2971912178785231
587     |       0.2927916247877708
588     |       0.2813191308901537
582     |       0.2756023906390003
568     |       0.27396494654185893
268     |       0.26176000125277227
578     |       0.2594730966331121
4       |       0.25865849902964533
278     |       0.25766145678085683
251     |       0.2501978299404657
258     |       0.2499023107193168
8       |       0.248071993065649
583     |       0.2407851758677844
275     |       0.23465020627846306
581     |       0.2329791068018868
586     |       0.22760994710337304
11      |       0.22473236054854887
274     |       0.22248921481527512
255     |       0.2179619128238011
566     |       0.2098713987302245
562     |       0.20913553766881957
12      |       0.20305927815888308
584     |       0.2024260769102128
263     |       0.19640795672704084
273     |       0.19022722011409973
270     |       0.18637833895024933
585     |       0.18519866679188976
252     |       0.1811139891622169
14      |       0.18022468629078567
1       |       0.17947201092614223
271     |       0.1761463163847641
262     |       0.17536864655596981
569     |       0.16725354112996527
559     |       0.1664805906394615
277     |       0.16361368236316357
2       |       0.15908076450270406
279     |       0.1583800913618525
574     |       0.1515804997981222
29      |       0.15033787308233496
24      |       0.13984697120124812
31      |       0.1362770025084344
265     |       0.13449315359532776
250     |       0.13435007892634965
6       |       0.12279512118209572
575     |       0.11948654063033688
19      |       0.11746374704519799
564     |       0.11361569999575089
254     |       0.11049303111458432
573     |       0.10937782131493823
577     |       0.10592063374691195
23      |       0.0963374547318344
22      |       0.09216996963917222
26      |       0.09088116863871101
20      |       0.08734051169633049
264     |       0.08553582913560244
28      |       0.0844811341929035
256     |       0.08193282444441195
30      |       0.07996082829670674
27      |       0.07292631438023779
25      |       0.06962056586836732
276     |       0.06716259775994499
570     |       0.06325884128752572
272     |       0.06280449989809223
260     |       0.060371956856900666
572     |       0.04094326371315408
15      |       0.03937276041844927
267     |       0.03119811747095708
17      |       0.007492992999491254
266     |       0.0


Principal Component 3 Similarity Scores:
Gesture |       Score
254     |       0.5095691473712973
255     |       0.5018220340974028
266     |       0.46455962424390695
250     |       0.4529650905476173
264     |       0.45174500374026155
258     |       0.44314972127555957
260     |       0.4401082172153491
263     |       0.43121639353590996
256     |       0.4301320068522718
261     |       0.4276334516883091
273     |       0.41371515959647476
253     |       0.4026961713446473
277     |       0.400997994910261
267     |       0.39676455917038317
252     |       0.3878406883765783
251     |       0.3843450719591604
275     |       0.37510972481024785
262     |       0.36844864424267076
271     |       0.3658281961274486
249     |       0.35635408426058574
274     |       0.35061459861273786
279     |       0.34169601461999893
265     |       0.3321123058800408
268     |       0.3290862638896242
564     |       0.2926050827072389
4       |       0.262525131871065
276     |       0.2567101349612259
572     |       0.25180031846015233
559     |       0.24965994272829348
574     |       0.24531908829616458
257     |       0.24036772678039187
278     |       0.2370753592222121
586     |       0.23048843314057732
588     |       0.22474163253577228
6       |       0.22327946144294364
577     |       0.22151858183812567
2       |       0.21430498038818768
575     |       0.21086383735029704
259     |       0.1975902477403083
1       |       0.18627265161873188
573     |       0.1859951322141237
11      |       0.18546866675361415
569     |       0.17680101885112068
272     |       0.1697064080397118
9       |       0.16867483076263806
12      |       0.1616100245989404
269     |       0.16056126634487725
576     |       0.16042825443635694
581     |       0.15867840066155176
580     |       0.15763521262768984
16      |       0.15720971748163348
270     |       0.15379146131156174
587     |       0.14824169684257057
570     |       0.1462357599645188
3       |       0.14386203275823775
582     |       0.14135770855055318
7       |       0.14052690579824906
584     |       0.1377394736816454
568     |       0.13675064918077076
562     |       0.1309636571625432
585     |       0.12302229938189513
31      |       0.12140106402597946
30      |       0.11841664647648159
563     |       0.11762439052515951
15      |       0.11630436974194386
14      |       0.10957400703703415
567     |       0.1060801950436338
578     |       0.10176782350277379
566     |       0.10166267279532877
23      |       0.09480129995264304
589     |       0.0886617027190306
29      |       0.08756020303545885
560     |       0.08453690154642511
561     |       0.08053082661116816
571     |       0.07861407801609213
13      |       0.07636758940833689
17      |       0.07485480233739752
21      |       0.07215009233505808
565     |       0.06970890097262768
25      |       0.06970870140555387
26      |       0.06575093563444034
5       |       0.05848372654372612
20      |       0.051002439206441555
19      |       0.047462202228823115
583     |       0.04349570209168188
22      |       0.04041714010490144
27      |       0.03127918510750317
28      |       0.026990929862398965
24      |       0.024927131471475586
10      |       0.0017891587593633193
8       |       0.00040777816765205497
18      |       0.0
579     |       0.0


Principal Component 4 Similarity Scores:
Gesture |       Score
562     |       0.5564870598402913
573     |       0.523358011327017
571     |       0.5059367352993429
572     |       0.5048431040138629
569     |       0.4986622703926818
564     |       0.47376452050766826
568     |       0.4709398384660447
567     |       0.4367917875656013
575     |       0.4343608956504309
566     |       0.4296849543620158
565     |       0.38789306605511314
10      |       0.3844603562761925
563     |       0.3788291003357187
570     |       0.3771858562469071
561     |       0.36124167717323
560     |       0.3453520397929527
260     |       0.3421329970570876
574     |       0.3368507197760124
266     |       0.32134246759943513
251     |       0.3101179551487974
267     |       0.30800267866453657
259     |       0.29872167897035423
577     |       0.2966660248601121
252     |       0.28872917042788254
250     |       0.28798973085027907
8       |       0.2770185485785309
256     |       0.2584114110852239
578     |       0.24962784547858718
589     |       0.2493437326929071
582     |       0.24922257122509922
588     |       0.24267803864091558
583     |       0.2414078014316002
19      |       0.23449327123258812
16      |       0.23397552076107886
13      |       0.2087850880796177
580     |       0.20775040260786848
270     |       0.19735358744275405
269     |       0.1811775577366172
276     |       0.17704492660822746
254     |       0.17003514499590153
584     |       0.16983107354326865
576     |       0.16967732628215965
29      |       0.15942153136693443
3       |       0.1590993772495366
6       |       0.15635441411387524
586     |       0.15065767288930088
14      |       0.14824786692388486
271     |       0.14765133946687609
31      |       0.1471391465998551
28      |       0.1462485886483296
579     |       0.1456138001299952
559     |       0.14211203369177686
255     |       0.14190017674278327
264     |       0.13987133036114446
581     |       0.13476667733095035
278     |       0.12981351196545915
25      |       0.12770280627205574
30      |       0.12283790455202807
12      |       0.12087940762997211
265     |       0.11936420766577314
258     |       0.1148735257849391
587     |       0.11478366774180747
9       |       0.10389550956574237
249     |       0.10329870773069177
11      |       0.10249402504034624
7       |       0.09919726129330698
279     |       0.09898245374971451
21      |       0.09720633650784614
26      |       0.09584619964161736
585     |       0.0936728738220265
1       |       0.09028699378915621
2       |       0.08691520773470367
20      |       0.08623712278001323
263     |       0.08538536012173853
275     |       0.08107385234242767
253     |       0.08046320950072774
277     |       0.0798555637811607
5       |       0.07607023264830111
17      |       0.07308417150234964
24      |       0.07145657254529171
262     |       0.07016468072404233
272     |       0.06823282163325907
4       |       0.06591719582100052
22      |       0.06391024480784938
27      |       0.06158212971715535
273     |       0.05185754224605146
23      |       0.05023346625777169
274     |       0.045452384113631235
268     |       0.0360355581767752
15      |       0.0
18      |       0.0
257     |       0.0
261     |       0.0
