Creating gesture-gesture similarity matrix based on PCA...
Found Gesture-Gesture Similarity Matrix Performing SVD
Principal Component 1 Similarity Scores:
Gesture |       Score
566     |       0.1561245484458756
267     |       0.15588810702747857
272     |       0.15212423002225578
249     |       0.15036794237865572
265     |       0.148690499012462
30      |       0.14865388178572508
564     |       0.14831438279362408
571     |       0.14736816886010518
251     |       0.14668605248689728
582     |       0.14522258508564403
261     |       0.14487921016257774
264     |       0.1444767149474896
562     |       0.14427951531177893
588     |       0.14400332235597033
576     |       0.14282087805635996
5       |       0.14205915836201038
577     |       0.14046875564747036
568     |       0.13999917647064697
263     |       0.13729308421430844
586     |       0.13662877885613853
573     |       0.13471810353065625
273     |       0.13413955091169283
259     |       0.13389093084818596
31      |       0.1326316615278972
575     |       0.13242583836646932
572     |       0.1322459804781221
560     |       0.12950025994187328
8       |       0.12656971003718792
569     |       0.12649140434129436
255     |       0.12590903887776825
17      |       0.12589517042378626
570     |       0.12259608652209825
583     |       0.11675491482950492
14      |       0.11561730721906281
260     |       0.11323180962584876
262     |       0.11231940238369106
574     |       0.1098501422324689
24      |       0.1093982994311867
252     |       0.10934491316413784
19      |       0.10922945716859055
15      |       0.1091673244823379
254     |       0.10904321254308189
23      |       0.10610985170746987
266     |       0.10443291891125764
581     |       0.10333406205406254
253     |       0.10188483720794322
257     |       0.10169417905569886
565     |       0.10111973395080373
25      |       0.10013972699521864
579     |       0.09661050019484638
256     |       0.09346086228824001
7       |       0.09324783423508771
271     |       0.09172533235733961
250     |       0.09124548651142711
559     |       0.09086842198258104
21      |       0.09083956631388547
11      |       0.0873204369536538
585     |       0.0865178170552313
580     |       0.08622522749543265
1       |       0.0852201901005256
258     |       0.0832352961715357
3       |       0.08206082002983478
18      |       0.08156255584876497
22      |       0.07937552120064698
270     |       0.07864252297315755
578     |       0.0750222968662841
587     |       0.06880681133600915
276     |       0.06528787458897932
274     |       0.05595232565233767
269     |       0.05552229246316995
6       |       0.05336847804140737
26      |       0.05178050176434286
589     |       0.050655242564463306
10      |       0.04901528233884975
27      |       0.046424111579672675
4       |       0.04631345779169468
20      |       0.04477078857981414
29      |       0.044215337865095766
278     |       0.042914954994119875
268     |       0.04230538982560714
563     |       0.04176249532846975
279     |       0.03905802848393038
584     |       0.03866741208898786
561     |       0.03551541724262221
567     |       0.027753450853650972
16      |       0.02571637147177434
13      |       0.0183000092918367
9       |       0.012823999591803465
2       |       0.009065097212225847
12      |       0.008967955457927227
277     |       0.006220577585214468
275     |       0.0011345173392272269
28      |       0.0002598207409724559


Principal Component 2 Similarity Scores:
Gesture |       Score
28      |       0.19814548949586772
279     |       0.19672560013505863
4       |       0.19523637913508576
6       |       0.19086804270675728
2       |       0.1840449517947089
270     |       0.18000485213593334
12      |       0.1770398241644048
258     |       0.1737012423876656
250     |       0.16945286991462674
256     |       0.16704968294351308
271     |       0.16646361182105296
559     |       0.16565232181527315
1       |       0.16091779791712815
11      |       0.15815108537886194
253     |       0.15735019954654358
266     |       0.1532387758284415
9       |       0.14733852366711872
252     |       0.1466587758451597
254     |       0.14632308238242153
277     |       0.145453092745613
262     |       0.14516521049087333
13      |       0.14100187352278543
14      |       0.14081909724279743
260     |       0.13498381720968888
570     |       0.12995865759177241
8       |       0.1220247967540892
569     |       0.12032341497727068
255     |       0.11978568104129886
560     |       0.11371492496017702
18      |       0.11156012749338184
573     |       0.10620303172670134
259     |       0.10607931969980684
273     |       0.10413313328520526
26      |       0.09956487326474808
23      |       0.0988947947686079
567     |       0.09796502740432889
16      |       0.09777030213489467
572     |       0.09741674598999907
561     |       0.09705336959009044
263     |       0.09618286812087544
586     |       0.09096116984170792
21      |       0.08884438032587307
269     |       0.08519738389599639
568     |       0.08437199886697731
562     |       0.07810676472588719
275     |       0.07794194348210168
31      |       0.07577447812759816
576     |       0.07545615379190226
278     |       0.07417341884636289
575     |       0.07315199754859274
577     |       0.07287786544649362
579     |       0.07053760936833642
564     |       0.06917078076259482
251     |       0.06729110385716935
581     |       0.06702718254256064
264     |       0.06374280026372152
583     |       0.06340848845601363
3       |       0.062149857797062724
268     |       0.05980597422166414
565     |       0.05815257957019567
265     |       0.057709198452114814
563     |       0.05468116884231467
15      |       0.05442524699055274
29      |       0.05191233137590677
24      |       0.05166396551117603
20      |       0.05125061496791064
582     |       0.04986696281646056
17      |       0.049325937656291646
30      |       0.04886432583730219
571     |       0.04766815243453755
587     |       0.0461727412376834
249     |       0.04549625501331792
25      |       0.04494999735381487
5       |       0.041664690854599985
584     |       0.041428205733687024
276     |       0.04138502025361005
274     |       0.041373057901873615
589     |       0.038559252841390126
261     |       0.03678943170952442
19      |       0.03614099626705765
580     |       0.03345650576482517
578     |       0.032732669172727526
585     |       0.030016696041687847
22      |       0.025650563591246473
27      |       0.023328709525585124
574     |       0.019144533462158282
10      |       0.01678687223718368
267     |       0.014198427953361067
272     |       0.011660364262797884
7       |       0.010702514021819124
588     |       0.00991097325249868
257     |       0.005206410486620619
566     |       0.0008702128676820986


Principal Component 3 Similarity Scores:
Gesture |       Score
29      |       0.2000020366747663
20      |       0.19990782500958662
275     |       0.19980479168160112
268     |       0.19794762380941633
274     |       0.19666396011685042
589     |       0.1957534010282433
278     |       0.19275721478234298
587     |       0.18742709306457353
10      |       0.18538729630506592
16      |       0.17834735123936088
567     |       0.17830398279395746
578     |       0.17699206163797512
580     |       0.17230346045287384
7       |       0.16964049319775343
22      |       0.1684125942301335
3       |       0.1596004595784092
561     |       0.1568268304723681
277     |       0.15396243177081817
579     |       0.15202177604308376
25      |       0.15118852281390194
26      |       0.14920396835787797
565     |       0.14727835245991666
257     |       0.14350255986845042
21      |       0.14327369119720315
19      |       0.14057023338826147
581     |       0.13959597329500473
24      |       0.13927932076435787
15      |       0.13549577578317834
9       |       0.13511524109085155
583     |       0.11674839301848415
574     |       0.11535870162547025
23      |       0.11228025077370239
12      |       0.10979204097657161
17      |       0.1092666404967261
2       |       0.0960620456067337
563     |       0.0922126867884123
575     |       0.08780370841610834
588     |       0.08573862727184461
31      |       0.08486566862670969
276     |       0.07411620289396081
11      |       0.0675341766857772
582     |       0.06424938602895354
1       |       0.059562326277178834
5       |       0.05910334252365721
28      |       0.058570263196997305
577     |       0.05805095319526167
261     |       0.05662670768424019
272     |       0.05430587185889794
260     |       0.052883953324432464
571     |       0.052052826466179376
30      |       0.048797895499366514
586     |       0.04730238635105998
576     |       0.04571817523326524
279     |       0.04519741427544587
249     |       0.041232055268584644
27      |       0.037739052523236845
572     |       0.03755036017537423
255     |       0.03667834370443507
254     |       0.034648674620661846
251     |       0.034075404948179885
273     |       0.03322711365282153
264     |       0.032992510507893376
568     |       0.0324764625504935
258     |       0.031761502318418025
252     |       0.031121122997637737
585     |       0.031024010761671876
569     |       0.030651581480894058
271     |       0.029699567950725182
560     |       0.028984950529307083
559     |       0.028395650425735955
266     |       0.02821639162244151
4       |       0.027345746628512375
267     |       0.02645788161716696
562     |       0.026114851382387137
263     |       0.022526155613808774
6       |       0.021366763548459282
265     |       0.02131294614546737
253     |       0.02089697468694174
584     |       0.01321593226729005
262     |       0.012984772884639765
256     |       0.010342026136440498
564     |       0.009341011507542596
270     |       0.008524473021872868
566     |       0.008507806932743762
573     |       0.007823088501549698
18      |       0.005969141926815848
13      |       0.003262733821587163
259     |       0.002435090177333651
570     |       0.0017688469791375722
8       |       0.0017339376403209632
14      |       0.0016635481164601453
269     |       0.001166759030361501
250     |       0.00023309473081323335


Principal Component 4 Similarity Scores:
Gesture |       Score
584     |       0.33263074164616524
27      |       0.32769998485588786
269     |       0.29562682969020304
563     |       0.2893186738579844
276     |       0.2877169242035907
585     |       0.2846941495522711
13      |       0.2550788308344851
18      |       0.23396441581418148
574     |       0.1644683169014413
561     |       0.1585679459574582
26      |       0.15114964012774348
10      |       0.14006046263205885
257     |       0.1315540030336693
22      |       0.12266113608567247
9       |       0.11118693457867845
3       |       0.10681190403623185
578     |       0.09675905744709719
5       |       0.0935132317901894
16      |       0.09285481167926103
567     |       0.08950935130347396
583     |       0.0893611338742573
19      |       0.08917475004228861
25      |       0.08476033644790706
15      |       0.08372701496465326
261     |       0.08102536142588293
23      |       0.07803772279021562
17      |       0.07712055407173894
581     |       0.0763598289354956
572     |       0.07457375290973764
21      |       0.07389350950038767
565     |       0.07357547850837295
264     |       0.07093305250446993
589     |       0.06999412646051668
24      |       0.06956646472636961
580     |       0.06759619349638543
6       |       0.0646952009898413
1       |       0.06365908814744432
7       |       0.059751985115350036
568     |       0.052464721677857276
265     |       0.05147379708242709
28      |       0.04916702886513855
4       |       0.04590332586730495
11      |       0.04561005287451944
259     |       0.04555812688452594
2       |       0.044862746795839306
559     |       0.044213219492846574
566     |       0.04324420375310581
263     |       0.04312044116913795
12      |       0.041766381083930784
571     |       0.040501732341255696
579     |       0.03934015169298141
8       |       0.034772253106501005
577     |       0.03340188744521967
586     |       0.03110765534854645
560     |       0.028971583134403046
573     |       0.02734581863946929
587     |       0.026739931624762008
562     |       0.02414579047423362
268     |       0.02273920114684725
274     |       0.022340257025958415
249     |       0.0210749110062288
570     |       0.020959897069115763
575     |       0.020822189803079254
588     |       0.020562113304687928
582     |       0.019919438756403725
31      |       0.019812209761535672
275     |       0.018531584390502447
14      |       0.01828827470948453
251     |       0.017609842064261024
30      |       0.01690062707623793
258     |       0.01576971429161496
260     |       0.015453638995889168
271     |       0.014378362654022238
278     |       0.01197011562915026
277     |       0.011277680938333815
250     |       0.010862217594160072
256     |       0.010132277961344006
576     |       0.009895030339847616
279     |       0.009807312616152442
262     |       0.009734280473544831
20      |       0.009518672561736188
266     |       0.00870042583332813
270     |       0.008628148571677027
29      |       0.006503011652314775
564     |       0.005658172089443592
255     |       0.0051948227007692985
252     |       0.004001326731996821
254     |       0.003132822711278645
253     |       0.002316696938578984
272     |       0.0017378756140768129
569     |       0.0014263452525578044
267     |       0.0013699344731153437
273     |       0.0007892665446242285