Creating gesture-gesture similarity matrix based on Edit distance...
Found Gesture-Gesture Similarity Matrix Performing SVD
Principal Component 1 Similarity Scores:
Gesture |       Score
30      |       0.12240595796293295
26      |       0.12204065438981647
31      |       0.12187073060234778
28      |       0.12128945560492597
20      |       0.12101582790878491
23      |       0.12086477269850163
29      |       0.1205911406771107
577     |       0.12034839082220054
22      |       0.11968411404150556
24      |       0.11937022043179492
17      |       0.11931480292867436
27      |       0.11927878138664633
585     |       0.11811267799610684
25      |       0.1173192283953057
15      |       0.11726256350418192
272     |       0.11717461101746826
14      |       0.11684367844649389
8       |       0.11669774886367983
265     |       0.11647081540891378
1       |       0.1162781211667522
559     |       0.11586171579412718
586     |       0.11561769712518274
566     |       0.11557622273307097
262     |       0.11544758439507145
11      |       0.11473828986746717
12      |       0.1146137126424393
19      |       0.1138241874265948
570     |       0.11377945566176381
584     |       0.11358942252709861
575     |       0.11342954548651875
2       |       0.1131524100971844
6       |       0.11312996347458878
4       |       0.1125789233823472
274     |       0.11215820557560945
581     |       0.11173275644303013
582     |       0.11149819115542618
573     |       0.1104679670487011
256     |       0.10944111775440644
278     |       0.109314162027952
583     |       0.10924109178572212
587     |       0.10831291030554811
279     |       0.1078441495913439
580     |       0.1077300063924477
589     |       0.10740875757202335
275     |       0.1073283614800418
258     |       0.10720406383291076
588     |       0.10616039896067822
574     |       0.10611671680271859
268     |       0.10473330527097818
253     |       0.10470007633669146
270     |       0.10446311269519654
564     |       0.10432182245823145
576     |       0.10431601545223758
572     |       0.1041454298447548
254     |       0.10408373890382128
578     |       0.10335520038971299
563     |       0.103273537480706
567     |       0.10311169398909859
266     |       0.10220959270712666
571     |       0.10210458049946641
273     |       0.10134007693639194
568     |       0.1011276142455862
271     |       0.10102656558139426
560     |       0.10099797214211373
267     |       0.10014661573565428
259     |       0.09883415263719363
10      |       0.09780910023633944
276     |       0.09719179579115364
562     |       0.09673156526859047
252     |       0.09631158220944078
255     |       0.09601710117054499
277     |       0.09569985389511083
569     |       0.09510035059517631
250     |       0.09257330709491768
3       |       0.09213619667512843
263     |       0.09121514961505145
9       |       0.09095022324990626
565     |       0.09010111689908747
260     |       0.08764278924279262
264     |       0.08562387659882012
5       |       0.08268706155367961
251     |       0.07622941256705637
561     |       0.07485874210280663
13      |       0.07390979498938896
7       |       0.07075893411527727
16      |       0.06964112157436764
269     |       0.06636617390589551
249     |       0.0656217101667455
21      |       0.0651944146701774
257     |       0.058375632980815294
261     |       0.058193932848659626
18      |       0.05254723732914381
579     |       0.02411255512805019


Principal Component 2 Similarity Scores:
Gesture |       Score
561     |       0.20894062244244205
17      |       0.20348685485578102
15      |       0.20118637254217783
27      |       0.19118344487558034
249     |       0.19029994201453515
22      |       0.1798811170926886
251     |       0.17945656713345387
20      |       0.17323831273181373
23      |       0.16993835113147857
257     |       0.16626254665774898
26      |       0.16587599395141928
13      |       0.16539728011073307
579     |       0.16487032410051825
24      |       0.1594349360703269
28      |       0.1590593389590358
565     |       0.1528675678138102
25      |       0.15186436265449663
269     |       0.14882587453508025
272     |       0.14828045088003242
30      |       0.14582788402036537
7       |       0.1420216043135184
567     |       0.13867452094454333
562     |       0.1375151879523316
261     |       0.13421837479832668
563     |       0.13265209124109717
571     |       0.1307705926874078
568     |       0.12602485704485114
21      |       0.1241700401420668
16      |       0.11982488977712916
18      |       0.11634346875649793
569     |       0.11346246971320592
560     |       0.11258601933710335
31      |       0.10919700945167406
10      |       0.10727665067774951
29      |       0.1052905810759947
250     |       0.10383656297278192
259     |       0.10138335170952745
585     |       0.09923723692959933
260     |       0.09827679774475769
252     |       0.0980158400665351
564     |       0.0937761496294931
255     |       0.09201220167340449
19      |       0.08834652144880743
5       |       0.08743393798558206
14      |       0.08171768730008279
1       |       0.08068880992352295
2       |       0.07625354057176865
573     |       0.0666068129480929
9       |       0.06586273523004921
6       |       0.06317605025095517
576     |       0.06289124598993676
12      |       0.061992088462078355
572     |       0.06158380394716583
3       |       0.059290220282006985
253     |       0.05655103472771146
588     |       0.056512121484026984
258     |       0.05472595324689506
11      |       0.05265771484630111
263     |       0.050426905222444855
584     |       0.048215955170825116
265     |       0.04759404502189038
559     |       0.04723615512138721
574     |       0.040590662228534115
566     |       0.040065813098801355
264     |       0.039574453426575285
254     |       0.03952491530707148
581     |       0.037888897551751045
575     |       0.03781821016835017
276     |       0.03608397943427705
262     |       0.035304891591631894
266     |       0.03515568456775625
8       |       0.033393734621139176
577     |       0.032911110822378624
267     |       0.03258316230951557
570     |       0.028946855091851274
589     |       0.02742461659802928
580     |       0.027280070756094385
256     |       0.02599809432837301
271     |       0.02503442414918574
4       |       0.024359607271922466
279     |       0.02325345937627687
274     |       0.02177517452096587
583     |       0.021670384209037347
586     |       0.02162040185447639
582     |       0.020627233551757575
270     |       0.02050664841650066
578     |       0.01958322723159795
277     |       0.015123669391565831
275     |       0.014888756254407897
587     |       0.01439227121814999
273     |       0.00785808548639976
268     |       0.0019034084038808898
278     |       0.0006579376087979751


Principal Component 3 Similarity Scores:
Gesture |       Score
254     |       0.22620014636323937
264     |       0.20856120115953827
255     |       0.20699705849566205
266     |       0.2012143307942822
10      |       0.19276677299860398
261     |       0.18336077315262878
263     |       0.17679667633980078
260     |       0.17253276020032188
250     |       0.17115440018136396
273     |       0.1670452527369716
256     |       0.1634546381874704
277     |       0.16293006772090474
258     |       0.16031090394398795
8       |       0.1580864486169418
267     |       0.14951189177897012
565     |       0.14883081666713208
571     |       0.14708769671632552
561     |       0.1446261098936418
18      |       0.139173158699685
560     |       0.1360742366246442
567     |       0.132463715071879
253     |       0.13067399062174404
262     |       0.13050570670971146
13      |       0.12911441749179284
579     |       0.12695919104892553
275     |       0.1243194534635233
271     |       0.12365760623180794
563     |       0.12216592608834853
5       |       0.12195084108369672
583     |       0.1196931029137455
252     |       0.11645603766841289
279     |       0.11562576599110015
274     |       0.11425530846298367
566     |       0.10822329255393404
265     |       0.1073376144567845
251     |       0.10611469030045236
589     |       0.10472281795591719
21      |       0.10184199058863556
562     |       0.09943655670206406
568     |       0.09844782687860536
268     |       0.0973764904288557
19      |       0.09132153082247825
249     |       0.09070416217490025
24      |       0.08724901898462555
28      |       0.08714280577187009
578     |       0.0843885650334136
276     |       0.07363935203630055
27      |       0.06699607931819034
582     |       0.06625011310753234
22      |       0.0657277041890888
7       |       0.06402532267022774
29      |       0.06385415755110797
20      |       0.062198466068263555
576     |       0.0612758080099899
26      |       0.05535181791414264
3       |       0.053990582709513894
14      |       0.05203411584695116
580     |       0.05167270198293791
25      |       0.05102668080992465
569     |       0.0507042123308099
4       |       0.04600790502724514
573     |       0.04444906813890967
559     |       0.043611290986368755
269     |       0.042988667409997655
587     |       0.04211491623701608
584     |       0.04068180379457713
259     |       0.038688743052327765
570     |       0.038577313364369696
31      |       0.03747785821663318
9       |       0.03658899772400786
585     |       0.036549452334030945
16      |       0.0357271403549091
564     |       0.03514822908557868
6       |       0.03476368861165797
2       |       0.03266311097507477
23      |       0.029730906680044307
581     |       0.027044488171624595
17      |       0.026339273933678478
270     |       0.026238022865929196
272     |       0.025288926598607122
30      |       0.023433302566825333
257     |       0.02110456020446573
278     |       0.020734753572976588
572     |       0.019360910495113542
575     |       0.0175760142346403
12      |       0.01742356178003286
574     |       0.017309747710549803
586     |       0.016345987411426132
577     |       0.010862672851259298
588     |       0.009266304717169733
1       |       0.007692296797553313
15      |       0.007018516436604079
11      |       0.003586963592736449


Principal Component 4 Similarity Scores:
Gesture |       Score
572     |       0.26195084469754076
257     |       0.2596612860558864
18      |       0.25330540987285965
573     |       0.23973924890113582
562     |       0.21600220526103642
564     |       0.20851860626917312
5       |       0.20267002652208793
569     |       0.20103848979734418
7       |       0.1824962830666618
575     |       0.18083564082272136
266     |       0.18060357394041576
570     |       0.17313418727698307
21      |       0.17063863021530787
261     |       0.1578859863512739
260     |       0.15596675009256092
249     |       0.1519402966050794
267     |       0.14718629446690915
571     |       0.14365412378897055
9       |       0.1392255353341777
566     |       0.13537211006287445
568     |       0.13296876519668108
268     |       0.12610138461444495
13      |       0.12239371627181035
253     |       0.11730335002834773
574     |       0.10816167577758362
4       |       0.10745589420269983
576     |       0.10587922786526645
274     |       0.10365115277270923
577     |       0.10219420318965339
587     |       0.09174955210773666
256     |       0.09100868844040817
269     |       0.08991117538350578
250     |       0.08772201651770538
275     |       0.08700256791432882
3       |       0.086544999566848
273     |       0.08308275580997566
579     |       0.08051294828596293
258     |       0.07504671138520481
567     |       0.07068174821116403
11      |       0.06957274218984938
262     |       0.0678208653253727
278     |       0.06722704429356237
252     |       0.06571731543647208
263     |       0.0637268637260971
19      |       0.06208688969523173
585     |       0.05620941113857785
1       |       0.05613672719562729
276     |       0.0528655722727641
581     |       0.05249195762262141
277     |       0.052001825311413216
251     |       0.05005666310860649
24      |       0.04840862299190824
12      |       0.04814283741875717
2       |       0.04787559364758991
15      |       0.04642327121030478
586     |       0.041904993447310385
255     |       0.041743013232259464
23      |       0.04154314875865713
279     |       0.0397444048692442
580     |       0.03749648819840934
10      |       0.03384776717386345
22      |       0.0308002323517038
565     |       0.02796508282641662
8       |       0.02566280874211759
254     |       0.02471469221567625
264     |       0.023483009984926712
27      |       0.023024323111847583
28      |       0.022517766527510745
563     |       0.022373337411322594
14      |       0.021162495841178998
559     |       0.0193134999093531
25      |       0.018856829659388733
265     |       0.01866678643862591
271     |       0.01744575448090956
584     |       0.017320606191273406
561     |       0.01614824474587524
589     |       0.015572205144860483
20      |       0.015289313077413014
16      |       0.014933577957352923
272     |       0.01449121655933409
17      |       0.014476998559893048
26      |       0.011554211404727927
6       |       0.011502724718092286
583     |       0.009594936061763013
30      |       0.009553041813778704
259     |       0.00939520344918836
588     |       0.009124820247070481
270     |       0.00822028213393231
578     |       0.006968360635134367
560     |       0.005640384964171425
582     |       0.0024949327016839068
31      |       0.0019596208979991594
29      |       0.0007445189682897138