Creating gesture-gesture similarity matrix based on SVD...
Found Gesture-Gesture Similarity Matrix Performing SVD
Principal Component 1 Similarity Scores:
Gesture |       Score
264     |       0.11793897318073661
566     |       0.11762753238176563
568     |       0.11760656516354864
30      |       0.11741724277763156
267     |       0.117355715070308
564     |       0.11723589112670023
572     |       0.11715258385985536
562     |       0.11714257535023608
571     |       0.11709901444252284
17      |       0.11706859195538913
582     |       0.11706144082940727
588     |       0.11703833422814383
577     |       0.11703563377674432
573     |       0.11686231705613849
576     |       0.1167324132372001
575     |       0.11659036455232184
272     |       0.11657898834138179
31      |       0.11644905179850226
574     |       0.11638351272137347
585     |       0.11637157578716514
8       |       0.11627222373266721
569     |       0.11614076469056332
570     |       0.11611357698636174
26      |       0.11593544423254912
14      |       0.11586676760894941
560     |       0.11569486653229416
249     |       0.11565492282957084
251     |       0.1153579991335655
259     |       0.11503617452850351
586     |       0.11495051307643674
23      |       0.11478230367040237
7       |       0.11437076179681932
269     |       0.11432790607655466
273     |       0.11420470196558931
580     |       0.11407472535803818
565     |       0.11381981666195506
257     |       0.11376766096805131
13      |       0.11323877703455161
1       |       0.11268283400613445
9       |       0.11255251397667906
6       |       0.1119585723151217
561     |       0.11194712002047517
567     |       0.1113433285708194
270     |       0.11059451414226931
11      |       0.11051122729677675
559     |       0.10997844308075869
563     |       0.10989263013045193
28      |       0.10967156373011752
261     |       0.10955435367421205
18      |       0.10949090704091818
262     |       0.10885901620430613
274     |       0.10873150738908628
10      |       0.10857682041970357
578     |       0.10852647165711572
16      |       0.10824851629030441
255     |       0.10722109763593127
263     |       0.10692681715206022
22      |       0.10676504473502953
265     |       0.10622478674349797
5       |       0.10591472447985185
589     |       0.10364063447355283
587     |       0.10347462727071283
250     |       0.10277220364448736
21      |       0.1016348930203601
271     |       0.09763457179877609
2       |       0.09737970321356486
3       |       0.09554962824468761
12      |       0.094975011981258
252     |       0.09312817408627698
579     |       0.09276424590113291
25      |       0.09242921222306112
4       |       0.09196097515084717
254     |       0.08724113864093765
266     |       0.08713741427308665
256     |       0.08492960416674421
253     |       0.08479303851570243
29      |       0.08379045734631704
260     |       0.08152569959050406
268     |       0.08047853795662621
275     |       0.08027738212877093
583     |       0.07885854488181335
277     |       0.07880879459120284
19      |       0.0757709405229038
15      |       0.07517105554694768
20      |       0.0751440468465675
279     |       0.07292621998356083
258     |       0.07019312488712179
278     |       0.06971536028853716
581     |       0.06815438972907667
24      |       0.06287307180643373
276     |       0.026855361643011874
584     |       0.02442478479485648
27      |       0.018612315178584467


Principal Component 2 Similarity Scores:
Gesture |       Score
279     |       0.23566164048382432
258     |       0.23251040051936678
256     |       0.20878936456749833
253     |       0.2057265398503505
24      |       0.20086005206475122
260     |       0.19806812443411614
266     |       0.19682839461335347
583     |       0.19671282865433232
254     |       0.1938081483397435
19      |       0.19326868441917203
15      |       0.18738479642539957
581     |       0.18273493255651269
4       |       0.1795697504238258
252     |       0.17787967218769848
271     |       0.16228111037711607
25      |       0.15802466925473094
250     |       0.14826655753021736
5       |       0.13736993878927994
3       |       0.1335996427197258
263     |       0.13229472167415074
265     |       0.12812129254071294
262     |       0.12051254717511131
255     |       0.11796523105676505
12      |       0.11741866417861224
277     |       0.11567843528018618
28      |       0.11486275618522465
22      |       0.11462034793165723
18      |       0.11339259788954315
559     |       0.10473517885309709
270     |       0.09995582126078827
6       |       0.09945612253977498
579     |       0.09462173661590977
567     |       0.09374858753109855
561     |       0.09070364040587797
261     |       0.08967252483050893
13      |       0.08443232299380748
276     |       0.08405877047777868
11      |       0.08331690629774068
10      |       0.0826806623198601
578     |       0.08230977613129296
21      |       0.08003423154879534
273     |       0.0797406801064223
269     |       0.07545103002937671
2       |       0.0749234652476194
1       |       0.07330512812899873
259     |       0.06796621002898756
586     |       0.06766603220368571
587     |       0.0665500095120098
16      |       0.06576904441094043
563     |       0.06480921696810601
27      |       0.057904007284958856
589     |       0.05733878306251992
251     |       0.05539249043332971
26      |       0.054793791901480114
585     |       0.05416612212309421
14      |       0.05268387316937706
565     |       0.052613072062966004
275     |       0.048660917774456164
570     |       0.047735355092551245
249     |       0.04639813862666634
8       |       0.04568822848640386
560     |       0.04554580357340363
7       |       0.045412941326449
23      |       0.04054318180074924
569     |       0.03934069316066542
573     |       0.035551094428022345
257     |       0.03510312699060715
574     |       0.03501635601410506
580     |       0.03447927642793316
267     |       0.03292137650155351
584     |       0.027265065855842853
17      |       0.026885485993196432
575     |       0.023859127430079227
582     |       0.023616004460349838
29      |       0.022720192414471645
272     |       0.022206861365266936
577     |       0.020946338190780525
20      |       0.02033499426901434
264     |       0.01773731704971941
562     |       0.016113289733277227
572     |       0.01601956761132153
31      |       0.015614189225909007
568     |       0.01551153281583194
268     |       0.015188898255745547
566     |       0.01398966010038144
274     |       0.013987528496715647
576     |       0.011281294552219056
571     |       0.010362509083405061
9       |       0.009465620988565687
564     |       0.006967480976882407
30      |       0.006304964152766403
278     |       0.005792991519313882
588     |       0.0001314516766230312


Principal Component 3 Similarity Scores:
Gesture |       Score
278     |       0.28542602234931125
20      |       0.27311290685068623
268     |       0.2603982276061368
275     |       0.2524444676326205
29      |       0.24811654754830845
277     |       0.22171559645621716
581     |       0.20194046407897645
24      |       0.1941388617035015
579     |       0.1889442430716737
15      |       0.17185586769756672
19      |       0.16158886569648445
589     |       0.1597402983114794
21      |       0.15635120819111523
12      |       0.15505770527121898
587     |       0.15258464210629125
2       |       0.14926225667592186
3       |       0.14485433758702038
583     |       0.1393673223237272
274     |       0.1390989204923263
25      |       0.1292467025539215
260     |       0.12337726536431419
16      |       0.12305924386309582
9       |       0.10930380307070328
578     |       0.10615103700240532
276     |       0.10488020308641997
258     |       0.10472174561024003
10      |       0.10425754691798446
254     |       0.09258247543344457
261     |       0.08639869521973872
266     |       0.08451680247545332
4       |       0.08446721041073232
11      |       0.08387538227591106
580     |       0.08346978618956412
257     |       0.08315560959746182
252     |       0.08170368867556534
22      |       0.07903400031402574
253     |       0.07680647001222499
565     |       0.07573705211574774
271     |       0.07525874826667335
7       |       0.07164935883966697
1       |       0.0681056482641643
255     |       0.06524353623884338
23      |       0.0629915752799383
256     |       0.06250051132523382
31      |       0.055838407504752614
265     |       0.05386972285870039
27      |       0.05371191042260522
563     |       0.05348339558397446
559     |       0.05211544634840253
588     |       0.04930217767774224
567     |       0.04905351086819622
575     |       0.047955180007048605
272     |       0.04556750333844297
574     |       0.042392382818440266
249     |       0.041881219241078196
251     |       0.03861011709945113
576     |       0.03851568998671417
572     |       0.0358565022395218
582     |       0.035792910249037926
17      |       0.03548768603955401
561     |       0.03516192313459552
577     |       0.034130981704752636
250     |       0.03302052242110452
26      |       0.030130631396873723
30      |       0.029685265279339516
571     |       0.028836594072069444
279     |       0.028279499517404615
18      |       0.02556458140228796
586     |       0.022414447392317544
568     |       0.02181828786037673
562     |       0.020529167800039952
13      |       0.020258482711163622
584     |       0.019508313589789248
269     |       0.01807172534821692
270     |       0.01644364096102474
569     |       0.014463452730610156
262     |       0.01380494227746114
264     |       0.013247244220900366
14      |       0.012911711991744353
259     |       0.012794902450641077
570     |       0.01192530069068914
8       |       0.011523155034735784
273     |       0.010072969837483205
267     |       0.0095481495795231
564     |       0.008897436450948192
566     |       0.008301327167270632
585     |       0.007866886837449568
560     |       0.007731989006504452
573     |       0.003808808485655891
263     |       0.0035065065160170363
5       |       0.0014312715860577614
28      |       0.0010979487696826384
6       |       0.0005143014784327253


Principal Component 4 Similarity Scores:
Gesture |       Score
584     |       0.5292760717480646
27      |       0.5212635901604075
276     |       0.4836122831858748
2       |       0.16458412697359
563     |       0.14429696616558144
279     |       0.10608881461163674
277     |       0.10590337435183457
12      |       0.08833283889575654
278     |       0.08361987196848437
275     |       0.08232799562304409
560     |       0.07756315748735595
270     |       0.07553300390138422
29      |       0.07206947070989354
569     |       0.07142074921505608
20      |       0.06979998814980919
579     |       0.06932082979681445
564     |       0.067687894067604
576     |       0.060247640388796944
562     |       0.0601379686889753
571     |       0.05799522201386234
268     |       0.0577554093176773
570     |       0.05609697844258192
8       |       0.05453476594995529
23      |       0.053578903851144055
573     |       0.05343722285396037
14      |       0.05272575177330194
24      |       0.050406161355180334
561     |       0.05034678260157868
587     |       0.050113149066642514
250     |       0.04913147272574545
257     |       0.04813478602067575
566     |       0.046973006351974454
581     |       0.04636163598222933
249     |       0.045881830268820215
272     |       0.04373859198197436
577     |       0.043602198608100745
30      |       0.043327906678496654
21      |       0.04226863688038387
4       |       0.04169870182106442
13      |       0.04034838331954222
572     |       0.040049069519416454
251     |       0.036768879839837086
583     |       0.03620109265391832
574     |       0.03560557322946849
15      |       0.03527499023124819
568     |       0.03527316865095047
259     |       0.03457977362518953
18      |       0.03444274125312525
582     |       0.033814067211130124
575     |       0.03337688350293849
567     |       0.03159115462018624
269     |       0.031196224801416993
586     |       0.031060521459700646
31      |       0.030685847983756113
7       |       0.030400468047472637
258     |       0.02928437082666632
580     |       0.029142341743294376
274     |       0.029066905994508008
28      |       0.028426840790820126
267     |       0.02803174155369851
256     |       0.025630419131954463
17      |       0.025524152146100047
5       |       0.023513219581878738
10      |       0.0234795881583849
253     |       0.022165608241543913
271     |       0.02088316707465465
25      |       0.019145697110617234
588     |       0.0185477942696849
19      |       0.016566951320781616
260     |       0.014179503946397205
6       |       0.014130425409664834
589     |       0.01346073922129286
263     |       0.012793871700898537
9       |       0.012561962782088619
255     |       0.01164666365739078
261     |       0.010628991586443032
266     |       0.009918933908303059
254     |       0.008492093553410025
265     |       0.008305921310318525
252     |       0.008028983506939208
578     |       0.007817688418688287
262     |       0.007698652082714759
26      |       0.007519468179741409
585     |       0.007181951515127653
565     |       0.00690767456271986
22      |       0.00678512274618071
264     |       0.006743163676544331
273     |       0.006519817818541493
1       |       0.004342493876449096
3       |       0.004241062547218818
11      |       0.002265691815520644
559     |       0.0016298641414278976
16      |       0.0006821982652226405