Creating gesture-gesture similarity matrix based on Dot product similarity...
Found Gesture-Gesture Similarity Matrix Performing SVD
Principal Component 1 Similarity Scores:
Gesture |       Score
276     |       0.11219328618712404
15      |       0.11179431678242328
23      |       0.11142531385396232
17      |       0.11017172977039612
253     |       0.10872335870836992
275     |       0.10863726437258094
30      |       0.10845302355790397
22      |       0.10755243621451188
24      |       0.1075184757022171
262     |       0.10745508383347475
569     |       0.10740318252792637
27      |       0.10740103832321218
272     |       0.10733336153450566
255     |       0.10730916042744604
26      |       0.10706821850450529
274     |       0.10696532129416426
31      |       0.10691131718195222
19      |       0.10688612025977595
585     |       0.10665973872913409
277     |       0.10656782465443947
564     |       0.10654991092292365
29      |       0.1065205990302178
28      |       0.10651349702097275
251     |       0.1062456589106154
265     |       0.1062420432855577
256     |       0.10617084840801476
4       |       0.10580388046296725
14      |       0.10580049887517523
5       |       0.10579060929593388
12      |       0.10578850108329162
580     |       0.10565164631668769
20      |       0.10555089195750769
1       |       0.10538558649110508
577     |       0.10526749023741112
267     |       0.1050826618358878
7       |       0.1049839561168718
567     |       0.10490660535813225
279     |       0.10479341624992836
581     |       0.10478231975083277
587     |       0.10477095569757605
562     |       0.10449059717767047
278     |       0.10430686225231507
263     |       0.10394706322600022
258     |       0.10371759630751094
273     |       0.10369485367984718
560     |       0.10356914247512239
588     |       0.10355816225698362
11      |       0.10354532225881861
268     |       0.10354432120904061
565     |       0.10353143992761957
586     |       0.10351716427907376
571     |       0.10331152468308638
563     |       0.10330792330178167
584     |       0.103291425267388
575     |       0.10322973473884893
578     |       0.10285709500302913
566     |       0.10285651422719101
13      |       0.10268302396910439
574     |       0.10250135624099883
270     |       0.10230906587672133
8       |       0.10230132494156545
16      |       0.10183058198492624
10      |       0.10144303422006487
25      |       0.10138882117011298
21      |       0.10135773286925553
250     |       0.1011581217144767
266     |       0.1009872142844222
568     |       0.10098132136306065
261     |       0.1008796345185757
582     |       0.10082339413762452
589     |       0.10074850270728178
260     |       0.10056668943958703
259     |       0.10048659595514121
269     |       0.10046559054550395
271     |       0.100444090439877
576     |       0.10031066022716069
3       |       0.10011567600893495
252     |       0.09995307508753948
264     |       0.09993749639289373
2       |       0.09986951184218804
573     |       0.09974511897207804
561     |       0.09973050621715028
559     |       0.09968673457095004
257     |       0.09965910093905712
570     |       0.09948203199835413
254     |       0.0993125693794737
9       |       0.09871289902438178
249     |       0.09832680861519459
6       |       0.09764652018621019
579     |       0.09732201388106526
583     |       0.09623086234901936
18      |       0.09596729144270662
572     |       0.09543708492350653


Principal Component 2 Similarity Scores:
Gesture |       Score
273     |       0.28406650826814944
258     |       0.2285864740191322
263     |       0.22260317048134456
275     |       0.21474103497663857
253     |       0.17970101085224374
254     |       0.17845292196677126
262     |       0.17680714121173408
277     |       0.1760925148357247
265     |       0.16982249514164666
266     |       0.16896797323352886
28      |       0.1671118208317583
256     |       0.1621425223507599
268     |       0.1603329165251257
271     |       0.15459297891831772
255     |       0.15106331100377912
274     |       0.15016526288203466
18      |       0.14296434376007136
17      |       0.14254177767526846
8       |       0.1405252790323462
13      |       0.13948633303733707
10      |       0.13849625817262667
252     |       0.13342036879359714
260     |       0.1305070895483197
573     |       0.1263095805246021
25      |       0.12313255214378167
27      |       0.12009937271144894
566     |       0.11871645215649541
5       |       0.11510689896279844
570     |       0.1067365403467769
279     |       0.10594426600717921
571     |       0.1058217981564509
26      |       0.10546765419701115
19      |       0.10216650868567878
22      |       0.10092925853136554
257     |       0.10010923999618056
24      |       0.08956465147760341
562     |       0.08861183733804769
9       |       0.08301759516141625
589     |       0.0823875750582814
29      |       0.0816051613482281
563     |       0.08095060336575788
14      |       0.07905814081887595
16      |       0.0790505858698435
572     |       0.07634573292156527
11      |       0.07596965939406815
261     |       0.07493874425170466
574     |       0.07337869577120573
569     |       0.06923922149724945
31      |       0.06922704793022671
561     |       0.06814777454772857
565     |       0.06747934473781333
250     |       0.06663513800314683
267     |       0.06596559652929866
3       |       0.06415470162862899
586     |       0.06295327966053656
270     |       0.05817202830619614
7       |       0.057284260849804626
583     |       0.056786581245016905
581     |       0.05118198737963983
567     |       0.049318760621845426
278     |       0.0486891409983363
15      |       0.044314050076577544
560     |       0.044188694639474745
20      |       0.04381731712657491
575     |       0.04376477280109696
6       |       0.042583294637862076
23      |       0.04185889494186421
2       |       0.03578880336959761
588     |       0.03544996805559826
578     |       0.034828414949254746
21      |       0.03481150574617851
584     |       0.03374785387507845
264     |       0.03329912443378388
576     |       0.03050920436054417
568     |       0.029984931265022136
587     |       0.02953653579069495
4       |       0.028307929316657127
579     |       0.026691122678280374
12      |       0.021227803037835703
249     |       0.01774464679946086
582     |       0.017626801517951776
559     |       0.016844536127728918
272     |       0.01618676151629581
251     |       0.014296062694077136
580     |       0.013547576955904014
564     |       0.010785644312238536
577     |       0.009844601717843094
269     |       0.0072073733562415246
259     |       0.006127557840511129
1       |       0.005386204075548753
585     |       0.005131593394027641
276     |       0.0034748052260671737
30      |       0.0005402174889205345


Principal Component 3 Similarity Scores:
Gesture |       Score
276     |       0.3036198811644692
257     |       0.2985099307951589
7       |       0.24345063812612636
5       |       0.24189363029378386
249     |       0.221129938202254
261     |       0.18934952135743513
18      |       0.17651460018885834
17      |       0.1760461277137333
279     |       0.160554682636081
10      |       0.1537874879414211
19      |       0.1498599242012417
567     |       0.14860427993049202
26      |       0.14679282028740037
561     |       0.1411623858584517
277     |       0.1381523699601671
20      |       0.13699965369981065
253     |       0.13655971049648188
565     |       0.13621032229951274
29      |       0.1308912418087796
258     |       0.1303801911279373
576     |       0.12834644224957567
13      |       0.11977823655533773
266     |       0.1132034040986987
274     |       0.11300132938190435
255     |       0.11061805376117524
585     |       0.10954620589282918
27      |       0.10899880744626786
268     |       0.10846177054620011
22      |       0.10133782225888156
15      |       0.1005787308924872
28      |       0.09524772606734422
262     |       0.09515647682086958
21      |       0.09373633057580247
267     |       0.09215429516513124
579     |       0.09185842206930178
568     |       0.08795335515185944
30      |       0.08511409278370502
570     |       0.08454013474289353
563     |       0.08443159078218816
278     |       0.08342364636708692
256     |       0.0822834181249917
31      |       0.08060862263133826
259     |       0.08004271236535597
275     |       0.07825640332196174
270     |       0.0698892571381813
252     |       0.06948448996232606
14      |       0.06869440407295564
265     |       0.06794863803707729
571     |       0.06734511360155472
251     |       0.06678088395176471
9       |       0.0645044640769584
586     |       0.06377404687177925
3       |       0.061018192335185614
580     |       0.05237632646410296
260     |       0.0519369762432577
11      |       0.05097782985716018
4       |       0.047936999287205476
572     |       0.04693431740759603
578     |       0.046814869383379906
6       |       0.04448955014499454
581     |       0.04216586443169623
16      |       0.04176779473673862
583     |       0.04111585657988382
269     |       0.040324131762132495
12      |       0.03803109716719237
588     |       0.03799004640910466
573     |       0.03725506510097968
24      |       0.03724878922574992
254     |       0.03614949086068441
584     |       0.03331394722449281
560     |       0.03311343304720144
575     |       0.031946496662714235
264     |       0.03096173878177518
272     |       0.026582737898755326
587     |       0.024483867469567176
263     |       0.023002814868948014
250     |       0.02239083455523266
1       |       0.0199330958823004
564     |       0.018187273789592832
25      |       0.016835662691730716
577     |       0.014142791514209278
271     |       0.013113430837670482
23      |       0.011001978226193655
589     |       0.008601351224463346
569     |       0.008032296430306368
559     |       0.007773355883971729
574     |       0.0074473306161071924
8       |       0.005919425435016864
2       |       0.004747937632363172
566     |       0.0023360797116305223
273     |       0.001002065699836366
562     |       0.0007348709353208548
582     |       0.00036579052409531544


Principal Component 4 Similarity Scores:
Gesture |       Score
260     |       0.23324287373954794
266     |       0.21118830755043705
580     |       0.2050323899581226
572     |       0.20399125204902796
587     |       0.19591589427784836
267     |       0.1884105783113748
274     |       0.1849642155024254
21      |       0.18149333155863584
581     |       0.18149182906444536
579     |       0.17657315601917484
15      |       0.17570583011181842
278     |       0.16776578129025418
562     |       0.16090583799976424
268     |       0.16063175456908096
585     |       0.15790611594479967
578     |       0.15253228462368495
254     |       0.14741825437021105
256     |       0.1470217094043097
566     |       0.14138927715950833
583     |       0.1409156697915293
588     |       0.13659127754527386
564     |       0.13448079625922996
584     |       0.12903171638627525
573     |       0.12379811336022062
276     |       0.12091162985246236
569     |       0.11643598119024913
275     |       0.1162168213285654
8       |       0.11618554460707327
265     |       0.11609160634932657
17      |       0.1133731380479806
589     |       0.10880359283846044
571     |       0.10738987627803899
270     |       0.10706903018262975
255     |       0.10626868232382622
257     |       0.09530125007050494
279     |       0.09435958661744084
12      |       0.0916392978379912
263     |       0.09062194437329271
586     |       0.08582681681773173
575     |       0.08501128059991399
252     |       0.08403583359550158
24      |       0.08262926292518938
27      |       0.08147077670553435
262     |       0.0782577021397209
259     |       0.07695604909583935
570     |       0.07319015129820496
271     |       0.0731602384378636
582     |       0.07149116653620913
269     |       0.06949545304974837
565     |       0.06867161553653589
5       |       0.06858418478671671
19      |       0.06839703721580166
577     |       0.067881037823273
273     |       0.06722710273453361
567     |       0.06439634628809503
10      |       0.059819683284529496
20      |       0.058260551301696
272     |       0.05703740885311948
574     |       0.053817846785897426
264     |       0.05115288954467409
1       |       0.050565713433400224
560     |       0.04979741781263301
251     |       0.046848454657401825
26      |       0.04617811333041332
18      |       0.044781176091874805
4       |       0.04462370939953548
568     |       0.04331741575812974
29      |       0.04086864133942716
9       |       0.04035105062893125
30      |       0.038257797150298464
23      |       0.037406262702004055
14      |       0.031630769992033195
277     |       0.028592712300402053
3       |       0.027292366817697054
250     |       0.0249868534173017
31      |       0.022783569128805477
253     |       0.02177064912233324
28      |       0.020220542704098055
11      |       0.020068679425102053
7       |       0.01885889693867662
6       |       0.017571874824406343
561     |       0.017134837679274775
261     |       0.015041043610986777
563     |       0.014284178289864764
576     |       0.012333511679159758
13      |       0.011047784036449822
22      |       0.009944289166007618
249     |       0.004332390655590062
258     |       0.0037363352636576464
559     |       0.0037059149027092336
2       |       0.0020518752074103475
25      |       0.0017393255466402737
16      |       0.0013167294981161893