Please select a vector model (TF/TF-IDF): TF-IDF
Creating gesture-gesture similarity matrix based on NMF...
Found Gesture-Gesture Similarity Matrix Performing NMF
Principal Component 1 Similarity Scores:
Gesture |       Score
270     |       0.9594512730837388
28      |       0.9494049638228971
560     |       0.9485995053576146
569     |       0.9473141103699663
570     |       0.9471927764119791
14      |       0.9471140032815494
13      |       0.9469112572773902
18      |       0.9465347871296408
8       |       0.9460494897285215
561     |       0.9436007725014832
573     |       0.9426645243540528
23      |       0.9426635778858262
576     |       0.9421294864901325
562     |       0.9391927001075644
577     |       0.9377367323913752
572     |       0.9358552185133298
574     |       0.9352584774673399
575     |       0.9349559248864694
567     |       0.9343322239941403
568     |       0.9342001278009848
269     |       0.9337124122288399
31      |       0.9319225317994033
571     |       0.9319091520134285
10      |       0.9317280128953198
582     |       0.9299860572883247
580     |       0.9298428743061043
585     |       0.9295202564304534
30      |       0.9284819797364355
26      |       0.9284646914087874
564     |       0.9277039508612638
22      |       0.9265320322720904
578     |       0.9196960885151807
264     |       0.9195811789004569
588     |       0.9192482476339046
566     |       0.9173540808995799
7       |       0.9147071151792315
17      |       0.9115070604354218
272     |       0.9114913199185952
5       |       0.9086631610845661
3       |       0.9074053780972672
565     |       0.9067055139805263
267     |       0.9016141001639154
25      |       0.8990017673288159
16      |       0.8935698523074539
589     |       0.8892836960011036
257     |       0.8819503015222548
249     |       0.881305669835175
274     |       0.8803928099966667
587     |       0.879937074757942
9       |       0.876512038151751
19      |       0.8714885013148332
586     |       0.8664153008270432
251     |       0.8633075035018702
583     |       0.85991333066743
259     |       0.8568506754166989
563     |       0.8553637723107481
15      |       0.8485112954074201
21      |       0.8474357577467169
273     |       0.8392700938152836
1       |       0.8344243208682197
261     |       0.8255909422715736
581     |       0.8156885052654705
11      |       0.8098023107606975
579     |       0.8044676459870891
24      |       0.7997839401807355
559     |       0.7926727133364929
6       |       0.787753427637027
265     |       0.7857088324193406
263     |       0.7694160486251902
255     |       0.7661538746762236
262     |       0.7593573234024871
29      |       0.7560266833769403
268     |       0.7217232233881359
250     |       0.7045239890127339
20      |       0.6993046946069329
275     |       0.6910540293378974
2       |       0.6750399359672759
271     |       0.66755418972142
252     |       0.6605363919855985
12      |       0.6212870167187318
254     |       0.617963275959755
266     |       0.6086893919195322
278     |       0.6059522649864154
4       |       0.5932678817350556
253     |       0.5852711405604438
260     |       0.5679137543809264
256     |       0.5669133514249638
277     |       0.5499728445643721
258     |       0.44627181408124605
279     |       0.42049171455932405
276     |       0.10357384285332162
584     |       0.05153775883815256
27      |       0.007850671353432927


Principal Component 2 Similarity Scores:
Gesture |       Score
258     |       0.8377482251940545
279     |       0.7896148308957077
260     |       0.7634954066347943
256     |       0.7596193152039901
253     |       0.750107197947199
266     |       0.7328100931322986
4       |       0.7317252998269546
254     |       0.7255640022704144
252     |       0.6877153518481399
271     |       0.6739487195687137
250     |       0.6228657821811843
2       |       0.5744516415055888
255     |       0.5688325877623625
262     |       0.565190157521252
263     |       0.5602496166598412
265     |       0.5441777312836767
559     |       0.528388584203197
12      |       0.5143541149481777
6       |       0.5087771743257697
11      |       0.5017205768499369
261     |       0.4697726398074002
1       |       0.4615796470649721
277     |       0.44980800453467334
273     |       0.44082629502135556
259     |       0.42583991951615074
251     |       0.4142726040005543
586     |       0.39914958022615876
249     |       0.37929136751599823
9       |       0.3576769419747627
267     |       0.31786297418200776
272     |       0.29735928586539756
566     |       0.28196859499032306
16      |       0.2710422010795114
257     |       0.26367048280614924
564     |       0.25526823321668807
7       |       0.24709858971449516
588     |       0.23667041598304187
30      |       0.23479847663479522
275     |       0.2343981936342778
264     |       0.2340758805149339
274     |       0.2326069579280664
571     |       0.2314586505635321
17      |       0.22932675907981592
565     |       0.2122441784576254
582     |       0.21201301212214016
562     |       0.2041680188161926
568     |       0.203718214620675
31      |       0.20304820609657911
572     |       0.1964483576348121
576     |       0.19145883577030773
577     |       0.18940030421678875
575     |       0.1858332829071997
585     |       0.1793467376092806
574     |       0.17798002997774376
580     |       0.17726383583079386
573     |       0.17423283478902585
569     |       0.16318680541736438
560     |       0.16314171357204782
563     |       0.1572788240884521
8       |       0.15521663033104527
570     |       0.15024195091353018
26      |       0.14860222883518143
23      |       0.14729058850245247
3       |       0.1465266194667365
14      |       0.14511056393274582
269     |       0.1410731435819958
567     |       0.1302077536680981
561     |       0.12073889191539527
22      |       0.11589408161846745
13      |       0.10823714236645168
578     |       0.09385441727151247
581     |       0.09168276736381202
21      |       0.08934504902192908
589     |       0.08346903307524443
278     |       0.08109716511759144
587     |       0.0789069964547473
584     |       0.07526402705983773
5       |       0.07261819995963732
25      |       0.06983738741788702
18      |       0.06961987859574949
268     |       0.06800993078033658
10      |       0.06647434789512228
29      |       0.0655196029357128
15      |       0.0650702864989475
270     |       0.04972064051500885
276     |       0.03345459375176965
28      |       0.030919629866012977
579     |       0.02994656229331819
20      |       0.022931029685906528
583     |       0.018772417773593123
19      |       0.017178935677576005
24      |       0.0
27      |       0.0


Principal Component 3 Similarity Scores:
Gesture |       Score
27      |       1.0
276     |       0.9933451474483429
584     |       0.9787711348680028
24      |       0.5726364363464294
581     |       0.5392949633477496
15      |       0.4859106209800024
583     |       0.45091818824632185
19      |       0.4466283062863045
563     |       0.3926769289469428
2       |       0.3798349132944494
25      |       0.37434424558403623
3       |       0.3274592353739474
257     |       0.3181066423957929
5       |       0.3020621636913766
565     |       0.2877704832774076
22      |       0.27462435298844956
16      |       0.2714055499734272
17      |       0.24731475401883132
567     |       0.24360089913523217
7       |       0.22018051873305336
28      |       0.21796906554602893
26      |       0.20807592703203923
561     |       0.20743876302307965
9       |       0.207041329807553
18      |       0.19675434703273365
585     |       0.19503301291430594
579     |       0.18178437076257992
572     |       0.18167801185177035
264     |       0.1803133136494199
568     |       0.18029850209216852
587     |       0.17784269934642227
269     |       0.1759003891377002
13      |       0.17346568188338302
261     |       0.1729220501914274
578     |       0.17003652478225223
21      |       0.16915975480433298
14      |       0.16793881588201862
8       |       0.1634179392281697
570     |       0.16327662923668546
270     |       0.16293830915567348
573     |       0.1599611833829513
31      |       0.1572280099022475
582     |       0.15706558015063604
569     |       0.155472015927057
575     |       0.15290109468879165
571     |       0.1525044351797733
577     |       0.15226651725873108
588     |       0.1492462654189812
574     |       0.14731736640675958
560     |       0.14595984701086495
267     |       0.14434768275727525
274     |       0.14362607259720958
30      |       0.14313936073132383
580     |       0.1430059314630302
272     |       0.1424943483687214
11      |       0.13976390392034985
1       |       0.13941918818043794
566     |       0.1376913176213491
564     |       0.1371921433410604
576     |       0.13702012231018987
562     |       0.1367609454420875
10      |       0.1367302864297577
251     |       0.13604296032501595
589     |       0.13544668559088505
23      |       0.13352142341193868
250     |       0.13351180677903793
249     |       0.13120451633816538
273     |       0.11835121879055306
559     |       0.1183320390813747
255     |       0.11470547175866892
265     |       0.11175527377690973
263     |       0.11002472956012334
262     |       0.10888790926814182
586     |       0.1042098918627822
259     |       0.10373227400049673
6       |       0.09998556724646203
271     |       0.09891348915232126
29      |       0.09211146882674612
4       |       0.07191239267616238
252     |       0.06879297389580309
260     |       0.053791315229210976
254     |       0.052195437164349386
253     |       0.04658712688768436
266     |       0.044899937094903405
275     |       0.04358991097701959
268     |       0.0429858551294268
20      |       0.0411680904778058
256     |       0.03267401846142807
12      |       0.02483420207375358
278     |       0.0034378868237236264
277     |       0.001358137497134029
258     |       0.0
279     |       0.0


Principal Component 4 Similarity Scores:
Gesture |       Score
278     |       0.9428196216487683
20      |       0.8408358347713566
277     |       0.8149797776840978
268     |       0.8062842458276678
275     |       0.796082902785075
29      |       0.7495460999781869
12      |       0.6572443208530973
579     |       0.6438283586932981
21      |       0.547897095480425
587     |       0.4602591924258881
589     |       0.45202211864715147
279     |       0.4032388922002222
274     |       0.3853501728780674
578     |       0.3177071268181745
10      |       0.29821773397294077
563     |       0.27055371199178213
6       |       0.2546492033642528
584     |       0.22623977656696637
5       |       0.21852010803834684
580     |       0.21679922376266103
269     |       0.1990884513106552
273     |       0.18865489021104567
588     |       0.18462271967945543
26      |       0.1823437101861258
250     |       0.17892615652157326
23      |       0.17333793490291974
262     |       0.17159664861523666
574     |       0.17088315477544713
4       |       0.16989360112239468
583     |       0.1634500998007939
586     |       0.16103287796407692
575     |       0.1514143539224948
585     |       0.145634031054184
264     |       0.14263597037149936
31      |       0.13659097390978184
582     |       0.1347226720191191
18      |       0.12846166102215875
13      |       0.12836191784670806
259     |       0.12272226684229498
263     |       0.11882996940535177
256     |       0.11782408376295253
577     |       0.11424888235981014
2       |       0.11254746066640861
559     |       0.11204937625640085
30      |       0.10842771431408887
271     |       0.1076009131158547
267     |       0.10683686174009277
27      |       0.10327578100519702
1       |       0.09461001564586793
276     |       0.08763884870753849
11      |       0.08678350248029147
22      |       0.0808181183974549
562     |       0.07729194551654299
576     |       0.07581994168643855
17      |       0.07407070702545669
566     |       0.07375465777322106
272     |       0.07280096436593135
573     |       0.06816009009465027
9       |       0.06742689361003291
25      |       0.06724833928456007
255     |       0.063685573933389
261     |       0.0636068142421738
8       |       0.060709415488812764
14      |       0.058928611720262224
265     |       0.058481076173342444
16      |       0.058238936959185715
253     |       0.05791021932334702
15      |       0.0574551100998733
570     |       0.05501417540707464
28      |       0.053437445489907136
561     |       0.052380023154669726
266     |       0.051575688545403175
251     |       0.05131513377707991
257     |       0.048979217392633424
252     |       0.048507830683555714
581     |       0.047634487473909026
258     |       0.04760055418782498
270     |       0.04679465270577429
249     |       0.042380366347175395
567     |       0.0421335441668786
3       |       0.03976178973701177
254     |       0.03783868706487515
19      |       0.03387097056071753
571     |       0.027815614020930374
7       |       0.025617547171618526
568     |       0.025350924288388654
560     |       0.02231360558944428
24      |       0.020799594716603254
564     |       0.015286715620958072
260     |       0.013750026566325619
572     |       0.009664907247617557
565     |       0.0002157213615860366
569     |       0.0
