Please select a vector model (TF/TF-IDF): TF-IDF
Creating gesture-gesture similarity matrix based on PCA...
Found Gesture-Gesture Similarity Matrix Performing NMF
Principal Component 1 Similarity Scores:
Gesture |       Score
260     |       0.9514278065669257
11      |       0.94906879410737
254     |       0.9423874165512657
252     |       0.939459814118197
271     |       0.9388852281351244
266     |       0.9384399484688956
1       |       0.9374772232813747
258     |       0.9370783894100924
253     |       0.9339332510933491
559     |       0.9280506298451966
255     |       0.9235113114174966
256     |       0.9215509727847025
250     |       0.912275646422935
262     |       0.8880536998659735
4       |       0.8747248762673377
259     |       0.8556800780081495
251     |       0.8447374668647085
6       |       0.8288404698273029
265     |       0.8212918935851417
263     |       0.8198413429564744
2       |       0.8165604913471823
273     |       0.8123189327335782
261     |       0.8116404034855365
249     |       0.8099629854471602
9       |       0.8066644195598829
586     |       0.7602840260011785
279     |       0.7589838121203641
264     |       0.7302128669172965
257     |       0.7140090534486883
272     |       0.6972240863478717
7       |       0.6908615001930228
566     |       0.6721965163727945
267     |       0.6495539869455322
16      |       0.6376004778451124
17      |       0.6055598546242221
571     |       0.5887369726139007
585     |       0.5534827718607896
565     |       0.5374441522545809
564     |       0.494774588813862
588     |       0.47670380764221937
568     |       0.47377783266421597
12      |       0.4675016832883914
30      |       0.45026164842856725
572     |       0.43288574517080247
582     |       0.4164091475894564
562     |       0.40981342669141374
3       |       0.39298799868777634
277     |       0.3885921314762094
576     |       0.38419244986865714
573     |       0.36394623280351407
577     |       0.36268388821357816
560     |       0.3585156739116527
584     |       0.34790398496393443
276     |       0.34780840043179223
569     |       0.3422999580437441
574     |       0.3316854214884662
27      |       0.3142097749092485
22      |       0.31024390778301425
31      |       0.3023633234145328
575     |       0.3002733532069931
581     |       0.29998810478823373
25      |       0.2993592682261726
8       |       0.29229334703173626
269     |       0.2849583446065279
570     |       0.2655158225527996
274     |       0.26074006148312695
24      |       0.25975443372595786
15      |       0.257563124784374
561     |       0.2480377400303062
567     |       0.24554061810785882
19      |       0.24136660632795193
563     |       0.2345127808490378
14      |       0.22237247531567292
275     |       0.21414941699986428
583     |       0.21411654097652622
580     |       0.17066045678451597
23      |       0.14844768749253312
278     |       0.10283784470073386
268     |       0.061648013168846286
270     |       0.051909378816997136
29      |       0.03811520221181884
20      |       0.03472062010010268
5       |       0.018619949910129132
21      |       0.009504363517349698
10      |       0.0
13      |       0.0
18      |       0.0
26      |       0.0
28      |       0.0
578     |       0.0
579     |       0.0
587     |       0.0
589     |       0.0


Principal Component 2 Similarity Scores:
Gesture |       Score
19      |       0.9724634419065925
24      |       0.9645492798613242
15      |       0.9631917519172141
583     |       0.9605774997041896
25      |       0.9593912255768696
5       |       0.9521666759847649
581     |       0.9493174187874356
22      |       0.9343472821329304
3       |       0.9253314650273262
16      |       0.7736758338839902
18      |       0.6990881846080922
269     |       0.6699178030159884
276     |       0.6080017737669827
9       |       0.6031037452726908
567     |       0.6025822962321725
561     |       0.5873915998177743
28      |       0.5156656659102399
2       |       0.4998089858692139
27      |       0.4867936514703925
21      |       0.4843622525378283
579     |       0.463227948824969
13      |       0.4553747583627491
584     |       0.42270904651846464
7       |       0.39226262204281875
578     |       0.37574064848088734
587     |       0.32765116619151885
4       |       0.31378392375871006
585     |       0.31354846951306437
565     |       0.29542031795135276
10      |       0.29169049794945273
563     |       0.2855147746268793
589     |       0.2822446008618348
12      |       0.27498876519943277
257     |       0.27131733808489616
1       |       0.26057035369054365
11      |       0.26049187280080255
278     |       0.24241420043128017
20      |       0.23955912093848744
268     |       0.2388865153094428
29      |       0.23662291710565916
270     |       0.22833091740032235
6       |       0.22559240123397784
279     |       0.21416413814865645
258     |       0.20490089274012943
559     |       0.18930192754438543
277     |       0.1881010613956198
17      |       0.18769775388644072
271     |       0.17789734412166128
260     |       0.14504200699502784
256     |       0.14193673304780313
266     |       0.1389752737732153
254     |       0.13447258439760945
253     |       0.1322959552482364
252     |       0.1285200048595395
250     |       0.12434521513290821
569     |       0.11731543995027714
560     |       0.11608769864163383
14      |       0.10998062447639326
26      |       0.09987198805864027
275     |       0.09963571550039428
255     |       0.09371882418906094
571     |       0.09355320752731176
570     |       0.08899509779427317
8       |       0.08136468235680078
572     |       0.08122013681302523
573     |       0.06723568589194556
272     |       0.06246285586230024
568     |       0.05716408365419739
262     |       0.05541335096533223
261     |       0.0507880387624663
249     |       0.047204514636243367
251     |       0.04238647601575103
259     |       0.028125032157668203
564     |       0.01271729454379891
23      |       0.0
30      |       0.0
31      |       0.0
263     |       0.0
264     |       0.0
265     |       0.0
267     |       0.0
273     |       0.0
274     |       0.0
562     |       0.0
566     |       0.0
574     |       0.0
575     |       0.0
576     |       0.0
577     |       0.0
580     |       0.0
582     |       0.0
586     |       0.0
588     |       0.0


Principal Component 3 Similarity Scores:
Gesture |       Score
268     |       0.9388948414936185
29      |       0.9376103272981929
20      |       0.9373416406282082
278     |       0.9360542610629651
275     |       0.9353943276659133
589     |       0.9193936575088545
587     |       0.9056956581994986
277     |       0.8627824392965566
578     |       0.8625423989241929
274     |       0.8586070153802426
21      |       0.8223594577600846
10      |       0.8161380631683034
579     |       0.8156758632402635
12      |       0.7598034889525139
580     |       0.7260144743630826
26      |       0.6357194654917117
563     |       0.629525599082974
574     |       0.5943191640506151
279     |       0.5938554004669742
6       |       0.5345642836957213
23      |       0.5164813500821096
586     |       0.47038788040092033
269     |       0.46721659401686866
588     |       0.46624382682384996
273     |       0.4454400315125366
262     |       0.4434547769529456
575     |       0.44171003354388483
250     |       0.43745075890099294
31      |       0.42623122325907503
264     |       0.4140584639759549
256     |       0.40822023161132265
4       |       0.40716557575286444
263     |       0.4043739667324317
582     |       0.3907799050355118
259     |       0.3770193219063784
253     |       0.367926840353515
577     |       0.3660448619861621
559     |       0.3633606251691349
258     |       0.3621951180146358
271     |       0.3577265595326026
30      |       0.351444437529848
266     |       0.3445961655649501
267     |       0.3375376043473183
584     |       0.3351248634600225
252     |       0.3289463792752286
576     |       0.3260204965065567
254     |       0.31942156638687685
255     |       0.285026325769054
562     |       0.28223816213050995
1       |       0.28141588388856337
5       |       0.27764315973766396
585     |       0.26972321334433946
27      |       0.2598975225069813
265     |       0.2593475487873485
260     |       0.2586404261284153
11      |       0.2556586606416695
566     |       0.2524483564208207
251     |       0.24114084010982828
13      |       0.23468559725457983
18      |       0.23171722087730037
2       |       0.21235206587004338
249     |       0.2033440595578521
8       |       0.1956091700173112
564     |       0.19491842089236017
276     |       0.190314298417961
570     |       0.19012805878435793
14      |       0.1842714198310028
573     |       0.17849741920309636
261     |       0.14997682601010134
270     |       0.1413923842062437
583     |       0.1331111464396876
568     |       0.12173208484089616
272     |       0.12043635349276001
560     |       0.11914064953069742
9       |       0.10897985721518885
569     |       0.10841094203147236
571     |       0.10333373186329066
572     |       0.099777199694704
15      |       0.08071235650166887
581     |       0.07311755532952346
24      |       0.06835484181405042
19      |       0.06188605066751763
25      |       0.03616583412634779
3       |       0.020868245732383755
7       |       0.0
16      |       0.0
17      |       0.0
22      |       0.0
28      |       0.0
257     |       0.0
561     |       0.0
565     |       0.0
567     |       0.0


Principal Component 4 Similarity Scores:
Gesture |       Score
270     |       0.990628692177619
14      |       0.9892294461688528
570     |       0.9801136095149396
8       |       0.9724255728819309
569     |       0.9656855183979772
560     |       0.9612271596189675
573     |       0.9532827882829815
572     |       0.9124963993819105
562     |       0.9044254514533473
568     |       0.9023395619593945
564     |       0.8901713673031282
576     |       0.8894164027734724
577     |       0.882164429359479
31      |       0.8611705070445671
23      |       0.8593503243739993
575     |       0.859314985565341
571     |       0.8452659900891375
30      |       0.8424409732653321
582     |       0.8359749709736932
28      |       0.7857311283566691
17      |       0.77334636664168
272     |       0.7610202503304654
13      |       0.7490535828442981
566     |       0.7423453771715741
588     |       0.7278255583248374
565     |       0.7183542808612339
26      |       0.7097804535025586
267     |       0.7029970617082599
561     |       0.6847417130221151
574     |       0.6819377342557359
567     |       0.647362816114171
580     |       0.6408202152088751
249     |       0.6157711156627026
261     |       0.609657874757527
265     |       0.5683483118808627
257     |       0.5630066217002547
264     |       0.5575358046263793
7       |       0.5507594624239067
251     |       0.5506970809025764
585     |       0.5320688096658455
586     |       0.4632359139821442
263     |       0.4425111997931888
259     |       0.4219184984510799
273     |       0.41957820305684823
255     |       0.3651889373430662
274     |       0.3605245458603073
18      |       0.3447457952637627
260     |       0.29356965193000656
262     |       0.2630700103442633
254     |       0.25562184093549306
252     |       0.25532643273398636
266     |       0.22686605790862313
253     |       0.208434909823055
10      |       0.1975149620403398
11      |       0.18081712531014907
1       |       0.17053650547284802
559     |       0.1669204087857545
256     |       0.1629992191442669
271     |       0.16264768356111534
250     |       0.14713505198142382
258     |       0.12348123456695335
275     |       0.12130857481355929
27      |       0.11993510869526969
22      |       0.10612972953850322
589     |       0.10122333271956155
584     |       0.09109128199787647
20      |       0.08194222792504033
29      |       0.08122379233968005
268     |       0.06898548453276604
16      |       0.05859787086766681
563     |       0.04620714282014675
276     |       0.036751156392735684
9       |       0.03610706711058442
578     |       0.03420351258642417
269     |       0.03315334725052845
278     |       0.03038088341510988
587     |       0.025976626013692192
3       |       0.010932033869514544
6       |       0.007138184810993305
25      |       0.004026682625929209
19      |       0.002681576438123047
2       |       0.0
4       |       0.0
5       |       0.0
12      |       0.0
15      |       0.0
21      |       0.0
24      |       0.0
277     |       0.0
279     |       0.0
579     |       0.0
581     |       0.0
583     |       0.0