Please select a vector model (TF/TF-IDF): TF
Creating gesture-gesture similarity matrix based on SVD...
Found Gesture-Gesture Similarity Matrix Performing NMF
Principal Component 1 Similarity Scores:
Gesture |       Score
572     |       0.9346813374156349
17      |       0.8948912924918074
573     |       0.8774277869277076
566     |       0.8588841525034283
562     |       0.856434719363274
8       |       0.8509493180187216
570     |       0.8276032837935746
19      |       0.8213267011207679
270     |       0.8176277998543989
26      |       0.7954913630527647
569     |       0.7835922142774473
28      |       0.7715634014820799
571     |       0.7590268994073223
575     |       0.7550989092819389
267     |       0.7549421349899235
276     |       0.7443586021865352
564     |       0.7385052878347853
14      |       0.7311607748097652
574     |       0.7274017822979286
31      |       0.7147703750612304
22      |       0.6998430591866974
6       |       0.6742100651685029
260     |       0.673346686110284
25      |       0.6668448561774418
560     |       0.6629786885922961
577     |       0.6586086197423237
29      |       0.6446517378967946
272     |       0.6444496260748369
264     |       0.6189759107254018
16      |       0.6132172714062645
565     |       0.6083218433634882
27      |       0.6013916791925945
2       |       0.600681931253924
259     |       0.6001673261550736
563     |       0.5998537182445588
266     |       0.5963452813502618
568     |       0.5892503332111813
20      |       0.5845892826779736
567     |       0.5722147829453121
11      |       0.572180173764597
13      |       0.5666822955873335
251     |       0.561411171076458
23      |       0.5609496740768978
256     |       0.5558867384674004
30      |       0.5518817509454564
24      |       0.543578800789858
3       |       0.5406289718661922
9       |       0.5310402620107355
559     |       0.5308431719572431
561     |       0.5288047077325057
250     |       0.4921441137272066
4       |       0.4882910951287772
1       |       0.4759141119780422
589     |       0.46557217689948993
582     |       0.46312218130029875
12      |       0.4615203893839939
10      |       0.44722452409787955
254     |       0.44387825524867586
271     |       0.4360661654094589
18      |       0.4334957185998062
252     |       0.4221399521925101
269     |       0.4219182650096156
265     |       0.41247434920794057
255     |       0.39577881451720126
583     |       0.39243606899458083
576     |       0.38334372987060794
586     |       0.37563008857703784
578     |       0.3637936576795765
585     |       0.34576253663509715
7       |       0.3392403246366162
279     |       0.33472358695946597
262     |       0.333121086878397
277     |       0.32424031083747806
5       |       0.3218726250996979
584     |       0.31844887984279757
263     |       0.3152276161307241
588     |       0.3058889910911389
261     |       0.29223369636285085
249     |       0.29133811813373445
15      |       0.27587469455134156
587     |       0.2646397561784967
278     |       0.2541820601936854
580     |       0.24905303550147956
253     |       0.22022159249599227
581     |       0.20649649786422425
21      |       0.1934447725470308
579     |       0.17924834166528764
268     |       0.10838217032411937
275     |       0.10428151400501412
274     |       0.09777592149313923
258     |       0.08314817272718467
257     |       0.0
273     |       0.0


Principal Component 2 Similarity Scores:
Gesture |       Score
263     |       0.8431475722559002
273     |       0.813835623461732
254     |       0.8135429731695241
258     |       0.8099428792231239
265     |       0.7787667997245421
262     |       0.7742538069731765
253     |       0.7469964314116936
255     |       0.744961100563311
271     |       0.7395832279393074
266     |       0.730002234951625
256     |       0.7283903840132706
252     |       0.72718371552195
260     |       0.7087499240897136
275     |       0.6546302419206791
277     |       0.6371195345887339
261     |       0.5678652834442283
267     |       0.5631732399702807
250     |       0.5615749186137627
268     |       0.5207339580856578
264     |       0.4881408562194241
274     |       0.47534464321049347
564     |       0.4702006832262979
576     |       0.4678088366629677
257     |       0.46621308226566227
259     |       0.4631270108452666
251     |       0.46304977452490015
279     |       0.455146432493253
577     |       0.44585234954471953
586     |       0.4387689789423901
559     |       0.43098760167446387
249     |       0.4231663463400338
4       |       0.4054594482093773
272     |       0.39260010804079315
568     |       0.3600150438692136
584     |       0.3492297542981248
1       |       0.34843103492613814
588     |       0.34417277586714656
30      |       0.3325502912499431
581     |       0.3311923883248936
269     |       0.33012939145636955
567     |       0.3245558236174845
560     |       0.3222556469627616
278     |       0.32037921913083156
575     |       0.3199200372862544
15      |       0.3031330926891953
2       |       0.30198358567101463
582     |       0.2931576239180451
569     |       0.28687120328117044
565     |       0.28092275168636155
6       |       0.2765581400630068
270     |       0.2749871231344656
23      |       0.2705741462392098
12      |       0.2595849714339412
572     |       0.2515731639238108
562     |       0.2453984298891519
561     |       0.24503181690873907
276     |       0.23998964456361385
574     |       0.2378588777471466
7       |       0.23641523007839352
585     |       0.22683035796533785
3       |       0.2236659258052217
563     |       0.21642085219510085
31      |       0.20923183458816969
11      |       0.2024684549531417
16      |       0.20216897708713757
571     |       0.19589774751565547
14      |       0.1929738069308113
20      |       0.18293303488875276
579     |       0.17729564820576263
580     |       0.16362497824123332
21      |       0.16306601152583344
578     |       0.1626768850404159
9       |       0.16080074345236825
566     |       0.15901590838651575
587     |       0.14448469080880766
570     |       0.11958411808531125
19      |       0.11373785281613395
573     |       0.1102412812191024
29      |       0.1096711121888768
24      |       0.10632945499689166
22      |       0.1025332715563709
583     |       0.10249326596871092
26      |       0.09749490243871664
589     |       0.09194820871460277
8       |       0.08756876319878795
25      |       0.0769950229441836
5       |       0.07017322681316752
13      |       0.046456107757491476
17      |       0.029730691277324778
10      |       0.009828921214297017
27      |       0.00022200825504963285
18      |       0.0
28      |       0.0


Principal Component 3 Similarity Scores:
Gesture |       Score
5       |       0.9315440502164132
7       |       0.8834863912726384
18      |       0.8828517155600543
10      |       0.867325466222307
21      |       0.8338266718343806
579     |       0.8327448584889203
249     |       0.8325024104041495
257     |       0.8050949071446566
13      |       0.7947980632100414
561     |       0.7874262654114542
9       |       0.7507412925951248
576     |       0.7428828858068665
261     |       0.7351498968629209
567     |       0.7333551402177868
3       |       0.7281839771964937
565     |       0.7244376278592479
563     |       0.7238998930626238
11      |       0.7090194173718847
269     |       0.7016632621174078
16      |       0.6824080917941996
589     |       0.6819720421903127
568     |       0.6819215242208546
587     |       0.6651759420812438
25      |       0.6535861408813948
1       |       0.6530110001325101
582     |       0.6474372722955684
583     |       0.6331138706346191
251     |       0.6214373069438428
24      |       0.6203076052613286
578     |       0.6177645642048828
23      |       0.6146075727211294
580     |       0.6126094517376076
259     |       0.6125891876342057
2       |       0.610569519318172
571     |       0.6077403142155642
560     |       0.6062313202672914
12      |       0.597142387751649
584     |       0.5865556411330084
559     |       0.5836223176578321
588     |       0.5807796240538895
581     |       0.5770725177856771
272     |       0.5758749939547698
253     |       0.5559165731232747
574     |       0.5516052407220706
250     |       0.5357029647847363
4       |       0.5172115139035113
6       |       0.5095373389747204
569     |       0.5062206465060073
278     |       0.504220380983088
27      |       0.502410363811505
258     |       0.4949273301644797
8       |       0.4945285232292133
15      |       0.4895847365975932
585     |       0.48878002809329474
586     |       0.4856988594660291
577     |       0.48500196975880844
255     |       0.4786869341396132
14      |       0.4757048400555263
566     |       0.4743912325287663
30      |       0.47090796167634796
575     |       0.4657676990936755
22      |       0.46241025896045723
252     |       0.4623272148639153
31      |       0.4610954073385238
262     |       0.45892368748605
264     |       0.4505920095515513
28      |       0.4414623931808766
562     |       0.44014797883896156
573     |       0.427504703094106
29      |       0.42531801980778167
20      |       0.40896213452951913
564     |       0.4020307199332943
570     |       0.3995175694057063
265     |       0.38984069308875313
270     |       0.37836331824874064
274     |       0.361260832503809
268     |       0.3376917957898966
26      |       0.32871732084318395
271     |       0.32534779647923
275     |       0.31495415517831
19      |       0.30051079176228607
273     |       0.2822624309898546
263     |       0.2795193940155996
254     |       0.2763078221135051
572     |       0.272887412399906
279     |       0.2714460555682516
17      |       0.2254380483733865
277     |       0.1980622703402941
267     |       0.16557590407246636
256     |       0.140560692960651
260     |       0.0875237070207413
266     |       0.0
276     |       0.0


Principal Component 4 Similarity Scores:
Gesture |       Score
274     |       0.7339089695739913
279     |       0.720572907949463
268     |       0.7133077192440506
585     |       0.711136419576757
15      |       0.7095998181600136
278     |       0.6997404984622058
580     |       0.6728467110271944
581     |       0.6548849237750661
20      |       0.6332262155634423
587     |       0.6238289026548179
578     |       0.6214143933690282
275     |       0.6115772938980587
588     |       0.6115650529837587
277     |       0.6079703189014114
583     |       0.6044600375890034
586     |       0.5990781063630927
584     |       0.5984467384094223
29      |       0.5884173668873965
27      |       0.5818643182254839
30      |       0.5578441616107049
12      |       0.5512270194073298
276     |       0.5451770396732237
4       |       0.5252105782658624
24      |       0.5089641926211568
589     |       0.5043811008974894
22      |       0.5036811830530438
26      |       0.48384410509013576
582     |       0.4780731382296403
19      |       0.4608967163345553
31      |       0.4535962932993714
23      |       0.4402579779721009
579     |       0.42680870700957213
273     |       0.42647502677951626
6       |       0.42501530209750193
21      |       0.42487234981290256
1       |       0.4239517526248043
14      |       0.4229053064222844
269     |       0.4132217539878385
28      |       0.4047466015265545
17      |       0.404359564410076
559     |       0.3912664223519915
264     |       0.37898855451695984
2       |       0.37796731664441996
570     |       0.36801121958194544
250     |       0.33725337976036296
577     |       0.32791424618052295
270     |       0.32524634701387306
271     |       0.3188510842018059
25      |       0.3131884212065797
256     |       0.31104329640923845
575     |       0.3108303543105927
11      |       0.3097138783017634
574     |       0.30526590195292186
3       |       0.3035289316003943
9       |       0.3032717038412514
16      |       0.29795765713927785
272     |       0.2749084105722757
267     |       0.26366667305016966
560     |       0.26028623142721596
564     |       0.23816478216497322
266     |       0.2338447478950613
251     |       0.23223267672463266
263     |       0.22492926580239261
573     |       0.21209572728588857
563     |       0.20640114184060107
569     |       0.2006487753117888
576     |       0.19554787691645922
568     |       0.17720050287746203
258     |       0.17539934266106513
8       |       0.17485230881647768
252     |       0.17124034852715694
253     |       0.15722354073344524
259     |       0.1539498491306067
262     |       0.14948559546033527
13      |       0.14504310523298022
10      |       0.1409635717840983
566     |       0.138766240869768
265     |       0.13850667317611987
562     |       0.13307005211871212
260     |       0.12764233857776822
254     |       0.12235962070971085
572     |       0.11128240408901093
561     |       0.10001524139300479
571     |       0.0949934551885101
255     |       0.0906432561321148
18      |       0.056324647731727524
261     |       0.052687500798860365
565     |       0.05143045973542382
567     |       0.046754988305689055
566     |       0.138766240869768
265     |       0.13850667317611987
562     |       0.13307005211871212
260     |       0.12764233857776822
254     |       0.12235962070971085
572     |       0.11128240408901093
561     |       0.10001524139300479
571     |       0.0949934551885101
255     |       0.0906432561321148
18      |       0.056324647731727524
261     |       0.052687500798860365
565     |       0.05143045973542382
567     |       0.046754988305689055
5       |       0.01889358291788762
7       |       0.0
249     |       0.0
257     |       0.0
