Please select a vector model (TF/TF-IDF): TF
Creating gesture-gesture similarity matrix based on LDA...
Found Gesture-Gesture Similarity Matrix Performing NMF
Principal Component 1 Similarity Scores:
Gesture |       Score
273     |       0.9564698284974816
560     |       0.956456207757785
588     |       0.956448428494838
565     |       0.9564471757677012
11      |       0.9564415397437719
586     |       0.9563788007370538
258     |       0.9563641470127655
263     |       0.9552026416100478
268     |       0.9545243277132744
278     |       0.9514879839977839
562     |       0.9479907075256184
279     |       0.9432061582311307
571     |       0.9430432991572891
587     |       0.9425430765303869
581     |       0.9425184295615472
563     |       0.9419438978916809
567     |       0.939068550087946
584     |       0.9389913734577982
7       |       0.9373865235186057
267     |       0.935440028247769
575     |       0.9340944068804026
577     |       0.93108087197004
1       |       0.9282113200946551
20      |       0.9243256534413271
580     |       0.9208907485237069
14      |       0.9176494342691693
12      |       0.916789587510663
4       |       0.9162437481401263
5       |       0.9162115074774739
566     |       0.9099347865047738
578     |       0.9094192843808236
256     |       0.906186405159328
251     |       0.9029125486333017
265     |       0.9027451112054529
13      |       0.8987550997007212
28      |       0.8952876679635835
29      |       0.8950967335268627
277     |       0.8945249976133636
564     |       0.8935035533245155
585     |       0.8906863482447935
574     |       0.8842306497098189
19      |       0.884106716915577
31      |       0.8835612528367165
274     |       0.882122862192648
26      |       0.8784691258923136
270     |       0.8715202653360313
8       |       0.8709869304150528
255     |       0.8688121253620105
272     |       0.8683953424896936
27      |       0.8676992665698137
569     |       0.865781371512914
262     |       0.8646714597773535
24      |       0.8637461022676497
22      |       0.8628204902243344
16      |       0.8419403460573203
30      |       0.8335788844253861
275     |       0.8278675210265369
253     |       0.8228342146764162
10      |       0.8193154678046972
25      |       0.8147345371000733
21      |       0.8145648893956067
250     |       0.8030714536417598
568     |       0.7925690898214971
266     |       0.7914467372396552
261     |       0.7876193616604958
582     |       0.7843173503183288
589     |       0.7810377634241925
17      |       0.7794901818344581
260     |       0.7687528990589363
259     |       0.7658477677632812
269     |       0.7650723935632844
271     |       0.7625311664901868
576     |       0.7564986558893881
3       |       0.7478227695677356
23      |       0.7423902780963659
252     |       0.7381968496350084
264     |       0.7376199767147639
2       |       0.7342554346295299
15      |       0.7321442059556792
561     |       0.7285851633973429
573     |       0.7280476275225217
257     |       0.7251189780323734
559     |       0.724773273435156
276     |       0.7223937672268312
570     |       0.7161777728650706
254     |       0.7065092484075478
9       |       0.6816958931110664
249     |       0.6661269758870791
6       |       0.63874000624059
579     |       0.6271071639275921
583     |       0.5872183031857718
18      |       0.580560881569705
572     |       0.5627739866523305


Principal Component 2 Similarity Scores:
Gesture |       Score
572     |       0.7337427834245555
18      |       0.7327141870680625
583     |       0.7317903259188951
579     |       0.7197928625555473
6       |       0.7141093108414356
249     |       0.6965727997033363
9       |       0.6838784234929424
254     |       0.6593108514026593
570     |       0.6482279373584733
559     |       0.6376345715677045
257     |       0.6371936727902958
573     |       0.6334120052923289
561     |       0.6327088195963999
2       |       0.6251180131981198
264     |       0.620462937068489
252     |       0.6196533943896243
3       |       0.6056459235105952
576     |       0.5921983167274055
271     |       0.5823766460568541
269     |       0.5781213934361328
259     |       0.5768089955769597
260     |       0.5718329957548759
589     |       0.5497476076961019
582     |       0.5435604717092409
261     |       0.5372044833003907
266     |       0.5296765002579197
568     |       0.5274359443454207
250     |       0.5057315304278307
21      |       0.4804086472295841
25      |       0.480022259546635
10      |       0.4694474350154584
16      |       0.4130863707278825
8       |       0.3299129932457518
270     |       0.32826426070487447
574     |       0.2875991368838952
13      |       0.23777576705375145
578     |       0.19878874474099673
566     |       0.1968505252999584
575     |       0.10015737035042528
584     |       0.07909334354635383
563     |       0.06614193148962266
571     |       0.061270317236738425
268     |       0.008763655951343203
15      |       2.96228081328001e-05
23      |       2.9576685303099444e-05
17      |       2.9128150223302632e-05
253     |       2.788554916096282e-05
275     |       2.7676196415178556e-05
30      |       2.741886001280507e-05
22      |       2.570981245060578e-05
24      |       2.564310919332718e-05
262     |       2.557552501064698e-05
569     |       2.549325772135614e-05
27      |       2.5347936757370993e-05
272     |       2.5294181878729426e-05
255     |       2.526173337202755e-05
26      |       2.4451199436286964e-05
274     |       2.4112616540635737e-05
31      |       2.3974047784590315e-05
19      |       2.3920690568416285e-05
585     |       2.323981312343277e-05
564     |       2.2925649174994114e-05
277     |       2.280811595455424e-05
29      |       2.2741456752738148e-05
28      |       2.271905403243675e-05
265     |       2.1784630948492773e-05
251     |       2.1762227125747608e-05
256     |       2.1310298989405778e-05
5       |       1.9737554007296165e-05
4       |       1.97319655532044e-05
12      |       1.9636768009563467e-05
14      |       1.9484532304584046e-05
580     |       1.8884082547709114e-05
20      |       1.81968873441451e-05
1       |       1.7345605449614676e-05
577     |       1.6657328853336845e-05
267     |       1.5492175223176775e-05
7       |       1.4915211796613886e-05
567     |       1.4382521222320469e-05
581     |       1.3168859617029929e-05
587     |       1.3159502198416848e-05
279     |       1.2903554588652107e-05
562     |       1.0753153749224898e-05
278     |       8.634972184145604e-06
263     |       4.957350551625996e-06
258     |       2.1771807290459384e-06
273     |       1.3971971887244932e-06
560     |       1.6110763974694478e-07
588     |       8.914025957100643e-08
565     |       7.869524385450329e-08
11      |       3.7227189795924816e-08
276     |       0.0
586     |       0.0


Principal Component 3 Similarity Scores:
Gesture |       Score
276     |       0.9659269282435622
15      |       0.9654442369298462
23      |       0.9640997465561685
17      |       0.9501530658836922
253     |       0.9106873701436823
275     |       0.9040065795739505
30      |       0.8957879232545124
22      |       0.8410842833217813
24      |       0.8389462183228701
262     |       0.8367797556449151
569     |       0.8341423645300183
27      |       0.8294829721930933
272     |       0.8277592571721932
255     |       0.8267186993495116
26      |       0.8007162213524822
274     |       0.7898489494245096
31      |       0.7854006127812906
19      |       0.7836876191377262
585     |       0.7618232383687481
564     |       0.751731744896451
277     |       0.7479559178757603
29      |       0.7458143395373162
28      |       0.7450945860778244
265     |       0.7150664350086037
251     |       0.7143463158020257
256     |       0.6998187338654945
5       |       0.6492425544045972
4       |       0.6490627926379496
12      |       0.6460005993344837
14      |       0.6411034778606018
580     |       0.621786087608633
20      |       0.5996741635415074
1       |       0.5722772429893618
577     |       0.5501225607801976
267     |       0.5126109142904217
7       |       0.4940328555546761
567     |       0.4768787555093875
581     |       0.4377901940676089
587     |       0.43748878797918633
279     |       0.4292445641628759
562     |       0.3599678135257373
278     |       0.29171209106485896
263     |       0.17317252280242565
258     |       0.08353727194257102
273     |       0.058386811383997095
560     |       0.018473256652704027
588     |       0.01603619747861164
565     |       0.015665245486637558
11      |       0.014058304459666968
586     |       0.00017093594805374132
268     |       2.113512068940932e-05
571     |       1.8878971100789715e-05
563     |       1.8668874415304166e-05
584     |       1.8109655680650713e-05
575     |       1.7198010493939817e-05
566     |       1.2975364893440034e-05
578     |       1.2890019173783472e-05
13      |       1.1166674703178433e-05
574     |       8.944175287054316e-06
270     |       7.1109565952842155e-06
8       |       7.036224974573811e-06
16      |       3.218103932016825e-06
10      |       5.646492379794962e-07
25      |       5.923611252998007e-08
21      |       4.071800049939287e-08
2       |       0.0
3       |       0.0
6       |       0.0
9       |       0.0
18      |       0.0
249     |       0.0
250     |       0.0
252     |       0.0
254     |       0.0
257     |       0.0
259     |       0.0
260     |       0.0
261     |       0.0
264     |       0.0
266     |       0.0
269     |       0.0
271     |       0.0
559     |       0.0
561     |       0.0
568     |       0.0
570     |       0.0
572     |       0.0
573     |       0.0
576     |       0.0
579     |       0.0
582     |       0.0
583     |       0.0
589     |       0.0


Principal Component 4 Similarity Scores:
Gesture |       Score
586     |       1.5490992348619652e-06
268     |       1.5404198845742882e-06
11      |       1.532336009013791e-06
565     |       1.5303934477466403e-06
588     |       1.5299449375510066e-06
560     |       1.5269975950401578e-06
571     |       1.4867193475130285e-06
563     |       1.4816815924806542e-06
273     |       1.4785421514111568e-06
584     |       1.4682403503190896e-06
258     |       1.4478241377925223e-06
575     |       1.4462257502884673e-06
566     |       1.3424469063315204e-06
578     |       1.3403160771185735e-06
263     |       1.3370748928206867e-06
13      |       1.2969769658860287e-06
574     |       1.2401400887445855e-06
270     |       1.192364394417513e-06
8       |       1.1903982055182163e-06
278     |       1.1870834997534799e-06
562     |       1.0985171441610685e-06
16      |       1.08774101495538e-06
10      |       1.0134112797986778e-06
279     |       1.0066253368221035e-06
25      |       9.989209083196193e-07
21      |       9.983877792272681e-07
587     |       9.955380343909736e-07
581     |       9.951320303296768e-07
250     |       9.628401214821082e-07
567     |       9.420678037018381e-07
568     |       9.313169948677301e-07
266     |       9.280009847995817e-07
7       |       9.185082330155618e-07
261     |       9.167682255525645e-07
582     |       9.071700314439308e-07
589     |       8.97721045178217e-07
267     |       8.927907426386224e-07
260     |       8.63055674486925e-07
259     |       8.550229564572534e-07
269     |       8.528895261121705e-07
271     |       8.459281481713617e-07
577     |       8.401687730520327e-07
576     |       8.295898100211292e-07
1       |       8.086119210360839e-07
3       |       8.065453301436307e-07
252     |       7.815875659697941e-07
264     |       7.801118664032966e-07
2       |       7.715494720091077e-07
20      |       7.690419617602986e-07
561     |       7.572893224531339e-07
573     |       7.559484486909947e-07
257     |       7.486760690915101e-07
559     |       7.478212960519734e-07
580     |       7.366211847610549e-07
570     |       7.268151577480059e-07
14      |       7.079081563183619e-07
254     |       7.037435051724511e-07
12      |       7.005673653353828e-07
4       |       6.959638936592387e-07
5       |       6.956933326680368e-07
9       |       6.471232619694056e-07
256     |       6.180249807964199e-07
249     |       6.134159945394791e-07
251     |       5.950767574292206e-07
265     |       5.939308831323914e-07
6       |       5.573270491437197e-07
28      |       5.453789428181745e-07
29      |       5.441954481911221e-07
277     |       5.406681694151758e-07
579     |       5.346828964951939e-07
564     |       5.344274770424696e-07
585     |       5.176069250718475e-07
19      |       4.80392428786635e-07
31      |       4.774282527091312e-07
274     |       4.6969531280189283e-07
583     |       4.6204453346246485e-07
18      |       4.5064224865139276e-07
26      |       4.5057737009530756e-07
572     |       4.2114079968629046e-07
255     |       4.033516358980969e-07
272     |       4.0141263557074866e-07
27      |       3.981914503871828e-07
569     |       3.8942538524301434e-07
262     |       3.8442407970777054e-07
24      |       3.802937194200233e-07
22      |       3.7619743755733255e-07
30      |       2.623857830782052e-07
275     |       2.431514470689317e-07
253     |       2.2688338053393347e-07
17      |       1.0873359511783201e-07
23      |       3.1693583640595515e-08
15      |       1.3462241581207053e-08
276     |       0.0
