Please select a vector model (TF/TF-IDF): TF-IDF
Creating gesture-gesture similarity matrix based on SVD...
Found Gesture-Gesture Similarity Matrix Performing NMF
Principal Component 1 Similarity Scores:
Gesture |       Score
19      |       0.9302829840302766
3       |       0.9274210074013504
25      |       0.9200163836159432
15      |       0.9200087253693762
583     |       0.9154918161213537
581     |       0.9006766223686818
24      |       0.8828083545080766
22      |       0.8803134594982582
16      |       0.8577117097854025
567     |       0.8496323547360068
561     |       0.8419960043752444
28      |       0.8182528815732726
7       |       0.8145153954764511
565     |       0.8080694130196034
5       |       0.8045764643604898
270     |       0.8044908064228738
18      |       0.7880767899419265
9       |       0.782987647717148
560     |       0.7736657885985672
13      |       0.7707510409899022
569     |       0.7706387317784034
257     |       0.7674587138504244
269     |       0.7598818927423209
14      |       0.7492557784542128
572     |       0.7472272529150304
570     |       0.7456755344764533
8       |       0.7429203645841292
571     |       0.7396344398985681
573     |       0.7382548594590855
585     |       0.7359290834508473
568     |       0.7303106376207206
17      |       0.7289518729549392
26      |       0.7018810459907199
272     |       0.697980787705775
562     |       0.694074454877266
564     |       0.6934717881273158
574     |       0.6821005854333915
264     |       0.6808314634462191
577     |       0.6770147470004633
566     |       0.6754691270327216
582     |       0.6742852336769232
23      |       0.6688724151916903
576     |       0.6610925625147281
30      |       0.6610633572369911
575     |       0.6583525382130498
249     |       0.6528243558112609
10      |       0.6411793680182274
31      |       0.6345371326301272
251     |       0.6289322164854604
578     |       0.621840248128211
580     |       0.6200240855406821
267     |       0.6146532881601058
588     |       0.6140558553249048
1       |       0.6042981156601018
11      |       0.5947715230443827
563     |       0.5895886318890216
259     |       0.5764532968092078
261     |       0.5762855885516307
586     |       0.5313453838533512
2       |       0.5295304773693242
559     |       0.520948856412223
273     |       0.514572156581729
21      |       0.509453844783303
255     |       0.5085776958274932
587     |       0.4977777733718479
589     |       0.49538776502805054
265     |       0.47328304672454286
6       |       0.4728783043012132
262     |       0.4444360426070361
579     |       0.4372334786121542
274     |       0.42504113431722396
263     |       0.4022896031469937
271     |       0.38672270218639293
250     |       0.3713286435903616
252     |       0.3542518233387481
4       |       0.33136932030247107
254     |       0.3124904992661454
260     |       0.30947230878400933
266     |       0.29742396665518306
253     |       0.25690074497497895
256     |       0.23483352640134775
29      |       0.2129444990734185
276     |       0.21053390900015703
268     |       0.1784860620728401
258     |       0.1709623349244635
12      |       0.14747643438360752
20      |       0.13942340310302892
275     |       0.07454410807883466
27      |       0.05164056261009962
278     |       0.05088745445088907
277     |       0.0
279     |       0.0
584     |       0.0


Principal Component 2 Similarity Scores:
Gesture |       Score
258     |       0.9125692505186114
256     |       0.8930035125259755
253     |       0.8915716613659459
260     |       0.882657907713351
266     |       0.8817618642522076
254     |       0.8788442411773486
279     |       0.8786952716161972
4       |       0.865868561288329
252     |       0.8597242934565572
271     |       0.8405648222453769
250     |       0.813792087339131
265     |       0.7819388034144772
263     |       0.7747332585512929
255     |       0.7677061027336095
262     |       0.7594596041041011
559     |       0.7447689628440626
261     |       0.7268789770563643
6       |       0.7190380864639963
11      |       0.7132034362129117
2       |       0.704178299359606
1       |       0.6916736865075467
273     |       0.6763944581770108
259     |       0.6594107897117526
586     |       0.644282798457025
251     |       0.6438607321420708
12      |       0.6431185002753141
249     |       0.6252694209095481
267     |       0.5820522359945219
272     |       0.5776609078766912
277     |       0.5513257294685635
566     |       0.5465361541526788
9       |       0.5274129227784509
564     |       0.5273496808258158
571     |       0.4988368328664009
588     |       0.4934837265512329
572     |       0.4925861560309589
568     |       0.4898721828769758
30      |       0.4854543349812501
17      |       0.47875841011083087
264     |       0.47529696818890527
257     |       0.4738091647167685
576     |       0.4663193472537026
562     |       0.4644666072782739
274     |       0.4629681402166132
31      |       0.4523069738554121
577     |       0.4501941828553543
582     |       0.44527345161273574
575     |       0.43784283751452563
7       |       0.435998170066923
573     |       0.4294716359463804
565     |       0.4260442568062953
569     |       0.42387128711312705
574     |       0.4148703886267803
560     |       0.40486555377849076
8       |       0.401750457493551
275     |       0.39837743525026437
16      |       0.3977324339083096
570     |       0.39631044243326313
585     |       0.3926636488383613
580     |       0.3910267704657851
23      |       0.3853845626027179
14      |       0.38475539658215807
26      |       0.38233516155634056
563     |       0.35078601839067053
269     |       0.330866171482729
567     |       0.309931048105077
561     |       0.3096294360558695
13      |       0.30508519216635605
589     |       0.27815555838771566
587     |       0.2663942691503217
22      |       0.2655271684745998
578     |       0.26326921771767625
10      |       0.25853436519700856
270     |       0.2581536218176381
29      |       0.2551506116882221
278     |       0.2538777014441789
268     |       0.25242582678423203
28      |       0.2375339989276736
21      |       0.22769329476687644
18      |       0.22747839169259454
584     |       0.22440215349705256
20      |       0.2189742429297866
3       |       0.2143751394772914
5       |       0.18244368309192113
579     |       0.15499961156439776
27      |       0.15482202049827
25      |       0.14708280669528984
276     |       0.14292308771294063
15      |       0.04423827473298254
581     |       0.04192780383699822
19      |       0.02604037174689194
583     |       0.0226160707669241
24      |       0.0


Principal Component 3 Similarity Scores:
Gesture |       Score
20      |       0.9285600217166323
278     |       0.9270086795024357
268     |       0.9146647626419083
29      |       0.9058621684367233
275     |       0.8720337242256689
579     |       0.8446310375887474
21      |       0.7935796064662072
589     |       0.791265242689083
587     |       0.7867722150135299
277     |       0.7687323162557143
274     |       0.734126140277661
578     |       0.7060227895837706
10      |       0.6967444195092203
12      |       0.6854227009408059
580     |       0.6475749757157458
563     |       0.6172442570251541
23      |       0.6056037649818398
31      |       0.588557174411694
575     |       0.5759591825599466
588     |       0.5716728058704001
574     |       0.5685196998925115
26      |       0.5585961624337469
582     |       0.5519472845240844
18      |       0.5481363759847468
576     |       0.546405937931551
577     |       0.545380224374552
13      |       0.5345376329686805
269     |       0.5309469181320672
30      |       0.5305493021931376
270     |       0.5189616652351656
562     |       0.5121335548377229
585     |       0.5106647081558426
14      |       0.5106045357134199
264     |       0.5099611013243851
5       |       0.5080587873980895
570     |       0.5064192109246325
8       |       0.5054178814191262
28      |       0.49495288409275173
573     |       0.4867052512992978
586     |       0.47565819488227185
267     |       0.4728249494171337
560     |       0.45920829734908036
273     |       0.44576728511807323
569     |       0.4448318486711997
566     |       0.44194075066783006
564     |       0.43928404690051837
568     |       0.429633474877574
561     |       0.4160492741730475
17      |       0.415758669174203
6       |       0.41313986059130536
571     |       0.4068538959158485
259     |       0.40136380748452527
572     |       0.39829973741336866
567     |       0.38998788479855656
263     |       0.37295598687593207
262     |       0.3623135410704356
272     |       0.35767405638890776
251     |       0.35397527901909515
249     |       0.3506735305919058
7       |       0.33027401673615153
565     |       0.33011044883601537
22      |       0.32704438975254946
257     |       0.3137664431790028
250     |       0.29720428244102065
279     |       0.29248984958509106
559     |       0.2923916972161231
1       |       0.28141057076684506
265     |       0.26390933512097736
255     |       0.24756972227533147
11      |       0.23725865490156908
584     |       0.23685173613426372
9       |       0.2323944493689685
261     |       0.22828345089369997
16      |       0.21861253170385422
25      |       0.20127105186381244
271     |       0.18099553139443794
27      |       0.16501196668775128
3       |       0.1631461831384433
583     |       0.15766721086720925
256     |       0.1457606929213262
252     |       0.14343127530527588
4       |       0.13922398728895385
253     |       0.11632398237715132
266     |       0.10975601441643024
19      |       0.09626393079965097
254     |       0.09444208274195731
2       |       0.0929049487048508
276     |       0.09038064855154714
15      |       0.07358073707891474
260     |       0.01092125407647265
24      |       0.0
258     |       0.0
581     |       0.0


Principal Component 4 Similarity Scores:
Gesture |       Score
27      |       0.999784793262475
276     |       0.9903530084090347
584     |       0.9585506769311547
24      |       0.46744860056929605
581     |       0.4465308410287859
15      |       0.4111946995059741
583     |       0.398520017257504
2       |       0.3815308528049007
19      |       0.3809482234526806
25      |       0.33091468906390953
563     |       0.33032693940094815
3       |       0.28481432447825256
257     |       0.2429696366206544
5       |       0.23668945665740407
22      |       0.22165563302502464
16      |       0.221332330854823
565     |       0.18956719948233838
17      |       0.1721548064014085
579     |       0.1653003795915514
567     |       0.14792432065072522
9       |       0.1477455087850375
28      |       0.14067577222071131
587     |       0.13198223479001392
21      |       0.12901616828129098
26      |       0.12718840889062943
7       |       0.12486436446478374
585     |       0.11774645990505188
18      |       0.11438512750998049
561     |       0.10853466581140882
578     |       0.10603716857847083
261     |       0.0939252703054719
269     |       0.09251578881244792
264     |       0.08642126000882903
13      |       0.08473426213746744
29      |       0.08216982131210562
4       |       0.07816132663799918
250     |       0.07769290158051291
11      |       0.077368797827444
1       |       0.07145208785416751
20      |       0.06552107496309387
279     |       0.06527221898066739
589     |       0.06503304118163906
572     |       0.06476452326958175
568     |       0.06290687014636138
278     |       0.061211023547887315
10      |       0.06009546937953506
271     |       0.05195004050758265
260     |       0.05035120037154499
12      |       0.05032193102743689
268     |       0.04871694863450494
559     |       0.04777973733724365
270     |       0.04691102231160218
14      |       0.04486523671945125
274     |       0.04400076407130277
275     |       0.041624277885632534
258     |       0.04031212563103846
574     |       0.03909717615222795
6       |       0.03805017938731816
8       |       0.03740549812624051
582     |       0.03672812201720041
570     |       0.03644383759218226
272     |       0.035869856201504006
573     |       0.03567205837649657
277     |       0.035594865908584995
588     |       0.03337231179158096
575     |       0.030420926621696785
571     |       0.02903142509832689
253     |       0.026936989840607235
255     |       0.026644510468105242
252     |       0.026343727343664556
580     |       0.024604778005856847
254     |       0.023913519437579914
31      |       0.02343363482195323
569     |       0.022752552838301864
262     |       0.022112903662975438
256     |       0.021103869559007712
577     |       0.020880149268091345
266     |       0.018910357657316277
262     |       0.022112903662975438
256     |       0.021103869559007712
577     |       0.020880149268091345
266     |       0.018910357657316277
267     |       0.017692057032596763
265     |       0.017426760512784037
251     |       0.017177679242155335
263     |       0.015353840767615158
273     |       0.015231798083430299
560     |       0.01435760153860513
566     |       0.01429788776659245
30      |       0.012544828665618677
249     |       0.01216750437126209
23      |       0.004388937383929486
562     |       0.0003252580921199244
259     |       0.0
564     |       0.0
576     |       0.0
586     |       0.0