X;0;0 0.0
X;0;1 0.0038043478260869567
X;0;2 0.005434782608695652
X;0;3 0.002717391304347826
X;0;4 0.0
X;0;5 0.0005434782608695652
X;1;0 0.0005434782608695652
X;1;1 0.0
X;1;2 0.0
X;1;3 0.0
X;1;4 0.010326086956521738
X;1;5 0.0016304347826086956
X;2;0 0.0005434782608695652
X;2;1 0.0
X;2;2 0.0
X;2;3 0.0
X;2;4 0.010869565217391304
X;2;5 0.0010869565217391304
X;3;0 0.0005434782608695652
X;3;1 0.0
X;3;2 0.0
X;3;3 0.0
X;3;4 0.004891304347826087
X;3;5 0.007065217391304348
X;4;0 0.0005434782608695652
X;4;1 0.0
X;4;2 0.0
X;4;3 0.0
X;4;4 0.011956521739130435
X;4;5 0.0
X;5;0 0.0005434782608695652
X;5;1 0.0
X;5;2 0.0
X;5;3 0.0
X;5;4 0.004891304347826087
X;5;5 0.007065217391304348
X;6;0 0.0005434782608695652
X;6;1 0.0
X;6;2 0.0
X;6;3 0.0
X;6;4 0.002717391304347826
X;6;5 0.00923913043478261
X;7;0 0.0005434782608695652
X;7;1 0.0
X;7;2 0.0
X;7;3 0.0
X;7;4 0.0016304347826086956
X;7;5 0.010326086956521738
X;8;0 0.0
X;8;1 0.004347826086956522
X;8;2 0.007608695652173913
X;8;3 0.0
X;8;4 0.0
X;8;5 0.0005434782608695652
X;9;0 0.0005434782608695652
X;9;1 0.0
X;9;2 0.0
X;9;3 0.002173913043478261
X;9;4 0.009782608695652175
X;9;5 0.0
X;10;0 0.0
X;10;1 0.0
X;10;2 0.0016304347826086956
X;10;3 0.003260869565217391
X;10;4 0.006521739130434782
X;10;5 0.0010869565217391304
X;11;0 0.0005434782608695652
X;11;1 0.0
X;11;2 0.0
X;11;3 0.0
X;11;4 0.003260869565217391
X;11;5 0.008695652173913044
X;12;0 0.0005434782608695652
X;12;1 0.0
X;12;2 0.0
X;12;3 0.0
X;12;4 0.007608695652173913
X;12;5 0.004347826086956522
X;13;0 0.0005434782608695652
X;13;1 0.0
X;13;2 0.0
X;13;3 0.0
X;13;4 0.008152173913043478
X;13;5 0.0038043478260869567
X;14;0 0.0005434782608695652
X;14;1 0.0
X;14;2 0.0
X;14;3 0.0
X;14;4 0.0
X;14;5 0.011956521739130435
X;15;0 0.0005434782608695652
X;15;1 0.0
X;15;2 0.0
X;15;3 0.0
X;15;4 0.005978260869565218
X;15;5 0.005978260869565218
X;16;0 0.0005434782608695652
X;16;1 0.01141304347826087
X;16;2 0.0
X;16;3 0.0
X;16;4 0.0
X;16;5 0.0005434782608695652
X;17;0 0.0005434782608695652
X;17;1 0.0
X;17;2 0.0
X;17;3 0.0
X;17;4 0.0
X;17;5 0.011956521739130435
X;18;0 0.0005434782608695652
X;18;1 0.0
X;18;2 0.0
X;18;3 0.0
X;18;4 0.0
X;18;5 0.011956521739130435
X;19;0 0.0005434782608695652
X;19;1 0.0
X;19;2 0.0
X;19;3 0.0038043478260869567
X;19;4 0.006521739130434782
X;19;5 0.0016304347826086956
Y;0;0 0.0
Y;0;1 0.0010869565217391304
Y;0;2 0.0016304347826086956
Y;0;3 0.00923913043478261
Y;0;4 0.0005434782608695652
Y;0;5 0.0
Y;1;0 0.0005434782608695652
Y;1;1 0.0
Y;1;2 0.0
Y;1;3 0.007608695652173913
Y;1;4 0.004347826086956522
Y;1;5 0.0
Y;2;0 0.0005434782608695652
Y;2;1 0.004891304347826087
Y;2;2 0.006521739130434782
Y;2;3 0.0
Y;2;4 0.0
Y;2;5 0.0005434782608695652
Y;3;0 0.0
Y;3;1 0.0010869565217391304
Y;3;2 0.0038043478260869567
Y;3;3 0.007065217391304348
Y;3;4 0.0
Y;3;5 0.0005434782608695652
Y;4;0 0.0
Y;4;1 0.0005434782608695652
Y;4;2 0.005978260869565218
Y;4;3 0.0016304347826086956
Y;4;4 0.004347826086956522
Y;4;5 0.0
Y;5;0 0.0
Y;5;1 0.003260869565217391
Y;5;2 0.004347826086956522
Y;5;3 0.003260869565217391
Y;5;4 0.0016304347826086956
Y;5;5 0.0
Y;6;0 0.0
Y;6;1 0.0016304347826086956
Y;6;2 0.010326086956521738
Y;6;3 0.0
Y;6;4 0.0
Y;6;5 0.0005434782608695652
Y;7;0 0.0
Y;7;1 0.0010869565217391304
Y;7;2 0.008695652173913044
Y;7;3 0.002717391304347826
Y;7;4 0.0
Y;7;5 0.0
Y;8;0 0.0
Y;8;1 0.004347826086956522
Y;8;2 0.002173913043478261
Y;8;3 0.005434782608695652
Y;8;4 0.0005434782608695652
Y;8;5 0.0
Y;9;0 0.0
Y;9;1 0.0010869565217391304
Y;9;2 0.003260869565217391
Y;9;3 0.007608695652173913
Y;9;4 0.0005434782608695652
Y;9;5 0.0
Y;10;0 0.0005434782608695652
Y;10;1 0.0016304347826086956
Y;10;2 0.00923913043478261
Y;10;3 0.0
Y;10;4 0.0010869565217391304
Y;10;5 0.0
Y;11;0 0.0
Y;11;1 0.0010869565217391304
Y;11;2 0.007065217391304348
Y;11;3 0.004347826086956522
Y;11;4 0.0
Y;11;5 0.0
Y;12;0 0.0
Y;12;1 0.0
Y;12;2 0.010326086956521738
Y;12;3 0.0016304347826086956
Y;12;4 0.0005434782608695652
Y;12;5 0.0
Y;13;0 0.0005434782608695652
Y;13;1 0.0
Y;13;2 0.0
Y;13;3 0.008695652173913044
Y;13;4 0.003260869565217391
Y;13;5 0.0
Y;14;0 0.0005434782608695652
Y;14;1 0.0
Y;14;2 0.002173913043478261
Y;14;3 0.004891304347826087
Y;14;4 0.004891304347826087
Y;14;5 0.0
Y;15;0 0.004891304347826087
Y;15;1 0.007065217391304348
Y;15;2 0.0
Y;15;3 0.0
Y;15;4 0.0
Y;15;5 0.0005434782608695652
Y;16;0 0.0
Y;16;1 0.0
Y;16;2 0.0016304347826086956
Y;16;3 0.010869565217391304
Y;16;4 0.0
Y;16;5 0.0
Y;17;0 0.0005434782608695652
Y;17;1 0.0
Y;17;2 0.0
Y;17;3 0.008695652173913044
Y;17;4 0.003260869565217391
Y;17;5 0.0
Y;18;0 0.0005434782608695652
Y;18;1 0.0
Y;18;2 0.0
Y;18;3 0.00923913043478261
Y;18;4 0.002717391304347826
Y;18;5 0.0
Y;19;0 0.0
Y;19;1 0.0016304347826086956
Y;19;2 0.004891304347826087
Y;19;3 0.005434782608695652
Y;19;4 0.0
Y;19;5 0.0005434782608695652
Z;0;0 0.0005434782608695652
Z;0;1 0.0
Z;0;2 0.0
Z;0;3 0.0
Z;0;4 0.0010869565217391304
Z;0;5 0.010869565217391304
Z;1;0 0.0
Z;1;1 0.0
Z;1;2 0.002173913043478261
Z;1;3 0.008695652173913044
Z;1;4 0.0016304347826086956
Z;1;5 0.0
Z;2;0 0.0
Z;2;1 0.002717391304347826
Z;2;2 0.002173913043478261
Z;2;3 0.006521739130434782
Z;2;4 0.0010869565217391304
Z;2;5 0.0
Z;3;0 0.0
Z;3;1 0.0010869565217391304
Z;3;2 0.004347826086956522
Z;3;3 0.005978260869565218
Z;3;4 0.0010869565217391304
Z;3;5 0.0
Z;4;0 0.0
Z;4;1 0.004347826086956522
Z;4;2 0.0016304347826086956
Z;4;3 0.005978260869565218
Z;4;4 0.0005434782608695652
Z;4;5 0.0
Z;5;0 0.0
Z;5;1 0.0016304347826086956
Z;5;2 0.008695652173913044
Z;5;3 0.002173913043478261
Z;5;4 0.0
Z;5;5 0.0
Z;6;0 0.0
Z;6;1 0.0010869565217391304
Z;6;2 0.008695652173913044
Z;6;3 0.002173913043478261
Z;6;4 0.0
Z;6;5 0.0005434782608695652
Z;7;0 0.0
Z;7;1 0.0005434782608695652
Z;7;2 0.010869565217391304
Z;7;3 0.0010869565217391304
Z;7;4 0.0
Z;7;5 0.0
Z;8;0 0.0005434782608695652
Z;8;1 0.004347826086956522
Z;8;2 0.0016304347826086956
Z;8;3 0.005434782608695652
Z;8;4 0.0005434782608695652
Z;8;5 0.0
Z;9;0 0.0
Z;9;1 0.0010869565217391304
Z;9;2 0.002173913043478261
Z;9;3 0.00923913043478261
Z;9;4 0.0
Z;9;5 0.0
Z;10;0 0.0
Z;10;1 0.0
Z;10;2 0.01141304347826087
Z;10;3 0.0010869565217391304
Z;10;4 0.0
Z;10;5 0.0
Z;11;0 0.0
Z;11;1 0.005434782608695652
Z;11;2 0.004347826086956522
Z;11;3 0.002717391304347826
Z;11;4 0.0
Z;11;5 0.0
Z;12;0 0.0
Z;12;1 0.0
Z;12;2 0.008152173913043478
Z;12;3 0.0038043478260869567
Z;12;4 0.0005434782608695652
Z;12;5 0.0
Z;13;0 0.0
Z;13;1 0.002717391304347826
Z;13;2 0.00923913043478261
Z;13;3 0.0
Z;13;4 0.0
Z;13;5 0.0005434782608695652
Z;14;0 0.0005434782608695652
Z;14;1 0.0010869565217391304
Z;14;2 0.007608695652173913
Z;14;3 0.003260869565217391
Z;14;4 0.0
Z;14;5 0.0
Z;15;0 0.0005434782608695652
Z;15;1 0.0
Z;15;2 0.00923913043478261
Z;15;3 0.002173913043478261
Z;15;4 0.0005434782608695652
Z;15;5 0.0
Z;16;0 0.0010869565217391304
Z;16;1 0.0
Z;16;2 0.003260869565217391
Z;16;3 0.008152173913043478
Z;16;4 0.0
Z;16;5 0.0
Z;17;0 0.0005434782608695652
Z;17;1 0.0
Z;17;2 0.0
Z;17;3 0.008152173913043478
Z;17;4 0.0038043478260869567
Z;17;5 0.0
Z;18;0 0.0
Z;18;1 0.002173913043478261
Z;18;2 0.006521739130434782
Z;18;3 0.003260869565217391
Z;18;4 0.0005434782608695652
Z;18;5 0.0
Z;19;0 0.0
Z;19;1 0.0
Z;19;2 0.005978260869565218
Z;19;3 0.006521739130434782
Z;19;4 0.0
Z;19;5 0.0
W;0;0 0.0005434782608695652
W;0;1 0.0
W;0;2 0.0010869565217391304
W;0;3 0.008152173913043478
W;0;4 0.002717391304347826
W;0;5 0.0
W;1;0 0.0
W;1;1 0.0005434782608695652
W;1;2 0.0016304347826086956
W;1;3 0.00923913043478261
W;1;4 0.0010869565217391304
W;1;5 0.0
W;2;0 0.0
W;2;1 0.0010869565217391304
W;2;2 0.004891304347826087
W;2;3 0.005978260869565218
W;2;4 0.0005434782608695652
W;2;5 0.0
W;3;0 0.0
W;3;1 0.003260869565217391
W;3;2 0.004347826086956522
W;3;3 0.004347826086956522
W;3;4 0.0005434782608695652
W;3;5 0.0
W;4;0 0.0005434782608695652
W;4;1 0.0
W;4;2 0.0
W;4;3 0.0
W;4;4 0.0016304347826086956
W;4;5 0.010326086956521738
W;5;0 0.0005434782608695652
W;5;1 0.0
W;5;2 0.0
W;5;3 0.0
W;5;4 0.011956521739130435
W;5;5 0.0
W;6;0 0.0005434782608695652
W;6;1 0.0
W;6;2 0.0016304347826086956
W;6;3 0.008695652173913044
W;6;4 0.0016304347826086956
W;6;5 0.0
W;7;0 0.0
W;7;1 0.0
W;7;2 0.0016304347826086956
W;7;3 0.00923913043478261
W;7;4 0.0016304347826086956
W;7;5 0.0
W;8;0 0.0005434782608695652
W;8;1 0.0
W;8;2 0.0
W;8;3 0.0
W;8;4 0.01141304347826087
W;8;5 0.0005434782608695652
W;9;0 0.0
W;9;1 0.004347826086956522
W;9;2 0.004347826086956522
W;9;3 0.003260869565217391
W;9;4 0.0005434782608695652
W;9;5 0.0
W;10;0 0.0
W;10;1 0.0005434782608695652
W;10;2 0.0010869565217391304
W;10;3 0.0016304347826086956
W;10;4 0.003260869565217391
W;10;5 0.005978260869565218
W;11;0 0.0
W;11;1 0.0
W;11;2 0.008152173913043478
W;11;3 0.004347826086956522
W;11;4 0.0
W;11;5 0.0
W;12;0 0.0005434782608695652
W;12;1 0.0
W;12;2 0.0
W;12;3 0.0
W;12;4 0.0
W;12;5 0.011956521739130435
W;13;0 0.0005434782608695652
W;13;1 0.0
W;13;2 0.0
W;13;3 0.0
W;13;4 0.01141304347826087
W;13;5 0.0005434782608695652
W;14;0 0.0005434782608695652
W;14;1 0.0016304347826086956
W;14;2 0.007065217391304348
W;14;3 0.003260869565217391
W;14;4 0.0
W;14;5 0.0
W;15;0 0.0
W;15;1 0.0005434782608695652
W;15;2 0.002173913043478261
W;15;3 0.00923913043478261
W;15;4 0.0
W;15;5 0.0005434782608695652
W;16;0 0.0005434782608695652
W;16;1 0.0
W;16;2 0.0
W;16;3 0.0
W;16;4 0.0005434782608695652
W;16;5 0.01141304347826087
W;17;0 0.0005434782608695652
W;17;1 0.01141304347826087
W;17;2 0.0
W;17;3 0.0
W;17;4 0.0
W;17;5 0.0005434782608695652
W;18;0 0.0
W;18;1 0.0005434782608695652
W;18;2 0.007608695652173913
W;18;3 0.0038043478260869567
W;18;4 0.0005434782608695652
W;18;5 0.0
W;19;0 0.0
W;19;1 0.0010869565217391304
W;19;2 0.005434782608695652
W;19;3 0.004891304347826087
W;19;4 0.0010869565217391304
W;19;5 0.0
