X;0;0 0.0017168937474065366
X;0;1 0.001558839777849229
X;0;2 0.0
X;0;3 0.0
X;0;4 0.00014304573396477582
X;0;5 0.0011917822469823354
X;1;0 0.0
X;1;1 0.0
X;1;2 8.234843422880993e-06
X;1;3 6.552070366191318e-05
X;1;4 0.0008651980945482133
X;1;5 0.0020763939575190915
X;2;0 0.0
X;2;1 0.0001482049183707351
X;2;2 1.6380175915478296e-05
X;2;3 6.552070366191318e-05
X;2;4 0.0003575645289764624
X;2;5 0.002939419709202208
X;3;0 0.0
X;3;1 0.00018343943333701878
X;3;2 2.866530785208702e-05
X;3;3 8.599592355626106e-05
X;3;4 0.0001332505048967153
X;3;5 0.0008846117105367564
X;4;0 0.0
X;4;1 0.0
X;4;2 1.2285131936608723e-05
X;4;3 0.00010237609947173937
X;4;4 0.00024719945558520376
X;4;5 0.0013007527289716464
X;5;0 0.0
X;5;1 0.00035769430500517924
X;5;2 6.142565968304361e-05
X;5;3 6.552070366191318e-05
X;5;4 0.0
X;5;5 0.0
X;6;0 0.0
X;6;1 0.0002598066296415382
X;6;2 0.0002511939939774978
X;6;3 6.142565968304361e-05
X;6;4 0.00013628520706505996
X;6;5 0.0
X;7;0 0.0
X;7;1 0.0
X;7;2 0.00036630771566883346
X;7;3 8.694271203065789e-05
X;7;4 0.0007849451050046431
X;7;5 0.002052341913341379
X;8;0 0.0
X;8;1 0.0016222198836762622
X;8;2 4.309048687752195e-05
X;8;3 6.179986389630094e-05
X;8;4 0.0
X;8;5 0.0
X;9;0 0.0
X;9;1 0.0
X;9;2 4.095043978869574e-06
X;9;3 0.0
X;9;4 0.0014213968696149219
X;9;5 0.0
X;10;0 0.0
X;10;1 0.0
X;10;2 2.484077486590225e-05
X;10;3 0.0
X;10;4 8.37313313258326e-05
X;10;5 0.006982436215977512
X;11;0 0.0
X;11;1 0.0
X;11;2 0.00039975151469014587
X;11;3 1.6380175915478296e-05
X;11;4 0.000505237685596001
X;11;5 0.0013242087081440702
X;12;0 0.0
X;12;1 0.00032284573989079196
X;12;2 8.190087957739148e-05
X;12;3 8.234843422880992e-05
X;12;4 0.0
X;12;5 0.0
X;13;0 0.0
X;13;1 0.00021453871738587744
X;13;2 3.276035183095659e-05
X;13;3 0.00013999233818897687
X;13;4 0.00043283030293387545
X;13;5 0.0
X;14;0 0.0016172001669355195
X;14;1 0.00030585780737412847
X;14;2 6.142565968304361e-05
X;14;3 2.4570263873217446e-05
X;14;4 0.0005929768711688433
X;14;5 0.0009292264967702349
X;15;0 0.0
X;15;1 0.00040896911532112203
X;15;2 0.0002058710855720248
X;15;3 1.2285131936608723e-05
X;15;4 7.151290579529248e-05
X;15;5 0.0
X;16;0 0.0013007527289716464
X;16;1 0.0016447551511487267
X;16;2 9.88181210745719e-05
X;16;3 4.095043978869574e-06
X;16;4 0.0
X;16;5 0.0
X;17;0 0.0
X;17;1 0.00021523049326052797
X;17;2 8.234843422880992e-05
X;17;3 5.323557172530446e-05
X;17;4 0.0007755556792036385
X;17;5 0.0
X;18;0 0.0
X;18;1 0.00011859537423376866
X;18;2 0.00022356697379312024
X;18;3 5.323557172530446e-05
X;18;4 5.70351736664297e-05
X;18;5 0.0
X;19;0 0.0
X;19;1 0.0006518526655058954
X;19;2 9.418601151400021e-05
X;19;3 4.095043978869574e-06
X;19;4 8.656606058677508e-05
X;19;5 0.0
Y;0;0 0.0
Y;0;1 0.0
Y;0;2 0.0
Y;0;3 0.0
Y;0;4 0.00043283030293387545
Y;0;5 0.0
Y;1;0 0.0
Y;1;1 0.00022939335553059635
Y;1;2 4.504548376756532e-05
Y;1;3 0.0
Y;1;4 0.00010104753711920021
Y;1;5 0.0009292264967702349
Y;2;0 0.0011072581745148317
Y;2;1 8.37313313258326e-05
Y;2;2 0.0
Y;2;3 4.504548376756532e-05
Y;2;4 0.00025969818176032526
Y;2;5 0.0
Y;3;0 0.0
Y;3;1 0.0001046593473339524
Y;3;2 0.0
Y;3;3 0.0
Y;3;4 0.00010224227883028051
Y;3;5 0.0
Y;4;0 0.0
Y;4;1 0.0
Y;4;2 0.0
Y;4;3 0.0
Y;4;4 0.0015990060587605835
Y;4;5 0.0
Y;5;0 0.0
Y;5;1 0.0021501937551190536
Y;5;2 0.0
Y;5;3 0.0
Y;5;4 0.0
Y;5;5 0.0
Y;6;0 0.0
Y;6;1 0.0002281406946657188
Y;6;2 0.0
Y;6;3 0.00013322158612459457
Y;6;4 0.0
Y;6;5 0.0
Y;7;0 0.0
Y;7;1 0.00025850450433454445
Y;7;2 0.0
Y;7;3 2.047521989434787e-05
Y;7;4 0.0
Y;7;5 0.0
Y;8;0 0.0
Y;8;1 0.0
Y;8;2 0.00011056618742947851
Y;8;3 4.940906053728595e-05
Y;8;4 0.0
Y;8;5 0.0
Y;9;0 0.0
Y;9;1 6.662525244835765e-05
Y;9;2 3.276035183095659e-05
Y;9;3 0.0
Y;9;4 0.0
Y;9;5 0.0
Y;10;0 0.0
Y;10;1 0.0
Y;10;2 0.0
Y;10;3 7.710810174995636e-05
Y;10;4 0.0
Y;10;5 0.0
Y;11;0 0.0
Y;11;1 0.0002921967338862475
Y;11;2 0.0
Y;11;3 0.0
Y;11;4 0.0037435788514095024
Y;11;5 0.0
Y;12;0 0.0
Y;12;1 0.0007515891843697329
Y;12;2 0.0
Y;12;3 3.685539580982617e-05
Y;12;4 0.0
Y;12;5 0.0
Y;13;0 0.0
Y;13;1 0.00014302581159058496
Y;13;2 2.4570263873217446e-05
Y;13;3 0.0
Y;13;4 0.0008148158318823693
Y;13;5 0.0
Y;14;0 0.0
Y;14;1 0.0012990331482076911
Y;14;2 0.0
Y;14;3 0.0
Y;14;4 0.00013628520706505996
Y;14;5 0.0010381969787595458
Y;15;0 0.0009292264967702349
Y;15;1 0.0009175734221223854
Y;15;2 0.00014822718161185787
Y;15;3 8.190087957739148e-06
Y;15;4 0.0
Y;15;5 0.0
Y;16;0 0.0
Y;16;1 0.0005499522752901032
Y;16;2 0.0
Y;16;3 2.866530785208702e-05
Y;16;4 0.0
Y;16;5 0.0
Y;17;0 0.0
Y;17;1 0.0005662369845357334
Y;17;2 8.190087957739148e-05
Y;17;3 0.0
Y;17;4 6.661079306229728e-05
Y;17;5 0.0
Y;18;0 0.0
Y;18;1 0.00034221104199857815
Y;18;2 0.0001152878079203339
Y;18;3 4.095043978869574e-05
Y;18;4 0.00035578612270130596
Y;18;5 0.0
Y;19;0 0.0
Y;19;1 0.0016057534887141745
Y;19;2 0.0
Y;19;3 8.234843422880993e-06
Y;19;4 0.0
Y;19;5 0.0
Z;0;0 0.0
Z;0;1 0.0007376226643214457
Z;0;2 0.000198726198927218
Z;0;3 2.4570263873217446e-05
Z;0;4 0.00021545243438760977
Z;0;5 0.0008086000834677598
Z;1;0 0.0
Z;1;1 0.0
Z;1;2 8.190087957739148e-06
Z;1;3 0.0
Z;1;4 0.0025827659191263357
Z;1;5 0.003433787494813073
Z;2;0 0.0010381969787595458
Z;2;1 0.0017111132469529752
Z;2;2 0.0
Z;2;3 0.0
Z;2;4 0.0
Z;2;5 0.0
Z;3;0 0.0
Z;3;1 0.0002851758683321485
Z;3;2 0.0
Z;3;3 0.0
Z;3;4 0.00025969818176032526
Z;3;5 0.0
Z;4;0 0.0
Z;4;1 0.0013688441679943126
Z;4;2 0.0
Z;4;3 0.0
Z;4;4 0.0
Z;4;5 0.0
Z;5;0 0.0
Z;5;1 0.0007452428949142951
Z;5;2 7.371079161965234e-05
Z;5;3 0.0
Z;5;4 0.0002093186946679048
Z;5;5 0.0
Z;6;0 0.0
Z;6;1 0.0009960339339344438
Z;6;2 4.995809479672296e-05
Z;6;3 2.4570263873217446e-05
Z;6;4 0.0009694445990045481
Z;6;5 0.004812607618141865
Z;7;0 0.0
Z;7;1 0.0
Z;7;2 0.0003830120601082094
Z;7;3 4.095043978869574e-05
Z;7;4 0.0
Z;7;5 0.0
Z;8;0 0.0
Z;8;1 0.0
Z;8;2 0.00011466123140834808
Z;8;3 4.117421711440496e-05
Z;8;4 0.0
Z;8;5 0.0
Z;9;0 0.0
Z;9;1 8.61809737550439e-05
Z;9;2 1.2285131936608723e-05
Z;9;3 0.0
Z;9;4 0.0001299033148207691
Z;9;5 0.0
Z;10;0 0.0
Z;10;1 0.0
Z;10;2 0.000466275551436081
Z;10;3 6.210193716475562e-05
Z;10;4 0.0
Z;10;5 0.0
Z;11;0 0.0
Z;11;1 0.0
Z;11;2 1.665269826557432e-05
Z;11;3 0.0002552801461093107
Z;11;4 0.0002202105206711472
Z;11;5 0.0
Z;12;0 0.0
Z;12;1 0.0
Z;12;2 0.0
Z;12;3 0.0
Z;12;4 0.00048543878412320407
Z;12;5 0.0
Z;13;0 0.0
Z;13;1 0.0005330020195868612
Z;13;2 0.0
Z;13;3 4.940906053728595e-05
Z;13;4 0.0001332505048967153
Z;13;5 0.0
Z;14;0 0.0
Z;14;1 0.0004587867110611927
Z;14;2 0.0
Z;14;3 0.0
Z;14;4 0.0006456914797815839
Z;14;5 0.0014543379971944357
Z;15;0 0.0022145163490296634
Z;15;1 0.0025827659191263357
Z;15;2 0.0
Z;15;3 1.6469686845761985e-05
Z;15;4 0.0
Z;15;5 0.0
Z;16;0 0.0
Z;16;1 0.0
Z;16;2 0.0
Z;16;3 0.0
Z;16;4 0.0008236597675590631
Z;16;5 0.0
Z;17;0 0.0
Z;17;1 0.00038970994446230726
Z;17;2 8.190087957739148e-05
Z;17;3 0.0
Z;17;4 0.0001542162034999127
Z;17;5 0.0010381969787595458
Z;18;0 0.0
Z;18;1 0.00018539959168890283
Z;18;2 0.0
Z;18;3 1.2285131936608723e-05
Z;18;4 8.148158318823692e-05
Z;18;5 0.0
Z;19;0 0.003114590936278637
Z;19;1 0.001991019393495827
Z;19;2 0.0
Z;19;3 8.190087957739148e-06
Z;19;4 0.0
Z;19;5 0.0
W;0;0 0.0
W;0;1 0.00025969818176032526
W;0;2 5.323557172530446e-05
W;0;3 0.0
W;0;4 0.0001723619475100878
W;0;5 0.0
W;1;0 0.0
W;1;1 0.0
W;1;2 0.0
W;1;3 0.0
W;1;4 0.0015336341824542076
W;1;5 0.0011917822469823354
W;2;0 0.0
W;2;1 0.000542745792814574
W;2;2 0.0
W;2;3 0.0
W;2;4 0.00010224227883028051
W;2;5 0.0
W;3;0 0.0
W;3;1 9.171971666850939e-05
W;3;2 0.0
W;3;3 0.0
W;3;4 0.0002851758683321485
W;3;5 0.0
W;4;0 0.0011072581745148317
W;4;1 0.0002444447495647108
W;4;2 4.914052774643489e-05
W;4;3 6.961574764078276e-05
W;4;4 0.0
W;4;5 0.0
W;5;0 0.0
W;5;1 0.0001921393190977677
W;5;2 8.599592355626106e-05
W;5;3 3.276035183095659e-05
W;5;4 0.0002444447495647108
W;5;5 0.0
W;6;0 0.00600648766581225
W;6;1 0.0006786112193031837
W;6;2 2.866530785208702e-05
W;6;3 3.276035183095659e-05
W;6;4 0.0
W;6;5 0.0
W;7;0 0.0
W;7;1 0.00011306552596818051
W;7;2 0.0
W;7;3 3.276035183095659e-05
W;7;4 0.0
W;7;5 0.0
W;8;0 0.0
W;8;1 0.0
W;8;2 6.662525244835765e-05
W;8;3 5.70351736664297e-05
W;8;4 0.00043090486877521954
W;8;5 0.009837884534139191
W;9;0 0.0
W;9;1 0.0
W;9;2 0.0
W;9;3 0.0
W;9;4 0.00029504906572857826
W;9;5 0.0
W;10;0 0.0
W;10;1 0.0004607558046683686
W;10;2 0.0001255969969887489
W;10;3 0.0005038967224604993
W;10;4 0.0007914586817772636
W;10;5 0.0
W;11;0 0.0
W;11;1 0.0
W;11;2 0.0
W;11;3 0.0002552801461093107
W;11;4 0.00022756585622307957
W;11;5 0.0
W;12;0 0.0
W;12;1 0.0
W;12;2 8.234843422880992e-05
W;12;3 8.190087957739148e-05
W;12;4 0.00032284573989079196
W;12;5 0.0
W;13;0 0.0
W;13;1 0.00036687886667403756
W;13;2 0.00014822718161185787
W;13;3 3.276035183095659e-05
W;13;4 0.00021453871738587744
W;13;5 0.0
W;14;0 0.0010381969787595458
W;14;1 0.0002093186946679048
W;14;2 0.0
W;14;3 0.0
W;14;4 0.0014231444908052238
W;14;5 0.0
W;15;0 0.0
W;15;1 0.0
W;15;2 8.190087957739148e-06
W;15;3 0.0
W;15;4 0.002713572623236332
W;15;5 0.0022145163490296634
W;16;0 0.0011917822469823354
W;16;1 0.0019426032977753298
W;16;2 9.88181210745719e-05
W;16;3 4.095043978869574e-06
W;16;4 0.0
W;16;5 0.0
W;17;0 0.0
W;17;1 0.0
W;17;2 4.940906053728595e-05
W;17;3 8.599592355626106e-05
W;17;4 0.0005503183000110563
W;17;5 0.0
W;18;0 0.0
W;18;1 0.0
W;18;2 0.0
W;18;3 0.0
W;18;4 0.0001332505048967153
W;18;5 0.0
W;19;0 0.0
W;19;1 0.0
W;19;2 1.6469686845761985e-05
W;19;3 0.0
W;19;4 0.0018740764133294494
W;19;5 0.002653835131610269
