X;0;0 0.0
X;0;1 0.0001714723755634152
X;0;2 0.0
X;0;3 0.0
X;0;4 0.00012588024588900274
X;0;5 0.0
X;1;0 0.0
X;1;1 9.439703564978607e-05
X;1;2 4.347997327281164e-05
X;1;3 5.9460038573186213e-05
X;1;4 0.0007341823830880552
X;1;5 0.0
X;2;0 0.0
X;2;1 3.9126098449874065e-05
X;2;2 3.243274831264703e-05
X;2;3 3.783820636475487e-05
X;2;4 0.0008495733208480746
X;2;5 0.002586689344097943
X;3;0 0.0
X;3;1 0.0003632100780072972
X;3;2 6.486549662529405e-05
X;3;3 2.1621832208431353e-05
X;3;4 0.0004397266661591605
X;3;5 0.0011676874579085183
X;4;0 0.0011676874579085183
X;4;1 0.0008197671844057247
X;4;2 4.864912246897054e-05
X;4;3 3.783820636475487e-05
X;4;4 0.00024472746102935177
X;4;5 0.0
X;5;0 0.0
X;5;1 0.0
X;5;2 3.783820636475487e-05
X;5;3 9.189278688583326e-05
X;5;4 0.0001009330764334624
X;5;5 0.0
X;6;0 0.0
X;6;1 0.0003429447511268304
X;6;2 0.0001381566966876238
X;6;3 2.1621832208431353e-05
X;6;4 0.0003148188283202885
X;6;5 0.004460760342961209
X;7;0 0.0
X;7;1 0.0
X;7;2 0.00020722550772122578
X;7;3 4.918473423448646e-05
X;7;4 0.00020722550772122578
X;7;5 0.010836365302442483
X;8;0 0.0
X;8;1 0.0015887288925293976
X;8;2 5.687944267832898e-05
X;8;3 0.0
X;8;4 8.79453332318321e-05
X;8;5 0.0
X;9;0 0.0
X;9;1 0.0
X;9;2 3.243274831264703e-05
X;9;3 0.0
X;9;4 0.0008157582034311725
X;9;5 0.0
X;10;0 0.0
X;10;1 0.0
X;10;2 0.00011476437988046839
X;10;3 0.0
X;10;4 0.0002210507147001981
X;10;5 0.0032258855317816105
X;11;0 0.0
X;11;1 0.0
X;11;2 0.0
X;11;3 1.0810916104215677e-05
X;11;4 0.0003334568724933607
X;11;5 0.0075744738105840825
X;12;0 0.0
X;12;1 0.00014205212555194846
X;12;2 4.864912246897054e-05
X;12;3 6.521995990921746e-05
X;12;4 0.0010284047997708879
X;12;5 0.0
X;13;0 0.0
X;13;1 0.0
X;13;2 5.9460038573186213e-05
X;13;3 0.00013043991981843492
X;13;4 0.00022853439994908624
X;13;5 0.0
X;14;0 0.0
X;14;1 0.0002018661528669248
X;14;2 8.108187078161757e-05
X;14;3 2.1621832208431353e-05
X;14;4 0.0006261835759542986
X;14;5 0.0
X;15;0 0.0
X;15;1 0.001079678464447762
X;15;2 2.173998663640582e-05
X;15;3 3.243274831264703e-05
X;15;4 0.0008495733208480746
X;15;5 0.0
X;16;0 0.0
X;16;1 0.00011426719997454312
X;16;2 0.00014130991313663784
X;16;3 4.864912246897054e-05
X;16;4 0.0003130917879771493
X;16;5 0.0
X;17;0 0.0
X;17;1 0.00014205212555194846
X;17;2 8.695994654562329e-05
X;17;3 8.108187078161757e-05
X;17;4 0.00012796668706860034
X;17;5 0.0
X;18;0 0.0
X;18;1 0.00015654589398857464
X;18;2 0.00018034402552645032
X;18;3 5.9460038573186213e-05
X;18;4 0.00015057285847937442
X;18;5 0.0
X;19;0 0.0020476928433652555
X;19;1 0.0011831125878932
X;19;2 5.405458052107838e-05
X;19;3 1.0810916104215677e-05
X;19;4 0.0
X;19;5 0.0
Y;0;0 0.0015731525660166827
Y;0;1 0.0007551762851982886
Y;0;2 0.0
Y;0;3 0.0
Y;0;4 0.00011426719997454312
Y;0;5 0.0
Y;1;0 0.0
Y;1;1 0.0002018661528669248
Y;1;2 6.486549662529405e-05
Y;1;3 0.0
Y;1;4 6.669137449867215e-05
Y;1;5 0.0
Y;2;0 0.0
Y;2;1 2.763133933752476e-05
Y;2;2 0.0
Y;2;3 6.486549662529405e-05
Y;2;4 0.00022853439994908624
Y;2;5 0.0
Y;3;0 0.0
Y;3;1 0.00013815033848081718
Y;3;2 0.0
Y;3;3 0.0
Y;3;4 0.000539839232223881
Y;3;5 0.002923161580719156
Y;4;0 0.0
Y;4;1 0.0006398334353430017
Y;4;2 0.0
Y;4;3 0.0
Y;4;4 0.0002638359996954963
Y;4;5 0.0
Y;5;0 0.0
Y;5;1 0.0002027325540540822
Y;5;2 0.0
Y;5;3 0.0
Y;5;4 0.0002151113796169455
Y;5;5 0.0
Y;6;0 0.0
Y;6;1 0.000376432146198436
Y;6;2 0.0
Y;6;3 6.594468513167431e-05
Y;6;4 0.0008474901820170268
Y;6;5 0.0090534127043428
Y;7;0 0.0
Y;7;1 0.0
Y;7;2 0.0
Y;7;3 8.108187078161757e-05
Y;7;4 0.0019026540630614358
Y;7;5 0.004532599493153256
Y;8;0 0.0
Y;8;1 0.0008957668094802025
Y;8;2 9.189278688583326e-05
Y;8;3 0.0
Y;8;4 0.0001210700260024324
Y;8;5 0.0
Y;9;0 0.0
Y;9;1 0.0
Y;9;2 4.864912246897054e-05
Y;9;3 0.0
Y;9;4 0.0007462324713899914
Y;9;5 0.0
Y;10;0 0.0
Y;10;1 0.0
Y;10;2 0.0
Y;10;3 0.00015267404146491358
Y;10;4 0.001227161463447219
Y;10;5 0.00122657897573671
Y;11;0 0.0
Y;11;1 0.0
Y;11;2 0.0
Y;11;3 0.0
Y;11;4 0.0002906778872859143
Y;11;5 0.0
Y;12;0 0.0
Y;12;1 0.0006613984822453651
Y;12;2 0.0
Y;12;3 4.864912246897054e-05
Y;12;4 0.0008434613694017012
Y;12;5 0.0
Y;13;0 0.0
Y;13;1 0.0003775881425991443
Y;13;2 4.864912246897054e-05
Y;13;3 0.0
Y;13;4 0.0006453341388508364
Y;13;5 0.0
Y;14;0 0.0
Y;14;1 0.0005144171266902456
Y;14;2 0.0
Y;14;3 0.0
Y;14;4 4.497411833146979e-05
Y;14;5 0.0
Y;15;0 0.0
Y;15;1 0.0008074646114676992
Y;15;2 2.173998663640582e-05
Y;15;3 5.405458052107838e-05
Y;15;4 0.0007462324713899914
Y;15;5 0.0
Y;16;0 0.0
Y;16;1 0.0
Y;16;2 0.0
Y;16;3 8.108187078161757e-05
Y;16;4 0.000310288243862555
Y;16;5 0.0
Y;17;0 0.0
Y;17;1 0.0005605746146903761
Y;17;2 5.405458052107838e-06
Y;17;3 0.0
Y;17;4 6.594468513167431e-05
Y;17;5 0.00122657897573671
Y;18;0 0.0
Y;18;1 0.00045171857543812325
Y;18;2 0.0001086999331820291
Y;18;3 2.702729026053919e-05
Y;18;4 0.0006261835759542986
Y;18;5 0.0
Y;19;0 0.0020476928433652555
Y;19;1 0.0012111969172015488
Y;19;2 0.0
Y;19;3 2.173998663640582e-05
Y;19;4 0.0
Y;19;5 0.0
Z;0;0 0.0
Z;0;1 0.0
Z;0;2 0.00013115929129196388
Z;0;3 8.108187078161757e-05
Z;0;4 0.00011375888535665796
Z;0;5 0.0
Z;1;0 0.0
Z;1;1 0.0008954789656679896
Z;1;2 7.027095467740189e-05
Z;1;3 0.0
Z;1;4 0.00014205212555194846
Z;1;5 0.0
Z;2;0 0.0013704200119626004
Z;2;1 0.000430222759233891
Z;2;2 0.0
Z;2;3 0.0
Z;2;4 0.0
Z;2;5 0.0
Z;3;0 0.0
Z;3;1 0.000376432146198436
Z;3;2 0.0
Z;3;3 0.0
Z;3;4 0.00022853439994908624
Z;3;5 0.0
Z;4;0 0.0
Z;4;1 0.00022585928771906162
Z;4;2 0.0
Z;4;3 0.0
Z;4;4 0.0006747990402798514
Z;4;5 0.0
Z;5;0 0.0
Z;5;1 0.0
Z;5;2 1.6216374156323513e-05
Z;5;3 0.0
Z;5;4 0.00013815033848081718
Z;5;5 0.0
Z;6;0 0.001716993602242573
Z;6;1 0.001314764792793466
Z;6;2 8.792624684223242e-05
Z;6;3 3.783820636475487e-05
Z;6;4 0.0005118667482744014
Z;6;5 0.002382240770980223
Z;7;0 0.0
Z;7;1 0.0
Z;7;2 6.594468513167431e-05
Z;7;3 0.00011892007714637243
Z;7;4 0.0
Z;7;5 0.0
Z;8;0 0.0
Z;8;1 0.0019887297577272783
Z;8;2 4.864912246897054e-05
Z;8;3 1.086999331820291e-05
Z;8;4 0.00012796668706860034
Z;8;5 0.0
Z;9;0 0.003880034016146914
Z;9;1 0.0002843972133916449
Z;9;2 6.486549662529405e-05
Z;9;3 0.0
Z;9;4 0.0001714723755634152
Z;9;5 0.0
Z;10;0 0.0
Z;10;1 0.0
Z;10;2 0.0002857603022372553
Z;10;3 0.00019673893693794583
Z;10;4 0.0
Z;10;5 0.0
Z;11;0 0.0
Z;11;1 0.0
Z;11;2 0.0005275574810533945
Z;11;3 1.086999331820291e-05
Z;11;4 0.0
Z;11;5 0.0
Z;12;0 0.0
Z;12;1 0.0
Z;12;2 0.0
Z;12;3 0.0
Z;12;4 0.0003203895975213147
Z;12;5 0.0
Z;13;0 0.0
Z;13;1 0.0005276719993909926
Z;13;2 0.0
Z;13;3 0.0001086999331820291
Z;13;4 0.0004397266661591605
Z;13;5 0.0
Z;14;0 0.0012933446720489715
Z;14;1 0.0003027992293003872
Z;14;2 0.0
Z;14;3 0.0
Z;14;4 0.00014205212555194846
Z;14;5 0.0
Z;15;0 0.0
Z;15;1 0.0005682085022077939
Z;15;2 0.0
Z;15;3 3.260997995460873e-05
Z;15;4 0.0015578590670468932
Z;15;5 0.001716993602242573
Z;16;0 0.0
Z;16;1 0.0
Z;16;2 0.0
Z;16;3 0.0
Z;16;4 0.0002718077232944908
Z;16;5 0.0
Z;17;0 0.0
Z;17;1 0.0005144171266902456
Z;17;2 5.405458052107838e-06
Z;17;3 0.0
Z;17;4 0.00015267404146491358
Z;17;5 0.0013704200119626004
Z;18;0 0.0
Z;18;1 0.000326303281372469
Z;18;2 0.0
Z;18;3 4.864912246897054e-05
Z;18;4 0.0002151113796169455
Z;18;5 0.0
Z;19;0 0.0
Z;19;1 0.0
Z;19;2 0.0
Z;19;3 8.108187078161757e-05
Z;19;4 0.0013717790045073217
Z;19;5 0.0
W;0;0 0.0
W;0;1 0.00011426719997454312
W;0;2 6.486549662529405e-05
W;0;3 0.0
W;0;4 0.0002843972133916449
W;0;5 0.0
W;1;0 0.002266299746576628
W;1;1 0.001044725459945988
W;1;2 0.0
W;1;3 0.0
W;1;4 0.00013495980805597026
W;1;5 0.0
W;2;0 0.0
W;2;1 0.0008955305581440472
W;2;2 0.0
W;2;3 0.0
W;2;4 0.00013495980805597026
W;2;5 0.0
W;3;0 0.0
W;3;1 0.0004842801040097296
W;3;2 0.0
W;3;3 0.0
W;3;4 0.000376432146198436
W;3;5 0.0
W;4;0 0.0
W;4;1 0.0003226670694254182
W;4;2 3.783820636475487e-05
W;4;3 4.864912246897054e-05
W;4;4 0.0007462324713899914
W;4;5 0.0012933446720489715
W;5;0 0.0
W;5;1 0.00025362390120905337
W;5;2 1.6216374156323513e-05
W;5;3 0.00010810916104215676
W;5;4 0.00010755568980847275
W;5;5 0.0
W;6;0 0.0021623355596924105
W;6;1 0.0005118667482744014
W;6;2 3.243274831264703e-05
W;6;3 2.702729026053919e-05
W;6;4 0.0010288342533804912
W;6;5 0.001716993602242573
W;7;0 0.0
W;7;1 0.0
W;7;2 0.0
W;7;3 1.6216374156323513e-05
W;7;4 0.00030038693021446506
W;7;5 0.0019197261562966552
W;8;0 0.0
W;8;1 0.00010755568980847275
W;8;2 0.0
W;8;3 7.528642923968721e-05
W;8;4 0.0005687944267832898
W;8;5 0.008038957076468024
W;9;0 0.0
W;9;1 0.0
W;9;2 0.0
W;9;3 0.0
W;9;4 0.00019473238338086165
W;9;5 0.0
W;10;0 0.0
W;10;1 0.0
W;10;2 0.00033157607205029714
W;10;3 0.0004695131813984888
W;10;4 0.00014924649427799826
W;10;5 0.0
W;11;0 0.0
W;11;1 0.0005436154465889816
W;11;2 0.0
W;11;3 1.086999331820291e-05
W;11;4 0.0
W;11;5 0.0
W;12;0 0.0
W;12;1 0.0010284047997708879
W;12;2 6.521995990921746e-05
W;12;3 4.864912246897054e-05
W;12;4 0.00014205212555194846
W;12;5 0.0
W;13;0 0.0
W;13;1 0.0003632100780072972
W;13;2 0.00020652987304585528
W;13;3 1.6216374156323513e-05
W;13;4 0.0
W;13;5 0.0
W;14;0 0.0
W;14;1 0.00020722550772122578
W;14;2 0.0
W;14;3 0.0
W;14;4 0.0009392753639314479
W;14;5 0.0
W;15;0 0.0015731525660166827
W;15;1 0.0015578590670468932
W;15;2 1.6216374156323513e-05
W;15;3 0.0
W;15;4 0.0005969859771119931
W;15;5 0.0
W;16;0 0.0
W;16;1 0.00013495980805597026
W;16;2 0.00014130991313663784
W;16;3 4.864912246897054e-05
W;16;4 0.0003130917879771493
W;16;5 0.0
W;17;0 0.0
W;17;1 0.00014924649427799826
W;17;2 9.782993986382619e-05
W;17;3 7.567641272950973e-05
W;17;4 0.0001210700260024324
W;17;5 0.0
W;18;0 0.0
W;18;1 0.0005663822138987165
W;18;2 0.0
W;18;3 0.0
W;18;4 0.0001758906664636642
W;18;5 0.0
W;19;0 0.0
W;19;1 0.0
W;19;2 2.173998663640582e-05
W;19;3 0.0
W;19;4 0.0009680012082762547
W;19;5 0.0011676874579085183
