X;0;0 0.0
X;0;1 0.0
X;0;2 0.0
X;0;3 0.0
X;0;4 0.0003496673496916743
X;0;5 0.0
X;1;0 0.0
X;1;1 0.0002622139879160724
X;1;2 6.038885176779394e-05
X;1;3 9.009096753513064e-05
X;1;4 0.0
X;1;5 0.0
X;2;0 0.0
X;2;1 0.00010868360680520575
X;2;2 3.0030322511710215e-05
X;2;3 4.504548376756532e-05
X;2;4 0.0007866419637482173
X;2;5 0.0
X;3;0 0.0
X;3;1 0.00033630562778453444
X;3;2 4.504548376756532e-05
X;3;3 7.507580627927553e-05
X;3;4 0.0
X;3;5 0.0
X;4;0 0.0
X;4;1 0.00045542621355873595
X;4;2 7.507580627927553e-05
X;4;3 4.504548376756532e-05
X;4;4 0.0
X;4;5 0.0
X;5;0 0.0
X;5;1 0.0006557728925094952
X;5;2 3.0030322511710215e-05
X;5;3 6.006064502342043e-05
X;5;4 0.0005607393135192356
X;5;5 0.0
X;6;0 0.0
X;6;1 0.0
X;6;2 0.0004605223222920793
X;6;3 3.0030322511710215e-05
X;6;4 0.00012492810647630497
X;6;5 0.0
X;7;0 0.0
X;7;1 0.0
X;7;2 0.0009593773505612303
X;7;3 0.00013662426176246238
X;7;4 0.00019187547011224608
X;7;5 0.0
X;8;0 0.0
X;8;1 0.0011512528206734764
X;8;2 0.00015799845188424716
X;8;3 0.0
X;8;4 0.0004885851846212894
X;8;5 0.0
X;9;0 0.0
X;9;1 0.0
X;9;2 7.507580627927553e-05
X;9;3 0.0
X;9;4 0.00045319900190620696
X;9;5 0.0
X;10;0 0.0
X;10;1 0.00033630562778453444
X;10;2 0.00027324852352492477
X;10;3 0.0
X;10;4 0.0
X;10;5 0.0
X;11;0 0.0
X;11;1 0.0
X;11;2 0.0002442925923106447
X;11;3 1.5015161255855107e-05
X;11;4 0.0005557614541556011
X;11;5 0.001618477309953864
X;12;0 0.0
X;12;1 0.0003945892376443013
X;12;2 6.006064502342043e-05
X;12;3 9.058327765169091e-05
X;12;4 0.00031740888881817534
X;12;5 0.0
X;13;0 0.0
X;13;1 0.0
X;13;2 3.0030322511710215e-05
X;13;3 0.00015097212941948484
X;13;4 0.0006348177776363507
X;13;5 0.0
X;14;0 0.0
X;14;1 0.0
X;14;2 6.006064502342043e-05
X;14;3 7.507580627927553e-05
X;14;4 0.0
X;14;5 0.0
X;15;0 0.0
X;15;1 0.00037488835571102854
X;15;2 0.00021136098118727881
X;15;3 1.5015161255855107e-05
X;15;4 0.0
X;15;5 0.0
X;16;0 0.0
X;16;1 0.00031740888881817534
X;16;2 9.058327765169091e-05
X;16;3 4.504548376756532e-05
X;16;4 0.0008696994110476368
X;16;5 0.0
X;17;0 0.0
X;17;1 0.0011837677129329038
X;17;2 0.00012077770353558789
X;17;3 3.0030322511710215e-05
X;17;4 0.0
X;17;5 0.0
X;18;0 0.0
X;18;1 0.0
X;18;2 4.554142058748746e-05
X;18;3 7.507580627927553e-05
X;18;4 0.0006273869103307267
X;18;5 0.0
X;19;0 0.0
X;19;1 0.0
X;19;2 9.009096753513064e-05
X;19;3 4.504548376756532e-05
X;19;4 0.0
X;19;5 0.0
Y;0;0 0.0
Y;0;1 0.0007866419637482173
Y;0;2 0.0
Y;0;3 0.0
Y;0;4 0.0
Y;0;5 0.0
Y;1;0 0.0
Y;1;1 0.0005607393135192356
Y;1;2 6.006064502342043e-05
Y;1;3 0.0
Y;1;4 9.262690902593354e-05
Y;1;5 0.0
Y;2;0 0.0
Y;2;1 7.675372038201323e-05
Y;2;2 0.0
Y;2;3 7.507580627927553e-05
Y;2;4 0.00031740888881817534
Y;2;5 0.0
Y;3;0 0.0
Y;3;1 0.00019187547011224608
Y;3;2 0.0
Y;3;3 0.0
Y;3;4 0.0
Y;3;5 0.0
Y;4;0 0.0
Y;4;1 0.0007109260392700019
Y;4;2 0.0
Y;4;3 0.0
Y;4;4 0.0
Y;4;5 0.0
Y;5;0 0.0
Y;5;1 0.0005631459834835617
Y;5;2 0.0
Y;5;3 0.0
Y;5;4 0.0002987658050235354
Y;5;5 0.0
Y;6;0 0.0
Y;6;1 0.0
Y;6;2 0.0
Y;6;3 6.105989364043918e-05
Y;6;4 0.00033630562778453444
Y;6;5 0.0
Y;7;0 0.0
Y;7;1 0.0
Y;7;2 0.0
Y;7;3 3.0030322511710215e-05
Y;7;4 0.0022650643607874236
Y;7;5 0.0
Y;8;0 0.0
Y;8;1 0.0
Y;8;2 0.00010510612879098575
Y;8;3 0.0
Y;8;4 0.0006726112555690689
Y;8;5 0.0
Y;9;0 0.0
Y;9;1 0.0002442925923106447
Y;9;2 9.009096753513064e-05
Y;9;3 0.0
Y;9;4 0.0
Y;9;5 0.0
Y;10;0 0.0
Y;10;1 0.0
Y;10;2 0.0
Y;10;3 0.0002827297064165066
Y;10;4 0.0
Y;10;5 0.0
Y;11;0 0.0
Y;11;1 0.0
Y;11;2 0.0
Y;11;3 0.0
Y;11;4 0.0
Y;11;5 0.0
Y;12;0 0.0
Y;12;1 0.0
Y;12;2 0.0
Y;12;3 4.504548376756532e-05
Y;12;4 0.0
Y;12;5 0.0
Y;13;0 0.0
Y;13;1 0.0
Y;13;2 4.504548376756532e-05
Y;13;3 0.0
Y;13;4 0.0
Y;13;5 0.0
Y;14;0 0.0
Y;14;1 0.0
Y;14;2 0.0
Y;14;3 0.0
Y;14;4 0.00024985621295260993
Y;14;5 0.0
Y;15;0 0.0
Y;15;1 0.0002803696567596178
Y;15;2 0.00021136098118727881
Y;15;3 1.5015161255855107e-05
Y;15;4 0.0
Y;15;5 0.0
Y;16;0 0.0
Y;16;1 0.0
Y;16;2 0.0
Y;16;3 0.0
Y;16;4 0.0
Y;16;5 0.0
Y;17;0 0.0
Y;17;1 0.0
Y;17;2 1.5015161255855107e-05
Y;17;3 0.0
Y;17;4 0.00012211978728087836
Y;17;5 0.0
Y;18;0 0.0
Y;18;1 0.000836515880440969
Y;18;2 9.058327765169091e-05
Y;18;3 3.0030322511710215e-05
Y;18;4 0.0
Y;18;5 0.0
Y;19;0 0.0
Y;19;1 0.0
Y;19;2 0.0
Y;19;3 9.058327765169091e-05
Y;19;4 0.0
Y;19;5 0.0
Z;0;0 0.0
Z;0;1 0.0
Z;0;2 4.554142058748746e-05
Z;0;3 6.006064502342043e-05
Z;0;4 0.0006319938075369886
Z;0;5 0.0
Z;1;0 0.0
Z;1;1 0.0
Z;1;2 0.00010510612879098575
Z;1;3 0.0
Z;1;4 0.0
Z;1;5 0.0
Z;2;0 0.0
Z;2;1 0.0005975316100470708
Z;2;2 0.0
Z;2;3 0.0
Z;2;4 0.0003945892376443013
Z;2;5 0.0
Z;3;0 0.0
Z;3;1 0.00020912897011024224
Z;3;2 0.0
Z;3;3 0.0
Z;3;4 0.00031740888881817534
Z;3;5 0.0
Z;4;0 0.0
Z;4;1 0.00020912897011024224
Z;4;2 0.0
Z;4;3 0.0
Z;4;4 0.0007497767114220571
Z;4;5 0.0
Z;5;0 0.0
Z;5;1 0.00045542621355873595
Z;5;2 3.0030322511710215e-05
Z;5;3 0.0
Z;5;4 0.00038375094022449215
Z;5;5 0.0
Z;6;0 0.0
Z;6;1 0.0012173748081420982
Z;6;2 0.00018317968092131752
Z;6;3 6.006064502342043e-05
Z;6;4 0.0
Z;6;5 0.0
Z;7;0 0.0
Z;7;1 0.0
Z;7;2 0.00030529946820219585
Z;7;3 6.006064502342043e-05
Z;7;4 0.0
Z;7;5 0.0
Z;8;0 0.0
Z;8;1 0.0
Z;8;2 0.00010510612879098575
Z;8;3 0.0
Z;8;4 0.0007109260392700019
Z;8;5 0.0
Z;9;0 0.0
Z;9;1 0.00015799845188424716
Z;9;2 6.006064502342043e-05
Z;9;3 0.0
Z;9;4 0.00047631215434282005
Z;9;5 0.0
Z;10;0 0.0
Z;10;1 0.0
Z;10;2 0.00018317968092131752
Z;10;3 0.00027324852352492477
Z;10;4 0.0
Z;10;5 0.0
Z;11;0 0.0
Z;11;1 0.0
Z;11;2 0.00036635936184263503
Z;11;3 9.058327765169091e-05
Z;11;4 0.0
Z;11;5 0.0
Z;12;0 0.0
Z;12;1 0.0
Z;12;2 0.0
Z;12;3 0.0
Z;12;4 0.0008899711042258742
Z;12;5 0.0
Z;13;0 0.0
Z;13;1 0.0002442925923106447
Z;13;2 0.0
Z;13;3 0.0
Z;13;4 0.0
Z;13;5 0.0
Z;14;0 0.0
Z;14;1 0.0
Z;14;2 0.0
Z;14;3 0.0
Z;14;4 0.0011837677129329038
Z;14;5 0.0
Z;15;0 0.0
Z;15;1 0.0
Z;15;2 0.0
Z;15;3 3.019442588389697e-05
Z;15;4 0.0
Z;15;5 0.0
Z;16;0 0.0
Z;16;1 0.0
Z;16;2 0.0
Z;16;3 0.0
Z;16;4 0.0015100429071916157
Z;16;5 0.0
Z;17;0 0.0
Z;17;1 0.0
Z;17;2 1.5015161255855107e-05
Z;17;3 0.0
Z;17;4 0.0001413648532082533
Z;17;5 0.0
Z;18;0 0.0
Z;18;1 0.0
Z;18;2 0.0
Z;18;3 0.0
Z;18;4 0.0
Z;18;5 0.0
Z;19;0 0.0
Z;19;1 0.0
Z;19;2 0.0
Z;19;3 3.0030322511710215e-05
Z;19;4 0.0
Z;19;5 0.0
W;0;0 0.0
W;0;1 0.0
W;0;2 0.0
W;0;3 0.0
W;0;4 0.00015799845188424716
W;0;5 0.0
W;1;0 0.0
W;1;1 0.0008291471904333238
W;1;2 0.0
W;1;3 0.0
W;1;4 0.0
W;1;5 0.0
W;2;0 0.0
W;2;1 0.0009950339534933858
W;2;2 0.0
W;2;3 0.0
W;2;4 0.00037488835571102854
W;2;5 0.0
W;3;0 0.0
W;3;1 0.00033630562778453444
W;3;2 0.0
W;3;3 0.0
W;3;4 0.00020912897011024224
W;3;5 0.0
W;4;0 0.0
W;4;1 0.0
W;4;2 4.504548376756532e-05
W;4;3 6.006064502342043e-05
W;4;4 0.0008291471904333238
W;4;5 0.0
W;5;0 0.0
W;5;1 0.000704510836691815
W;5;2 9.009096753513064e-05
W;5;3 3.0030322511710215e-05
W;5;4 0.0
W;5;5 0.0
W;6;0 0.0
W;6;1 0.0
W;6;2 6.006064502342043e-05
W;6;3 4.504548376756532e-05
W;6;4 0.0009526243086856401
W;6;5 0.0
W;7;0 0.0
W;7;1 0.0008291471904333238
W;7;2 0.0
W;7;3 6.006064502342043e-05
W;7;4 0.0
W;7;5 0.0
W;8;0 0.0
W;8;1 0.0005975316100470708
W;8;2 0.0
W;8;3 0.00020912897011024224
W;8;4 0.0006319938075369886
W;8;5 0.003435451742080353
W;9;0 0.0
W;9;1 0.0003945892376443013
W;9;2 0.0
W;9;3 0.0
W;9;4 0.0
W;9;5 0.0
W;10;0 0.0
W;10;1 0.0
W;10;2 0.00015350744076402645
W;10;3 0.0007607852476364402
W;10;4 0.0
W;10;5 0.0
W;11;0 0.0
W;11;1 0.0
W;11;2 0.0
W;11;3 6.038885176779394e-05
W;11;4 0.0
W;11;5 0.0
W;12;0 0.0
W;12;1 0.00031740888881817534
W;12;2 9.058327765169091e-05
W;12;3 6.006064502342043e-05
W;12;4 0.0003945892376443013
W;12;5 0.0
W;13;0 0.0
W;13;1 0.0010089168833536033
W;13;2 0.00012077770353558789
W;13;3 3.0030322511710215e-05
W;13;4 0.0
W;13;5 0.0
W;14;0 0.0
W;14;1 0.0
W;14;2 0.0
W;14;3 0.0
W;14;4 0.0
W;14;5 0.0
W;15;0 0.0
W;15;1 0.0
W;15;2 1.5015161255855107e-05
W;15;3 0.0
W;15;4 0.0
W;15;5 0.0
W;16;0 0.0
W;16;1 0.00037488835571102854
W;16;2 9.058327765169091e-05
W;16;3 4.504548376756532e-05
W;16;4 0.0008696994110476368
W;16;5 0.0
W;17;0 0.0
W;17;1 0.0008291471904333238
W;17;2 0.00018116655530338183
W;17;3 1.5015161255855107e-05
W;17;4 0.0
W;17;5 0.0
W;18;0 0.0
W;18;1 0.0
W;18;2 0.0
W;18;3 0.0
W;18;4 0.0004885851846212894
W;18;5 0.0
W;19;0 0.0
W;19;1 0.0
W;19;2 6.038885176779394e-05
W;19;3 0.0
W;19;4 0.0
W;19;5 0.0
