X;0;0 0.0
X;0;1 0.001071702347271345
X;0;2 0.0
X;0;3 0.0
X;0;4 0.0002360254610418801
X;0;5 0.0
X;1;0 0.0018269759879494724
X;1;1 0.0010619666510600933
X;1;2 8.152494988652182e-05
X;1;3 2.0270467695404392e-05
X;1;4 0.00010196977542889656
X;1;5 0.0
X;2;0 0.0
X;2;1 0.00039126098449874066
X;2;2 4.7297757955943585e-05
X;2;3 3.378411282567399e-05
X;2;4 0.0
X;2;5 0.0
X;3;0 0.0
X;3;1 0.000302675065006081
X;3;2 7.432504821648277e-05
X;3;3 1.3513645130269595e-05
X;3;4 0.0004397266661591605
X;3;5 0.001459609322385648
X;4;0 0.001459609322385648
X;4;1 0.0008197671844057247
X;4;2 2.702729026053919e-05
X;4;3 4.0540935390808783e-05
X;4;4 0.0005098488771444828
X;4;5 0.0
X;5;0 0.0
X;5;1 0.0
X;5;2 4.0540935390808783e-05
X;5;3 8.108187078161757e-05
X;5;4 0.000252332691083656
X;5;5 0.0
X;6;0 0.0
X;6;1 0.0
X;6;2 0.0001381566966876238
X;6;3 5.405458052107838e-05
X;6;4 0.0001686529437430117
X;6;5 0.003982821734786794
X;7;0 0.0
X;7;1 0.0
X;7;2 8.634396155051073e-05
X;7;3 0.0001844427533793242
X;7;4 0.0008634396155051074
X;7;5 0.0
X;8;0 0.0019664407075208534
X;8;1 0.00034537584620204293
X;8;2 7.109930334791122e-05
X;8;3 0.0010196977542889657
X;8;4 0.0004397266661591605
X;8;5 0.0
X;9;0 0.0
X;9;1 0.0
X;9;2 6.756822565134798e-05
X;9;3 0.0
X;9;4 0.00020393955085779312
X;9;5 0.0
X;10;0 0.0
X;10;1 0.0001513375325030405
X;10;2 6.148091779310806e-05
X;10;3 0.0
X;10;4 0.00017269587085952975
X;10;5 0.001728152963454434
X;11;0 0.0
X;11;1 0.0
X;11;2 0.00010993166653979012
X;11;3 3.378411282567399e-05
X;11;4 0.0003334568724933607
X;11;5 0.004369888736875432
X;12;0 0.0
X;12;1 0.00035513031387987115
X;12;2 6.756822565134798e-05
X;12;3 6.793745823876819e-05
X;12;4 0.00042850199990453663
X;12;5 0.0
X;13;0 0.0
X;13;1 0.0004719851782489304
X;13;2 8.108187078161757e-05
X;13;3 1.3587491647753637e-05
X;13;4 0.00042850199990453663
X;13;5 0.0
X;14;0 0.0
X;14;1 0.000252332691083656
X;14;2 1.3513645130269595e-05
X;14;3 9.459551591188717e-05
X;14;4 0.0001956823674857183
X;14;5 0.0015332237196708876
X;15;0 0.0
X;15;1 0.0005060992802098885
X;15;2 5.434996659101455e-05
X;15;3 8.783869334675238e-05
X;15;4 0.0
X;15;5 0.0
X;16;0 0.0
X;16;1 0.0
X;16;2 0.0001086999331820291
X;16;3 7.432504821648277e-05
X;16;4 0.0001956823674857183
X;16;5 0.0
X;17;0 0.0
X;17;1 0.00017756515693993557
X;17;2 0.0001766373914207973
X;17;3 3.378411282567399e-05
X;17;4 0.00015995835883575042
X;17;5 0.0
X;18;0 0.0
X;18;1 0.0009784118374285915
X;18;2 0.00028691094970117103
X;18;3 6.7568225651347975e-06
X;18;4 0.0
X;18;5 0.0
X;19;0 0.0
X;19;1 0.00013444461226059094
X;19;2 3.378411282567399e-05
X;19;3 8.108187078161757e-05
X;19;4 0.0002856679999363578
X;19;5 0.0
Y;0;0 0.0
Y;0;1 0.0004719851782489304
Y;0;2 0.0
Y;0;3 0.0
Y;0;4 0.00042850199990453663
Y;0;5 0.0
Y;1;0 0.0
Y;1;1 0.000126166345541828
Y;1;2 2.0270467695404392e-05
Y;1;3 0.0
Y;1;4 0.0003751389815550308
Y;1;5 0.0015332237196708876
Y;2;0 0.0
Y;2;1 0.00031085256754715356
Y;2;2 0.0
Y;2;3 3.378411282567399e-05
Y;2;4 0.0
Y;2;5 0.0
Y;3;0 0.0
Y;3;1 0.00017268792310102147
Y;3;2 0.0
Y;3;3 0.0
Y;3;4 0.0006747990402798514
Y;3;5 0.0
Y;4;0 0.0
Y;4;1 0.0007997917941787522
Y;4;2 0.0
Y;4;3 0.0
Y;4;4 0.00021986333307958024
Y;4;5 0.0
Y;5;0 0.0
Y;5;1 0.0007602470777028082
Y;5;2 0.0
Y;5;3 0.0
Y;5;4 0.00013444461226059094
Y;5;5 0.0016166808400612143
Y;6;0 0.0
Y;6;1 0.0006587562558472631
Y;6;2 0.0
Y;6;3 8.243085641459288e-05
Y;6;4 0.0001513375325030405
Y;6;5 0.0
Y;7;0 0.0
Y;7;1 0.0
Y;7;2 0.0
Y;7;3 8.783869334675238e-05
Y;7;4 0.0
Y;7;5 0.0
Y;8;0 0.0
Y;8;1 0.0009597501530145025
Y;8;2 4.0540935390808783e-05
Y;8;3 9.511244153427547e-05
Y;8;4 0.0001513375325030405
Y;8;5 0.0
Y;9;0 0.0
Y;9;1 0.00010993166653979012
Y;9;2 8.783869334675238e-05
Y;9;3 0.0
Y;9;4 0.0003731162356949957
Y;9;5 0.0
Y;10;0 0.0
Y;10;1 0.0
Y;10;2 0.0
Y;10;3 6.3614183943714e-05
Y;10;4 0.0001179962945622326
Y;10;5 0.0
Y;11;0 0.0
Y;11;1 0.0
Y;11;2 0.0
Y;11;3 0.0
Y;11;4 0.0
Y;11;5 0.0
Y;12;0 0.0
Y;12;1 0.0
Y;12;2 0.0
Y;12;3 0.00011486598360729157
Y;12;4 0.0
Y;12;5 0.0
Y;13;0 0.0
Y;13;1 0.0003539888836866978
Y;13;2 4.7297757955943585e-05
Y;13;3 0.0
Y;13;4 0.0
Y;13;5 0.0
Y;14;0 0.0
Y;14;1 0.000214340469454269
Y;14;2 0.0
Y;14;3 0.0
Y;14;4 0.0003935235354003607
Y;14;5 0.0
Y;15;0 0.0
Y;15;1 0.00037849903662548397
Y;15;2 5.434996659101455e-05
Y;15;3 8.783869334675238e-05
Y;15;4 0.0
Y;15;5 0.0
Y;16;0 0.0
Y;16;1 0.0022685531355716763
Y;16;2 0.0
Y;16;3 2.0270467695404392e-05
Y;16;4 0.0
Y;16;5 0.0
Y;17;0 0.0
Y;17;1 0.00023357275612099004
Y;17;2 3.378411282567399e-05
Y;17;3 0.0
Y;17;4 0.0001099078085527905
Y;17;5 0.0
Y;18;0 0.0
Y;18;1 0.0
Y;18;2 5.434996659101455e-05
Y;18;3 8.108187078161757e-05
Y;18;4 0.0007827294699428732
Y;18;5 0.0
Y;19;0 0.0
Y;19;1 0.000126166345541828
Y;19;2 0.0
Y;19;3 0.00016304989977304363
Y;19;4 0.0003731162356949957
Y;19;5 0.0
Z;0;0 0.0
Z;0;1 0.0002434154792260771
Z;0;2 0.00020493639264369356
Z;0;3 4.0540935390808783e-05
Z;0;4 0.00021329791004373366
Z;0;5 0.0
Z;1;0 0.0
Z;1;1 0.00018655811784749784
Z;1;2 5.405458052107838e-05
Z;1;3 0.0
Z;1;4 0.00017756515693993557
Z;1;5 0.0
Z;2;0 0.0
Z;2;1 0.0008066676735635455
Z;2;2 0.0
Z;2;3 0.0
Z;2;4 0.0007102606277597423
Z;2;5 0.0
Z;3;0 0.0
Z;3;1 9.4108036549609e-05
Z;3;2 0.0
Z;3;3 0.0
Z;3;4 0.00042850199990453663
Z;3;5 0.0
Z;4;0 0.0
Z;4;1 0.000188216073099218
Z;4;2 0.0
Z;4;3 0.0
Z;4;4 0.0008434988003498142
Z;4;5 0.0
Z;5;0 0.0
Z;5;1 0.00040988359220286237
Z;5;2 7.432504821648277e-05
Z;5;3 0.0
Z;5;4 0.00034537584620204293
Z;5;5 0.0
Z;6;0 0.0
Z;6;1 0.0002739093318319721
Z;6;2 5.495390427639525e-05
Z;6;3 0.00010810916104215676
Z;6;4 0.00015995835883575042
Z;6;5 0.0
Z;7;0 0.0
Z;7;1 0.0
Z;7;2 0.00016486171282918577
Z;7;3 9.459551591188717e-05
Z;7;4 0.0
Z;7;5 0.0
Z;8;0 0.0
Z;8;1 0.0010653909416396133
Z;8;2 4.0540935390808783e-05
Z;8;3 9.511244153427547e-05
Z;8;4 0.00015995835883575042
Z;8;5 0.0
Z;9;0 0.0
Z;9;1 0.00014219860669582244
Z;9;2 2.0270467695404392e-05
Z;9;3 0.0
Z;9;4 0.000214340469454269
Z;9;5 0.0
Z;10;0 0.009009731498718377
Z;10;1 0.0007907355543373962
Z;10;2 0.0001099078085527905
Z;10;3 2.0493639264369357e-05
Z;10;4 0.0006340597530226335
Z;10;5 0.0
Z;11;0 0.0
Z;11;1 0.0
Z;11;2 5.495390427639525e-05
Z;11;3 0.0001086999331820291
Z;11;4 0.0036334735910739293
Z;11;5 0.0
Z;12;0 0.0
Z;12;1 0.0010543267117521264
Z;12;2 0.0
Z;12;3 0.0
Z;12;4 0.0
Z;12;5 0.0
Z;13;0 0.0
Z;13;1 0.00021986333307958024
Z;13;2 0.0
Z;13;3 0.0001086999331820291
Z;13;4 0.00032979499961937036
Z;13;5 0.0
Z;14;0 0.0
Z;14;1 0.0008831644187927961
Z;14;2 0.0
Z;14;3 0.0
Z;14;4 0.00035513031387987115
Z;14;5 0.002399657695370819
Z;15;0 0.0
Z;15;1 0.0008878257846996779
Z;15;2 0.0
Z;15;3 4.076247494326091e-05
Z;15;4 0.0014604928753564623
Z;15;5 0.0
Z;16;0 0.0
Z;16;1 0.00041337405140335313
Z;16;2 0.0
Z;16;3 0.0
Z;16;4 0.0
Z;16;5 0.0
Z;17;0 0.0
Z;17;1 0.000214340469454269
Z;17;2 3.378411282567399e-05
Z;17;3 0.0
Z;17;4 0.000254456735774856
Z;17;5 0.0
Z;18;0 0.0
Z;18;1 0.00040787910171558625
Z;18;2 0.0
Z;18;3 2.702729026053919e-05
Z;18;4 0.0010755568980847275
Z;18;5 0.0
Z;19;0 0.0
Z;19;1 0.0005713359998727156
Z;19;2 0.0
Z;19;3 4.7297757955943585e-05
Z;19;4 0.000214340469454269
Z;19;5 0.0
W;0;0 0.0
W;0;1 0.0001428339999681789
W;0;2 3.378411282567399e-05
W;0;3 0.0
W;0;4 0.00021329791004373366
W;0;5 0.0
W;1;0 0.0
W;1;1 0.0009327905892374893
W;1;2 0.0
W;1;3 0.0
W;1;4 0.00016869976006996285
W;1;5 0.0
W;2;0 0.0
W;2;1 0.0002238826395360118
W;2;2 0.0
W;2;3 0.0
W;2;4 0.0006747990402798514
W;2;5 0.0
W;3;0 0.0
W;3;1 0.0004540125975091215
W;3;2 0.0
W;3;3 0.0
W;3;4 9.4108036549609e-05
W;3;5 0.0
W;4;0 0.0
W;4;1 0.0006722230613029547
W;4;2 4.0540935390808783e-05
W;4;3 2.702729026053919e-05
W;4;4 0.0007462324713899914
W;4;5 0.0016166808400612143
W;5;0 0.0
W;5;1 0.0
W;5;2 2.0270467695404392e-05
W;5;3 0.00010135233847702197
W;5;4 0.0002688892245211819
W;5;5 0.0
W;6;0 0.0
W;6;1 0.0015995835883575043
W;6;2 2.702729026053919e-05
W;6;3 2.702729026053919e-05
W;6;4 0.000428680938908538
W;6;5 0.0
W;7;0 0.0
W;7;1 0.00018655811784749784
W;7;2 0.0
W;7;3 1.3513645130269595e-05
W;7;4 0.0
W;7;5 0.0
W;8;0 0.0013937590000995066
W;8;1 0.0005377784490423638
W;8;2 0.00010993166653979012
W;8;3 0.00094108036549609
W;8;4 0.0002843972133916449
W;8;5 0.0
W;9;0 0.0
W;9;1 0.0007102606277597423
W;9;2 0.0
W;9;3 0.0
W;9;4 0.0
W;9;5 0.0
W;10;0 0.0
W;10;1 0.00025341569256760277
W;10;2 0.00010361752251571785
W;10;3 0.00014672286918702775
W;10;4 0.0007462324713899914
W;10;5 0.006956789777712713
W;11;0 0.0
W;11;1 0.0
W;11;2 0.0
W;11;3 4.076247494326091e-05
W;11;4 0.0
W;11;5 0.0
W;12;0 0.0
W;12;1 0.00042850199990453663
W;12;2 6.793745823876819e-05
W;12;3 6.756822565134798e-05
W;12;4 0.00035513031387987115
W;12;5 0.0
W;13;0 0.0
W;13;1 0.0004540125975091215
W;13;2 1.3587491647753637e-05
W;13;3 8.783869334675238e-05
W;13;4 0.0003539888836866978
W;13;5 0.0
W;14;0 0.0017130250149532506
W;14;1 0.0005180637693030644
W;14;2 0.0
W;14;3 0.0
W;14;4 0.0003913647349714366
W;14;5 0.002832874683220785
W;15;0 0.0
W;15;1 0.0014604928753564623
W;15;2 2.0270467695404392e-05
W;15;3 0.0
W;15;4 0.0009327905892374893
W;15;5 0.0
W;16;0 0.0
W;16;1 0.0
W;16;2 0.0001086999331820291
W;16;3 7.432504821648277e-05
W;16;4 0.0001956823674857183
W;16;5 0.0
W;17;0 0.0
W;17;1 0.0
W;17;2 0.00012228742482978274
W;17;3 7.432504821648277e-05
W;17;4 0.0
W;17;5 0.0
W;18;0 0.0
W;18;1 0.0004719851782489304
W;18;2 0.0
W;18;3 0.0
W;18;4 0.0006595899992387407
W;18;5 0.0
W;19;0 0.0
W;19;1 0.0002844137807797103
W;19;2 9.511244153427547e-05
W;19;3 0.0
W;19;4 0.0005377784490423638
W;19;5 0.0
