X;0;0 0.0
X;0;1 0.0006595091367823662
X;0;2 0.0
X;0;3 0.0
X;0;4 0.00012103869797019495
X;0;5 0.0
X;1;0 0.0
X;1;1 9.076638043248661e-05
X;1;2 0.00014632683312965457
X;1;3 5.1975558193344604e-05
X;1;4 7.84382887914589e-05
X;1;5 0.0
X;2;0 0.0
X;2;1 0.0001128637455284829
X;2;2 7.276578147068243e-05
X;2;3 3.638289073534122e-05
X;2;4 0.00018153276086497322
X;2;5 0.0
X;3;0 0.0
X;3;1 0.0
X;3;2 8.316089310935136e-05
X;3;3 4.158044655467568e-05
X;3;4 0.00016912564083044636
X;3;5 0.0
X;4;0 0.0011227764018351138
X;4;1 0.0003152950709252788
X;4;2 3.118533491600676e-05
X;4;3 5.1975558193344604e-05
X;4;4 0.0005490680215402123
X;4;5 0.0
X;5;0 0.0
X;5;1 0.0
X;5;2 5.19755581933446e-06
X;5;3 9.875356056735474e-05
X;5;4 0.0005823062101930523
X;5;5 0.0
X;6;0 0.0
X;6;1 0.0
X;6;2 2.656859551685073e-05
X;6;3 9.355600474802028e-05
X;6;4 0.0002594660672969411
X;6;5 0.0006127418053518144
X;7;0 0.0
X;7;1 0.0
X;7;2 0.00026567372784772536
X;7;3 0.0003468154337047122
X;7;4 0.0
X;7;5 0.0
X;8;0 0.0
X;8;1 0.0015940423670863521
X;8;2 0.0
X;8;3 7.84382887914589e-05
X;8;4 8.456282041522318e-05
X;8;5 0.0
X;9;0 0.0
X;9;1 0.0
X;9;2 3.638289073534122e-05
X;9;3 0.0
X;9;4 7.84382887914589e-05
X;9;5 0.0
X;10;0 0.0
X;10;1 0.00011641348654080039
X;10;2 1.5764337895668738e-05
X;10;3 0.0
X;10;4 5.313719103370146e-05
X;10;5 0.005760509878181447
X;11;0 0.0
X;11;1 0.0
X;11;2 0.00016912564083044636
X;11;3 2.079022327733784e-05
X;11;4 0.000320631608166693
X;11;5 0.005602421457532605
X;12;0 0.0
X;12;1 0.0001365885822614889
X;12;2 7.276578147068243e-05
X;12;3 9.406724986906365e-05
X;12;4 0.00021974461533565986
X;12;5 0.0
X;13;0 0.0
X;13;1 0.0006353646630274063
X;13;2 2.079022327733784e-05
X;13;3 0.00014632683312965457
X;13;4 0.00010987230766782993
X;13;5 0.0
X;14;0 0.0
X;14;1 9.705103503217539e-05
X;14;2 1.559266745800338e-05
X;14;3 9.875356056735474e-05
X;14;4 0.0003010497961318743
X;14;5 0.0011794028612852983
X;15;0 0.0012436006462009342
X;15;1 0.000908383323453646
X;15;2 6.27114999127091e-05
X;15;3 2.5987779096672302e-05
X;15;4 0.0006353646630274063
X;15;5 0.0
X;16;0 0.0
X;16;1 0.00032961692300348974
X;16;2 9.406724986906365e-05
X;16;3 6.756822565134798e-05
X;16;4 0.00015052489806593715
X;16;5 0.0
X;17;0 0.0
X;17;1 0.0
X;17;2 4.1807666608472735e-05
X;17;3 9.355600474802028e-05
X;17;4 0.0004921795656484629
X;17;5 0.0
X;18;0 0.0
X;18;1 0.00015052489806593715
X;18;2 0.00014187904106101863
X;18;3 7.276578147068243e-05
X;18;4 7.239079734585308e-05
X;18;5 0.0012436006462009342
X;19;0 0.0019689354263127457
X;19;1 0.0009307703925733219
X;19;2 1.039511163866892e-05
X;19;3 4.677800237401014e-05
X;19;4 0.0004394892306713197
X;19;5 0.0
Y;0;0 0.0
Y;0;1 0.0
Y;0;2 0.0
Y;0;3 0.0
Y;0;4 0.00021974461533565986
Y;0;5 0.0
Y;1;0 0.0
Y;1;1 9.705103503217539e-05
Y;1;2 5.1975558193344604e-05
Y;1;3 0.0
Y;1;4 3.20631608166693e-05
Y;1;5 0.0
Y;2;0 0.0
Y;2;1 7.97057865505522e-05
Y;2;2 0.0
Y;2;3 3.118533491600676e-05
Y;2;4 0.00021974461533565986
Y;2;5 0.0
Y;3;0 0.0
Y;3;1 0.0
Y;3;2 0.0
Y;3;3 0.0
Y;3;4 0.0002595380924153275
Y;3;5 0.0
Y;4;0 0.0
Y;4;1 0.00024608978282423144
Y;4;2 0.0
Y;4;3 0.0
Y;4;4 0.0004228141020761159
Y;4;5 0.0
Y;5;0 0.0
Y;5;1 0.0
Y;5;2 0.0
Y;5;3 0.0
Y;5;4 0.0004136757300325875
Y;5;5 0.0
Y;6;0 0.0
Y;6;1 0.0
Y;6;2 0.0
Y;6;3 0.000401586223558273
Y;6;4 0.00046565394616320156
Y;6;5 0.0
Y;7;0 0.0
Y;7;1 0.0006562037417723052
Y;7;2 0.0
Y;7;3 3.118533491600676e-05
Y;7;4 0.0013067679004542829
Y;7;5 0.0
Y;8;0 0.0
Y;8;1 0.0004921795656484629
Y;8;2 7.79633372900169e-05
Y;8;3 5.2259583260590916e-05
Y;8;4 0.00023282697308160078
Y;8;5 0.0
Y;9;0 0.0
Y;9;1 8.456282041522318e-05
Y;9;2 3.118533491600676e-05
Y;9;3 0.0
Y;9;4 0.0004305187334942258
Y;9;5 0.0
Y;10;0 0.0
Y;10;1 0.0
Y;10;2 0.0
Y;10;3 0.0
Y;10;4 9.076638043248661e-05
Y;10;5 0.0
Y;11;0 0.0
Y;11;1 0.0
Y;11;2 0.0
Y;11;3 0.0
Y;11;4 0.0002794979685441484
Y;11;5 0.0
Y;12;0 0.0
Y;12;1 0.0003179800395410409
Y;12;2 0.0
Y;12;3 5.717311401267906e-05
Y;12;4 0.0
Y;12;5 0.0
Y;13;0 0.0
Y;13;1 9.076638043248661e-05
Y;13;2 6.237066983201352e-05
Y;13;3 0.0
Y;13;4 0.00010341893250814688
Y;13;5 0.0
Y;14;0 0.0015126466980929642
Y;14;1 0.0013190182735647324
Y;14;2 0.0
Y;14;3 0.0
Y;14;4 8.648868909898037e-05
Y;14;5 0.0
Y;15;0 0.0011794028612852983
Y;15;1 0.0006793572452252277
Y;15;2 6.27114999127091e-05
Y;15;3 3.118533491600676e-05
Y;15;4 0.0008610374669884516
Y;15;5 0.0
Y;16;0 0.0
Y;16;1 0.0
Y;16;2 0.0
Y;16;3 8.835844892868582e-05
Y;16;4 0.0011934163225482885
Y;16;5 0.0
Y;17;0 0.00184589053490063
Y;17;1 0.0007186854034492002
Y;17;2 6.237066983201352e-05
Y;17;3 0.0
Y;17;4 4.2272234058765585e-05
Y;17;5 0.0
Y;18;0 0.0
Y;18;1 7.239079734585308e-05
Y;18;2 0.00016723066643389094
Y;18;3 3.638289073534122e-05
Y;18;4 0.0003010497961318743
Y;18;5 0.0
Y;19;0 0.0019689354263127457
Y;19;1 0.0008734593152895786
Y;19;2 0.0
Y;19;3 0.00010451916652118183
Y;19;4 0.0004305187334942258
Y;19;5 0.0
Z;0;0 0.0
Z;0;1 0.0001872426763277516
Z;0;2 0.0001261147031653499
Z;0;3 8.316089310935136e-05
Z;0;4 5.4691771806085556e-05
Z;0;5 0.0
Z;1;0 0.0
Z;1;1 0.0
Z;1;2 8.316089310935136e-05
Z;1;3 0.0
Z;1;4 0.0002731771645229778
Z;1;5 0.0
Z;2;0 0.0
Z;2;1 0.0009307703925733219
Z;2;2 0.0
Z;2;3 0.0
Z;2;4 0.0
Z;2;5 0.0
Z;3;0 0.0
Z;3;1 0.0
Z;3;2 0.0
Z;3;3 0.0
Z;3;4 0.00032961692300348974
Z;3;5 0.0
Z;4;0 0.0
Z;4;1 0.00036195398672926544
Z;4;2 0.0
Z;4;3 0.0
Z;4;4 0.0002595380924153275
Z;4;5 0.0
Z;5;0 0.0
Z;5;1 0.0
Z;5;2 1.559266745800338e-05
Z;5;3 0.0
Z;5;4 0.0010626949113909014
Z;5;5 0.0
Z;6;0 0.0
Z;6;1 0.0006320984580737817
Z;6;2 0.0002959056384113591
Z;6;3 4.158044655467568e-05
Z;6;4 0.00012304489141211572
Z;6;5 0.0
Z;7;0 0.0
Z;7;1 0.0
Z;7;2 0.00031704175544074187
Z;7;3 5.717311401267906e-05
Z;7;4 0.0
Z;7;5 0.0
Z;8;0 0.0
Z;8;1 0.0005463543290459556
Z;8;2 7.79633372900169e-05
Z;8;3 4.1807666608472735e-05
Z;8;4 0.00036913467423634717
Z;8;5 0.0
Z;9;0 0.0
Z;9;1 5.4691771806085556e-05
Z;9;2 2.079022327733784e-05
Z;9;3 0.0
Z;9;4 0.0013190182735647324
Z;9;5 0.0
Z;10;0 0.007623618960454011
Z;10;1 0.0006082581187210741
Z;10;2 0.00014795281920567955
Z;10;3 7.882168947834368e-05
Z;10;4 0.0
Z;10;5 0.0
Z;11;0 0.0
Z;11;1 0.0
Z;11;2 0.0004649945746464214
Z;11;3 2.0903833304236367e-05
Z;11;4 0.0005589959370882968
Z;11;5 0.0
Z;12;0 0.0
Z;12;1 0.0
Z;12;2 0.0
Z;12;3 0.0
Z;12;4 0.00030806692069357185
Z;12;5 0.0
Z;13;0 0.0
Z;13;1 0.0
Z;13;2 0.0
Z;13;3 0.0001881344997381273
Z;13;4 0.00016912564083044636
Z;13;5 0.0
Z;14;0 0.0
Z;14;1 0.00048525517516087693
Z;14;2 0.0
Z;14;3 0.0
Z;14;4 0.00040976574678446676
Z;14;5 0.0
Z;15;0 0.0
Z;15;1 0.0002731771645229778
Z;15;2 0.0
Z;15;3 0.00015677874978177274
Z;15;4 0.0
Z;15;5 0.0
Z;16;0 0.0
Z;16;1 0.0
Z;16;2 0.0
Z;16;3 0.0
Z;16;4 0.00026135358009085657
Z;16;5 0.0
Z;17;0 0.0015126466980929642
Z;17;1 0.0006595091367823662
Z;17;2 6.237066983201352e-05
Z;17;3 0.0
Z;17;4 0.00014680196294703229
Z;17;5 0.0
Z;18;0 0.0
Z;18;1 0.0005490680215402123
Z;18;2 0.0
Z;18;3 4.158044655467568e-05
Z;18;4 0.00010341893250814688
Z;18;5 0.0
Z;19;0 0.0
Z;19;1 0.00010987230766782993
Z;19;2 0.0
Z;19;3 7.276578147068243e-05
Z;19;4 0.00016487728419559155
Z;19;5 0.0
W;0;0 0.0
W;0;1 0.0004394892306713197
W;0;2 7.276578147068243e-05
W;0;3 0.0
W;0;4 0.00021876708722434222
W;0;5 0.0
W;1;0 0.0
W;1;1 0.0
W;1;2 0.0
W;1;3 0.0
W;1;4 0.00012976904620766374
W;1;5 0.0
W;2;0 0.0
W;2;1 0.0006888696601108056
W;2;2 0.0
W;2;3 0.0
W;2;4 0.0
W;2;5 0.0
W;3;0 0.0
W;3;1 0.00023282697308160078
W;3;2 0.0
W;3;3 0.0
W;3;4 0.0
W;3;5 0.0
W;4;0 0.0014053661445765173
W;4;1 0.0006205135950488812
W;4;2 5.1975558193344604e-05
W;4;3 3.118533491600676e-05
W;4;4 0.00028701248899615055
W;4;5 0.0012436006462009342
W;5;0 0.0
W;5;1 0.0
W;5;2 3.118533491600676e-05
W;5;3 8.835844892868582e-05
W;5;4 0.0003102567975244406
W;5;5 0.0
W;6;0 0.0
W;6;1 0.00012304489141211572
W;6;2 1.039511163866892e-05
W;6;3 9.875356056735474e-05
W;6;4 0.0006595091367823662
W;6;5 0.0
W;7;0 0.0
W;7;1 0.00014350624449807527
W;7;2 0.0
W;7;3 6.237066983201352e-05
W;7;4 0.00028883358674467797
W;7;5 0.0
W;8;0 0.0
W;8;1 0.00010341893250814688
W;8;2 8.456282041522318e-05
W;8;3 0.0
W;8;4 0.00021876708722434222
W;8;5 0.011891948337970451
W;9;0 0.001317711549964039
W;9;1 0.0017756515693993558
W;9;2 0.0
W;9;3 0.0
W;9;4 0.0003744853526555032
W;9;5 0.0
W;10;0 0.0
W;10;1 0.0
W;10;2 0.00013284297758425366
W;10;3 0.0002633487395664601
W;10;4 0.0004305187334942258
W;10;5 0.006540571585883749
W;11;0 0.0
W;11;1 0.0
W;11;2 0.0
W;11;3 0.00015677874978177274
W;11;4 0.0005776671734893559
W;11;5 0.0
W;12;0 0.0
W;12;1 0.00021974461533565986
W;12;2 9.406724986906365e-05
W;12;3 7.276578147068243e-05
W;12;4 0.0001365885822614889
W;12;5 0.0
W;13;0 0.0
W;13;1 0.00011641348654080039
W;13;2 0.00015677874978177274
W;13;3 4.158044655467568e-05
W;13;4 0.00018153276086497322
W;13;5 0.0
W;14;0 0.0
W;14;1 6.641843196193134e-05
W;14;2 0.0
W;14;3 0.0
W;14;4 0.0003010497961318743
W;14;5 0.0
W;15;0 0.0
W;15;1 0.0
W;15;2 7.79633372900169e-05
W;15;3 0.0
W;15;4 0.00028701248899615055
W;15;5 0.0
W;16;0 0.0
W;16;1 0.0003893071386229912
W;16;2 9.406724986906365e-05
W;16;3 6.756822565134798e-05
W;16;4 0.00015052489806593715
W;16;5 0.0
W;17;0 0.0
W;17;1 0.0005740249779923011
W;17;2 7.316341656482729e-05
W;17;3 6.756822565134798e-05
W;17;4 0.00023282697308160078
W;17;5 0.0
W;18;0 0.0
W;18;1 0.0007261310434598929
W;18;2 0.0
W;18;3 0.0
W;18;4 8.456282041522318e-05
W;18;5 0.0
W;19;0 0.0
W;19;1 0.00021877983136900795
W;19;2 0.00014632683312965457
W;19;3 0.0
W;19;4 0.00010341893250814688
W;19;5 0.0
