X;0;0 0.0
X;0;1 0.000428680938908538
X;0;2 0.0
X;0;3 0.0
X;0;4 0.00015735030736125342
X;0;5 0.0
X;1;0 0.0
X;1;1 0.0
X;1;2 0.00013587491647753638
X;1;3 5.405458052107838e-05
X;1;4 0.00020393955085779312
X;1;5 0.0
X;2;0 0.0
X;2;1 0.0
X;2;2 2.702729026053919e-05
X;2;3 6.756822565134798e-05
X;2;4 0.0004719851782489304
X;2;5 0.0032333616801224286
X;3;0 0.0
X;3;1 0.0
X;3;2 6.756822565134798e-05
X;3;3 5.405458052107838e-05
X;3;4 0.00021986333307958024
X;3;5 0.0
X;4;0 0.0
X;4;1 0.0
X;4;2 4.0540935390808783e-05
X;4;3 2.702729026053919e-05
X;4;4 0.0008157582034311725
X;4;5 0.004292484005606433
X;5;0 0.0
X;5;1 0.0
X;5;2 6.756822565134798e-05
X;5;3 5.405458052107838e-05
X;5;4 0.000252332691083656
X;5;5 0.0
X;6;0 0.0
X;6;1 0.000428680938908538
X;6;2 0.0002072350450314357
X;6;3 2.702729026053919e-05
X;6;4 0.00022487059165734896
X;6;5 0.003186257387829435
X;7;0 0.0
X;7;1 0.0
X;7;2 0.0
X;7;3 0.00016394911411495486
X;7;4 0.0008634396155051074
X;7;5 0.001693182078506638
X;8;0 0.0
X;8;1 0.00017268792310102147
X;8;2 0.0
X;8;3 0.0
X;8;4 0.001978769997716222
X;8;5 0.0
X;9;0 0.0
X;9;1 0.0007028844745014176
X;9;2 5.405458052107838e-05
X;9;3 0.0
X;9;4 0.00040787910171558625
X;9;5 0.0
X;10;0 0.0
X;10;1 0.000302675065006081
X;10;2 8.197455705747743e-05
X;10;3 0.0
X;10;4 0.0001381566966876238
X;10;5 0.002304203951272579
X;11;0 0.0
X;11;1 0.0
X;11;2 0.0
X;11;3 2.702729026053919e-05
X;11;4 0.0002500926543700205
X;11;5 0.007283147894792387
X;12;0 0.003932881415041707
X;12;1 0.0014205212555194846
X;12;2 1.3513645130269595e-05
X;12;3 0.0001086999331820291
X;12;4 0.0
X;12;5 0.0
X;13;0 0.0
X;13;1 0.0002359925891244652
X;13;2 6.756822565134798e-05
X;13;3 5.434996659101455e-05
X;13;4 0.0005713359998727156
X;13;5 0.0
X;14;0 0.0
X;14;1 0.000252332691083656
X;14;2 6.756822565134798e-05
X;14;3 2.702729026053919e-05
X;14;4 0.0007827294699428732
X;14;5 0.0
X;15;0 0.0
X;15;1 0.001012198560419777
X;15;2 8.152494988652182e-05
X;15;3 4.0540935390808783e-05
X;15;4 0.0002359925891244652
X;15;5 0.0
X;16;0 0.0
X;16;1 0.0
X;16;2 8.152494988652182e-05
X;16;3 6.756822565134798e-05
X;16;4 0.0007827294699428732
X;16;5 0.0
X;17;0 0.0
X;17;1 0.0
X;17;2 0.00013587491647753638
X;17;3 5.405458052107838e-05
X;17;4 0.00031991671767150085
X;17;5 0.0
X;18;0 0.0
X;18;1 0.0007827294699428732
X;18;2 0.00020493639264369356
X;18;3 2.702729026053919e-05
X;18;4 0.000188216073099218
X;18;5 0.0
X;19;0 0.0
X;19;1 0.0008066676735635455
X;19;2 8.108187078161757e-05
X;19;3 1.3513645130269595e-05
X;19;4 0.0
X;19;5 0.0
Y;0;0 0.0
Y;0;1 0.0
Y;0;2 0.0
Y;0;3 0.0
Y;0;4 0.0
Y;0;5 0.0
Y;1;0 0.0
Y;1;1 0.000252332691083656
Y;1;2 2.702729026053919e-05
Y;1;3 0.0
Y;1;4 8.336421812334017e-05
Y;1;5 0.0
Y;2;0 0.0
Y;2;1 0.0
Y;2;2 0.0
Y;2;3 6.756822565134798e-05
Y;2;4 0.0
Y;2;5 0.0
Y;3;0 0.0
Y;3;1 0.0
Y;3;2 0.0
Y;3;3 0.0
Y;3;4 0.0
Y;3;5 0.0
Y;4;0 0.0
Y;4;1 0.00031991671767150085
Y;4;2 0.0
Y;4;3 0.0
Y;4;4 0.0004397266661591605
Y;4;5 0.0
Y;5;0 0.0
Y;5;1 0.0
Y;5;2 0.0
Y;5;3 0.0
Y;5;4 0.0005377784490423638
Y;5;5 0.0
Y;6;0 0.0
Y;6;1 0.000188216073099218
Y;6;2 0.0
Y;6;3 0.00016486171282918577
Y;6;4 0.000302675065006081
Y;6;5 0.0
Y;7;0 0.0
Y;7;1 0.0
Y;7;2 0.0
Y;7;3 5.405458052107838e-05
Y;7;4 0.0013590386164724542
Y;7;5 0.0
Y;8;0 0.0
Y;8;1 0.0
Y;8;2 1.3513645130269595e-05
Y;8;3 0.0001086999331820291
Y;8;4 0.0015133753250304051
Y;8;5 0.0
Y;9;0 0.0
Y;9;1 0.00021986333307958024
Y;9;2 8.108187078161757e-05
Y;9;3 0.0
Y;9;4 0.0007462324713899914
Y;9;5 0.0
Y;10;0 0.0
Y;10;1 0.0
Y;10;2 0.0
Y;10;3 0.000127228367887428
Y;10;4 0.0002359925891244652
Y;10;5 0.0
Y;11;0 0.0
Y;11;1 0.0009642492218246169
Y;11;2 0.0
Y;11;3 0.0
Y;11;4 0.0
Y;11;5 0.0
Y;12;0 0.0
Y;12;1 0.0008267481028067063
Y;12;2 0.0
Y;12;3 4.0540935390808783e-05
Y;12;4 0.0
Y;12;5 0.0
Y;13;0 0.0
Y;13;1 0.0007079777673733956
Y;13;2 4.0540935390808783e-05
Y;13;3 0.0
Y;13;4 0.0005377784490423638
Y;13;5 0.0
Y;14;0 0.0
Y;14;1 0.000428680938908538
Y;14;2 0.0
Y;14;3 0.0
Y;14;4 0.0
Y;14;5 0.0
Y;15;0 0.0
Y;15;1 0.0007569980732509679
Y;15;2 8.152494988652182e-05
Y;15;3 5.405458052107838e-05
Y;15;4 0.0
Y;15;5 0.0
Y;16;0 0.0
Y;16;1 0.0009074212542286704
Y;16;2 0.0
Y;16;3 4.0540935390808783e-05
Y;16;4 0.0
Y;16;5 0.0
Y;17;0 0.0
Y;17;1 0.0004671455122419801
Y;17;2 4.0540935390808783e-05
Y;17;3 0.0
Y;17;4 0.00016486171282918577
Y;17;5 0.0
Y;18;0 0.0
Y;18;1 0.000376432146198436
Y;18;2 0.00019022488306855094
Y;18;3 1.3513645130269595e-05
Y;18;4 0.0
Y;18;5 0.0
Y;19;0 0.0025596160542065696
Y;19;1 0.0007569980732509679
Y;19;2 0.0
Y;19;3 2.7174983295507274e-05
Y;19;4 0.0
Y;19;5 0.0
Z;0;0 0.0
Z;0;1 0.0004868309584521542
Z;0;2 0.00012296183558621612
Z;0;3 6.756822565134798e-05
Z;0;4 0.00014219860669582244
Z;0;5 0.0
Z;1;0 0.0
Z;1;1 0.0003731162356949957
Z;1;2 6.756822565134798e-05
Z;1;3 0.0
Z;1;4 0.00035513031387987115
Z;1;5 0.0
Z;2;0 0.0
Z;2;1 0.0
Z;2;2 0.0
Z;2;3 0.0
Z;2;4 0.00035513031387987115
Z;2;5 0.0
Z;3;0 0.0
Z;3;1 0.000188216073099218
Z;3;2 0.0
Z;3;3 0.0
Z;3;4 0.0008570039998090733
Z;3;5 0.0
Z;4;0 0.0
Z;4;1 0.000376432146198436
Z;4;2 0.0
Z;4;3 0.0
Z;4;4 0.0
Z;4;5 0.0
Z;5;0 0.0
Z;5;1 0.0
Z;5;2 8.108187078161757e-05
Z;5;3 0.0
Z;5;4 0.00017268792310102147
Z;5;5 0.0
Z;6;0 0.0
Z;6;1 0.0
Z;6;2 0.00016486171282918577
Z;6;3 2.702729026053919e-05
Z;6;4 0.0015995835883575043
Z;6;5 0.0
Z;7;0 0.0
Z;7;1 0.0
Z;7;2 5.495390427639525e-05
Z;7;3 0.00012162280617242635
Z;7;4 0.0
Z;7;5 0.0
Z;8;0 0.0
Z;8;1 0.0
Z;8;2 1.3513645130269595e-05
Z;8;3 0.00016304989977304363
Z;8;4 0.0009597501530145025
Z;8;5 0.0
Z;9;0 0.0
Z;9;1 0.0
Z;9;2 9.459551591188717e-05
Z;9;3 0.0
Z;9;4 0.000428680938908538
Z;9;5 0.0
Z;10;0 0.0
Z;10;1 0.0
Z;10;2 0.00016486171282918577
Z;10;3 4.0987278528738714e-05
Z;10;4 0.0038043585181358006
Z;10;5 0.0
Z;11;0 0.0
Z;11;1 0.0
Z;11;2 0.000439631234211162
Z;11;3 5.434996659101455e-05
Z;11;4 0.0
Z;11;5 0.0
Z;12;0 0.0
Z;12;1 0.0007028844745014176
Z;12;2 0.0
Z;12;3 0.0
Z;12;4 0.0
Z;12;5 0.0
Z;13;0 0.0
Z;13;1 0.00021986333307958024
Z;13;2 0.0
Z;13;3 8.152494988652182e-05
Z;13;4 0.0006595899992387407
Z;13;5 0.0
Z;14;0 0.0
Z;14;1 0.000504665382167312
Z;14;2 0.0
Z;14;3 0.0
Z;14;4 0.0
Z;14;5 0.0
Z;15;0 0.0
Z;15;1 0.00035513031387987115
Z;15;2 0.0
Z;15;3 0.0001086999331820291
Z;15;4 0.0
Z;15;5 0.0
Z;16;0 0.0
Z;16;1 0.0016534962056134125
Z;16;2 0.0
Z;16;3 0.0
Z;16;4 0.0
Z;16;5 0.0
Z;17;0 0.0
Z;17;1 0.000428680938908538
Z;17;2 4.0540935390808783e-05
Z;17;3 0.0
Z;17;4 0.00038168510366228393
Z;17;5 0.0
Z;18;0 0.0
Z;18;1 0.00020393955085779312
Z;18;2 0.0
Z;18;3 6.756822565134798e-05
Z;18;4 0.0005377784490423638
Z;18;5 0.0
Z;19;0 0.0
Z;19;1 0.0
Z;19;2 0.0
Z;19;3 8.108187078161757e-05
Z;19;4 0.0
Z;19;5 0.0
W;0;0 0.0
W;0;1 0.0008570039998090733
W;0;2 2.702729026053919e-05
W;0;3 0.0
W;0;4 0.00014219860669582244
W;0;5 0.0
W;1;0 0.0
W;1;1 0.0
W;1;2 0.0
W;1;3 0.0
W;1;4 0.0
W;1;5 0.0
W;2;0 0.0
W;2;1 0.0008955305581440472
W;2;2 0.0
W;2;3 0.0
W;2;4 0.0003373995201399257
W;2;5 0.0
W;3;0 0.0
W;3;1 0.000302675065006081
W;3;2 0.0
W;3;3 0.0
W;3;4 0.000188216073099218
W;3;5 0.0
W;4;0 0.003653951975898945
W;4;1 0.0010755568980847275
W;4;2 2.702729026053919e-05
W;4;3 4.0540935390808783e-05
W;4;4 0.0
W;4;5 0.0
W;5;0 0.0
W;5;1 0.0
W;5;2 4.0540935390808783e-05
W;5;3 6.756822565134798e-05
W;5;4 0.0005377784490423638
W;5;5 0.0
W;6;0 0.0
W;6;1 0.0015995835883575043
W;6;2 2.702729026053919e-05
W;6;3 4.0540935390808783e-05
W;6;4 0.0
W;6;5 0.0
W;7;0 0.0
W;7;1 0.0007462324713899914
W;7;2 0.0
W;7;3 2.702729026053919e-05
W;7;4 0.0
W;7;5 0.0
W;8;0 0.0055750360003980265
W;8;1 0.0018822245716482733
W;8;2 0.0
W;8;3 0.0
W;8;4 0.00014219860669582244
W;8;5 0.0
W;9;0 0.0
W;9;1 0.0
W;9;2 0.0
W;9;3 0.0
W;9;4 0.0
W;9;5 0.0
W;10;0 0.0
W;10;1 0.0030409883108112328
W;10;2 6.90783483438119e-05
W;10;3 0.0002934457383740555
W;10;4 0.0
W;10;5 0.0
W;11;0 0.0
W;11;1 0.0
W;11;2 0.0
W;11;3 5.434996659101455e-05
W;11;4 0.0
W;11;5 0.0
W;12;0 0.0
W;12;1 0.0
W;12;2 0.0001086999331820291
W;12;3 1.3513645130269595e-05
W;12;4 0.0014205212555194846
W;12;5 0.003932881415041707
W;13;0 0.0
W;13;1 0.000302675065006081
W;13;2 0.00019022488306855094
W;13;3 1.3513645130269595e-05
W;13;4 0.0002359925891244652
W;13;5 0.0
W;14;0 0.0
W;14;1 0.00034537584620204293
W;14;2 0.0
W;14;3 0.0
W;14;4 0.0003913647349714366
W;14;5 0.0
W;15;0 0.0
W;15;1 0.0
W;15;2 5.405458052107838e-05
W;15;3 0.0
W;15;4 0.0003731162356949957
W;15;5 0.0
W;16;0 0.0
W;16;1 0.0
W;16;2 8.152494988652182e-05
W;16;3 6.756822565134798e-05
W;16;4 0.0007827294699428732
W;16;5 0.0
W;17;0 0.0
W;17;1 0.0
W;17;2 0.0001086999331820291
W;17;3 4.0540935390808783e-05
W;17;4 0.000908025195018243
W;17;5 0.0
W;18;0 0.0
W;18;1 0.0002359925891244652
W;18;2 0.0
W;18;3 0.0
W;18;4 0.0004397266661591605
W;18;5 0.0
W;19;0 0.0
W;19;1 0.0
W;19;2 0.00019022488306855094
W;19;3 0.0
W;19;4 0.0
W;19;5 0.0
