X;0;0 0.0
X;0;1 0.001286042816725614
X;0;2 0.0
X;0;3 0.0
X;0;4 0.0
X;0;5 0.0
X;1;0 0.0
X;1;1 0.0003539888836866978
X;1;2 8.152494988652182e-05
X;1;3 2.702729026053919e-05
X;1;4 0.000713788428002276
X;1;5 0.0
X;2;0 0.0
X;2;1 9.781524612468516e-05
X;2;2 4.0540935390808783e-05
X;2;3 3.378411282567399e-05
X;2;4 0.0008259740619356282
X;2;5 0.0
X;3;0 0.0
X;3;1 0.0001513375325030405
X;3;2 8.108187078161757e-05
X;3;3 4.0540935390808783e-05
X;3;4 0.00010993166653979012
X;3;5 0.0
X;4;0 0.0
X;4;1 0.00020494179610143118
X;4;2 6.0811403086213175e-05
X;4;3 4.0540935390808783e-05
X;4;4 0.00040787910171558625
X;4;5 0.0
X;5;0 0.0
X;5;1 0.0
X;5;2 5.405458052107838e-05
X;5;3 4.7297757955943585e-05
X;5;4 0.00037849903662548397
X;5;5 0.0034260500299065012
X;6;0 0.0
X;6;1 0.000643021408362807
X;6;2 0.0001381566966876238
X;6;3 2.0270467695404392e-05
X;6;4 0.0005059588312290351
X;6;5 0.0007965643469573587
X;7;0 0.0
X;7;1 0.0
X;7;2 0.00017268792310102147
X;7;3 8.197455705747743e-05
X;7;4 0.0010361275386061288
X;7;5 0.001693182078506638
X;8;0 0.0
X;8;1 0.0002590318846515322
X;8;2 0.0004265958200874673
X;8;3 0.00020393955085779312
X;8;4 0.000879453332318321
X;8;5 0.0012297813348073245
X;9;0 0.0
X;9;1 0.0
X;9;2 0.00011486598360729157
X;9;3 0.0
X;9;4 0.00010196977542889656
X;9;5 0.0
X;10;0 0.0
X;10;1 0.000302675065006081
X;10;2 0.00010246819632184678
X;10;3 0.0
X;10;4 0.00031085256754715356
X;10;5 0.0005760509878181447
X;11;0 0.0
X;11;1 0.0
X;11;2 0.0
X;11;3 4.7297757955943585e-05
X;11;4 0.000500185308740041
X;11;5 0.0007283147894792387
X;12;0 0.0
X;12;1 0.00017756515693993557
X;12;2 8.783869334675238e-05
X;12;3 6.793745823876819e-05
X;12;4 0.0001428339999681789
X;12;5 0.0
X;13;0 0.0
X;13;1 0.0001179962945622326
X;13;2 3.378411282567399e-05
X;13;3 0.00016304989977304363
X;13;4 0.0002856679999363578
X;13;5 0.0
X;14;0 0.0
X;14;1 0.000126166345541828
X;14;2 6.756822565134798e-05
X;14;3 4.0540935390808783e-05
X;14;4 0.0005870471024571549
X;14;5 0.0
X;15;0 0.0
X;15;1 0.00016869976006996285
X;15;2 0.00023098735801181186
X;15;3 1.3513645130269595e-05
X;15;4 0.0
X;15;5 0.0
X;16;0 0.0
X;16;1 0.0002856679999363578
X;16;2 0.00012228742482978274
X;16;3 4.7297757955943585e-05
X;16;4 0.0003913647349714366
X;16;5 0.0
X;17;0 0.0
X;17;1 0.0005326954708198067
X;17;2 1.3587491647753637e-05
X;17;3 8.783869334675238e-05
X;17;4 0.00047987507650725127
X;17;5 0.0
X;18;0 0.0017130250149532506
X;18;1 0.0003913647349714366
X;18;2 0.00014345547485058552
X;18;3 5.405458052107838e-05
X;18;4 0.000188216073099218
X;18;5 0.0
X;19;0 0.0
X;19;1 0.00013444461226059094
X;19;2 0.00011486598360729157
X;19;3 1.3513645130269595e-05
X;19;4 0.0
X;19;5 0.0
Y;0;0 0.0
Y;0;1 0.0002359925891244652
Y;0;2 0.0
Y;0;3 0.0
Y;0;4 0.0001428339999681789
Y;0;5 0.0
Y;1;0 0.0
Y;1;1 0.0008831644187927961
Y;1;2 2.702729026053919e-05
Y;1;3 0.0
Y;1;4 0.00012504632718501025
Y;1;5 0.0
Y;2;0 0.0
Y;2;1 6.90783483438119e-05
Y;2;2 0.0
Y;2;3 4.0540935390808783e-05
Y;2;4 0.0008570039998090733
Y;2;5 0.0
Y;3;0 0.0034260500299065012
Y;3;1 0.0005180637693030644
Y;3;2 0.0
Y;3;3 0.0
Y;3;4 0.00016869976006996285
Y;3;5 0.0
Y;4;0 0.0
Y;4;1 0.0
Y;4;2 0.0
Y;4;3 0.0
Y;4;4 0.0
Y;4;5 0.0
Y;5;0 0.0
Y;5;1 0.0
Y;5;2 0.0
Y;5;3 0.0
Y;5;4 0.0002688892245211819
Y;5;5 0.0
Y;6;0 0.0021462420028032165
Y;6;1 0.000282324109648827
Y;6;2 0.0
Y;6;3 0.0001099078085527905
Y;6;4 0.001210700260024324
Y;6;5 0.0
Y;7;0 0.0
Y;7;1 0.0
Y;7;2 0.0
Y;7;3 8.108187078161757e-05
Y;7;4 0.0
Y;7;5 0.0
Y;8;0 0.0
Y;8;1 0.00047987507650725127
Y;8;2 5.405458052107838e-05
Y;8;3 0.0001086999331820291
Y;8;4 0.0001513375325030405
Y;8;5 0.0
Y;9;0 0.0
Y;9;1 0.0
Y;9;2 0.00010135233847702197
Y;9;3 0.0
Y;9;4 0.0
Y;9;5 0.0
Y;10;0 0.0
Y;10;1 0.0
Y;10;2 0.0
Y;10;3 0.000254456735774856
Y;10;4 0.0009439703564978608
Y;10;5 0.0
Y;11;0 0.0
Y;11;1 0.00048212461091230843
Y;11;2 0.0
Y;11;3 0.0
Y;11;4 0.0
Y;11;5 0.0
Y;12;0 0.0
Y;12;1 0.0008267481028067063
Y;12;2 0.0
Y;12;3 4.7297757955943585e-05
Y;12;4 0.0
Y;12;5 0.0
Y;13;0 0.0
Y;13;1 0.0004719851782489304
Y;13;2 5.405458052107838e-05
Y;13;3 0.0
Y;13;4 0.0
Y;13;5 0.0016166808400612143
Y;14;0 0.0
Y;14;1 0.001071702347271345
Y;14;2 0.0
Y;14;3 0.0
Y;14;4 0.0
Y;14;5 0.0
Y;15;0 0.0
Y;15;1 0.000126166345541828
Y;15;2 0.00023098735801181186
Y;15;3 1.3513645130269595e-05
Y;15;4 0.0
Y;15;5 0.0
Y;16;0 0.0
Y;16;1 0.0
Y;16;2 0.0
Y;16;3 7.432504821648277e-05
Y;16;4 0.00038786030482819374
Y;16;5 0.0
Y;17;0 0.0
Y;17;1 0.0004671455122419801
Y;17;2 5.405458052107838e-05
Y;17;3 0.0
Y;17;4 8.243085641459288e-05
Y;17;5 0.0015332237196708876
Y;18;0 0.0
Y;18;1 0.0
Y;18;2 6.793745823876819e-05
Y;18;3 4.0540935390808783e-05
Y;18;4 0.0017611413073714646
Y;18;5 0.0
Y;19;0 0.0
Y;19;1 0.000126166345541828
Y;19;2 0.0
Y;19;3 2.7174983295507274e-05
Y;19;4 0.0
Y;19;5 0.0
Z;0;0 0.0
Z;0;1 0.0009736619169043084
Z;0;2 0.00024592367117243224
Z;0;3 1.3513645130269595e-05
Z;0;4 0.00014219860669582244
Z;0;5 0.0
Z;1;0 0.002399657695370819
Z;1;1 0.0007462324713899914
Z;1;2 8.783869334675238e-05
Z;1;3 0.0
Z;1;4 0.00017756515693993557
Z;1;5 0.0
Z;2;0 0.0
Z;2;1 0.0005377784490423638
Z;2;2 0.0
Z;2;3 0.0
Z;2;4 0.0
Z;2;5 0.0
Z;3;0 0.0
Z;3;1 0.0
Z;3;2 0.0
Z;3;3 0.0
Z;3;4 0.0005713359998727156
Z;3;5 0.0
Z;4;0 0.0
Z;4;1 0.0
Z;4;2 0.0
Z;4;3 0.0
Z;4;4 0.0
Z;4;5 0.0
Z;5;0 0.0
Z;5;1 0.00040988359220286237
Z;5;2 5.405458052107838e-05
Z;5;3 0.0
Z;5;4 0.0002590318846515322
Z;5;5 0.0
Z;6;0 0.0
Z;6;1 0.0005478186636639442
Z;6;2 0.00016486171282918577
Z;6;3 3.378411282567399e-05
Z;6;4 0.0009597501530145025
Z;6;5 0.0009926003212417597
Z;7;0 0.0
Z;7;1 0.0
Z;7;2 0.0004121542820729644
Z;7;3 3.378411282567399e-05
Z;7;4 0.0
Z;7;5 0.0
Z;8;0 0.0
Z;8;1 0.0005326954708198067
Z;8;2 5.405458052107838e-05
Z;8;3 0.0001086999331820291
Z;8;4 0.00015995835883575042
Z;8;5 0.0
Z;9;0 0.0
Z;9;1 7.109930334791122e-05
Z;9;2 4.7297757955943585e-05
Z;9;3 0.0
Z;9;4 0.000428680938908538
Z;9;5 0.0
Z;10;0 0.005405838899231025
Z;10;1 0.001317892590562327
Z;10;2 0.00019233866496738342
Z;10;3 4.0987278528738714e-05
Z;10;4 0.0
Z;10;5 0.0
Z;11;0 0.0
Z;11;1 0.0
Z;11;2 0.0
Z;11;3 0.00012228742482978274
Z;11;4 0.002906778872859143
Z;11;5 0.00589932212256256
Z;12;0 0.0
Z;12;1 0.0
Z;12;2 0.0
Z;12;3 0.0
Z;12;4 0.0
Z;12;5 0.0
Z;13;0 0.0
Z;13;1 0.00021986333307958024
Z;13;2 0.0
Z;13;3 6.793745823876819e-05
Z;13;4 0.00010993166653979012
Z;13;5 0.0
Z;14;0 0.0
Z;14;1 0.0007569980732509679
Z;14;2 0.0
Z;14;3 0.0
Z;14;4 0.0
Z;14;5 0.0
Z;15;0 0.0
Z;15;1 0.0
Z;15;2 0.0
Z;15;3 0.00020381237471630455
Z;15;4 0.0007302464376782312
Z;15;5 0.0
Z;16;0 0.0
Z;16;1 0.0016534962056134125
Z;16;2 0.0
Z;16;3 0.0
Z;16;4 0.0
Z;16;5 0.0
Z;17;0 0.0
Z;17;1 0.000857361877817076
Z;17;2 5.405458052107838e-05
Z;17;3 0.0
Z;17;4 0.0
Z;17;5 0.0
Z;18;0 0.0
Z;18;1 0.00020393955085779312
Z;18;2 0.0
Z;18;3 4.7297757955943585e-05
Z;18;4 0.0005377784490423638
Z;18;5 0.0
Z;19;0 0.0
Z;19;1 0.0
Z;19;2 0.0
Z;19;3 7.432504821648277e-05
Z;19;4 0.001286042816725614
Z;19;5 0.0
W;0;0 0.0
W;0;1 0.0001428339999681789
W;0;2 7.432504821648277e-05
W;0;3 0.0
W;0;4 0.0
W;0;5 0.0
W;1;0 0.0
W;1;1 0.00018655811784749784
W;1;2 0.0
W;1;3 0.0
W;1;4 0.0003373995201399257
W;1;5 0.0
W;2;0 0.0
W;2;1 0.0002238826395360118
W;2;2 0.0
W;2;3 0.0
W;2;4 0.00016869976006996285
W;2;5 0.0
W;3;0 0.0
W;3;1 0.0010593627275212836
W;3;2 0.0
W;3;3 0.0
W;3;4 0.000188216073099218
W;3;5 0.0021462420028032165
W;4;0 0.0
W;4;1 0.0005377784490423638
W;4;2 4.0540935390808783e-05
W;4;3 6.0811403086213175e-05
W;4;4 0.00018655811784749784
W;4;5 0.0
W;5;0 0.0
W;5;1 0.00031702987651131674
W;5;2 0.00010135233847702197
W;5;3 2.702729026053919e-05
W;5;4 0.0
W;5;5 0.0
W;6;0 0.0009009731498718376
W;6;1 0.0009597501530145025
W;6;2 2.0270467695404392e-05
W;6;3 5.405458052107838e-05
W;6;4 0.000428680938908538
W;6;5 0.0
W;7;0 0.0
W;7;1 0.0020521392963224762
W;7;2 0.0
W;7;3 2.702729026053919e-05
W;7;4 0.0
W;7;5 0.0
W;8;0 0.0
W;8;1 0.00040333383678177275
W;8;2 0.0006595899992387407
W;8;3 0.000188216073099218
W;8;4 0.0005687944267832898
W;8;5 0.0007729766419680794
W;9;0 0.0
W;9;1 0.00035513031387987115
W;9;2 0.0
W;9;3 0.0
W;9;4 0.0
W;9;5 0.0
W;10;0 0.0
W;10;1 0.0
W;10;2 6.90783483438119e-05
W;10;3 0.0004401686075610832
W;10;4 0.0005596743535424935
W;10;5 0.004637859851808476
W;11;0 0.0
W;11;1 0.0006795193082362271
W;11;2 0.0
W;11;3 1.3587491647753637e-05
W;11;4 0.0
W;11;5 0.0
W;12;0 0.0
W;12;1 0.0001428339999681789
W;12;2 6.793745823876819e-05
W;12;3 8.783869334675238e-05
W;12;4 0.00017756515693993557
W;12;5 0.0
W;13;0 0.0
W;13;1 0.000302675065006081
W;13;2 0.00019022488306855094
W;13;3 2.0270467695404392e-05
W;13;4 0.0001179962945622326
W;13;5 0.0
W;14;0 0.0
W;14;1 0.0002590318846515322
W;14;2 0.0
W;14;3 0.0
W;14;4 0.0001956823674857183
W;14;5 0.0
W;15;0 0.0
W;15;1 0.0007302464376782312
W;15;2 0.00010135233847702197
W;15;3 0.0
W;15;4 0.0
W;15;5 0.0
W;16;0 0.0
W;16;1 0.0003373995201399257
W;16;2 0.00012228742482978274
W;16;3 4.7297757955943585e-05
W;16;4 0.0003913647349714366
W;16;5 0.0
W;17;0 0.002399657695370819
W;17;1 0.0003731162356949957
W;17;2 1.3587491647753637e-05
W;17;3 0.00010135233847702197
W;17;4 0.0001513375325030405
W;17;5 0.0
W;18;0 0.0
W;18;1 0.0002359925891244652
W;18;2 0.0
W;18;3 0.0
W;18;4 0.00032979499961937036
W;18;5 0.0
W;19;0 0.0
W;19;1 0.0017064826846782618
W;19;2 0.00016304989977304363
W;19;3 0.0
W;19;4 0.0
W;19;5 0.0
