X;0;0 0.0
X;0;1 0.0
X;0;2 0.0
X;0;3 0.0
X;0;4 0.0002420773959403899
X;0;5 0.0
X;1;0 0.0
X;1;1 0.00018153276086497322
X;1;2 4.1807666608472735e-05
X;1;3 4.158044655467568e-05
X;1;4 0.0009412594654975068
X;1;5 0.0
X;2;0 0.0
X;2;1 7.52424970189886e-05
X;2;2 3.118533491600676e-05
X;2;3 3.118533491600676e-05
X;2;4 0.0010891965651898393
X;2;5 0.0
X;3;0 0.0
X;3;1 0.00046565394616320156
X;3;2 8.316089310935136e-05
X;3;3 3.118533491600676e-05
X;3;4 0.0
X;3;5 0.0
X;4;0 0.0
X;4;1 0.0
X;4;2 2.079022327733784e-05
X;4;3 6.237066983201352e-05
X;4;4 0.0004706297327487534
X;4;5 0.0066038215470868205
X;5;0 0.0
X;5;1 0.0
X;5;2 7.276578147068243e-05
X;5;3 5.1975558193344604e-05
X;5;4 0.00019410207006435078
X;5;5 0.0
X;6;0 0.0
X;6;1 0.0
X;6;2 0.00010627438206740292
X;6;3 9.355600474802028e-05
X;6;4 0.00017297737819796074
X;6;5 0.0
X;7;0 0.0
X;7;1 0.000676882785254001
X;7;2 0.0006641843196193134
X;7;3 0.0001261147031653499
X;7;4 0.00039851059177158804
X;7;5 0.0
X;8;0 0.0
X;8;1 0.0010626949113909014
X;8;2 0.00010938354361217111
X;8;3 0.0
X;8;4 0.000507376922491339
X;8;5 0.001891971284318961
X;9;0 0.0
X;9;1 0.0
X;9;2 0.00011434622802535812
X;9;3 0.0
X;9;4 0.0
X;9;5 0.0
X;10;0 0.0
X;10;1 0.00023282697308160078
X;10;2 0.00028375808212203725
X;10;3 0.0
X;10;4 5.313719103370146e-05
X;10;5 0.0
X;11;0 0.0
X;11;1 0.0
X;11;2 0.00016912564083044636
X;11;3 6.237066983201352e-05
X;11;4 0.0003847579298000316
X;11;5 0.0
X;12;0 0.0
X;12;1 0.0005463543290459556
X;12;2 2.079022327733784e-05
X;12;3 0.0001881344997381273
X;12;4 0.0
X;12;5 0.0
X;13;0 0.0
X;13;1 0.00018153276086497322
X;13;2 7.276578147068243e-05
X;13;3 6.27114999127091e-05
X;13;4 0.0004394892306713197
X;13;5 0.0
X;14;0 0.0
X;14;1 0.00038820414012870157
X;14;2 6.237066983201352e-05
X;14;3 4.158044655467568e-05
X;14;4 0.0003010497961318743
X;14;5 0.0
X;15;0 0.0
X;15;1 0.0002595380924153275
X;15;2 0.00010451916652118183
X;15;3 5.1975558193344604e-05
X;15;4 0.00036306552172994644
X;15;5 0.0
X;16;0 0.0
X;16;1 0.0
X;16;2 4.1807666608472735e-05
X;16;3 7.276578147068243e-05
X;16;4 0.0012041991845274972
X;16;5 0.0
X;17;0 0.0
X;17;1 0.0
X;17;2 0.00014632683312965457
X;17;3 5.1975558193344604e-05
X;17;4 0.00024608978282423144
X;17;5 0.0
X;18;0 0.0
X;18;1 0.0
X;18;2 3.1528675791337475e-05
X;18;3 3.118533491600676e-05
X;18;4 0.0013030343522253554
X;18;5 0.0
X;19;0 0.0
X;19;1 0.0
X;19;2 3.118533491600676e-05
X;19;3 7.276578147068243e-05
X;19;4 0.0006592338460069795
X;19;5 0.0
Y;0;0 0.0
Y;0;1 0.00018153276086497322
Y;0;2 0.0
Y;0;3 0.0
Y;0;4 0.0
Y;0;5 0.0
Y;1;0 0.0
Y;1;1 0.0009705103503217539
Y;1;2 3.118533491600676e-05
Y;1;3 0.0
Y;1;4 6.41263216333386e-05
Y;1;5 0.0
Y;2;0 0.0
Y;2;1 0.00010627438206740292
Y;2;2 0.0
Y;2;3 4.158044655467568e-05
Y;2;4 0.0010987230766782991
Y;2;5 0.0
Y;3;0 0.0
Y;3;1 0.00039851059177158804
Y;3;2 0.0
Y;3;3 0.0
Y;3;4 0.0
Y;3;5 0.0
Y;4;0 0.0
Y;4;1 0.0
Y;4;2 0.0
Y;4;3 0.0
Y;4;4 0.0003382512816608927
Y;4;5 0.00738356213960252
Y;5;0 0.0
Y;5;1 0.0
Y;5;2 0.0
Y;5;3 0.0
Y;5;4 0.0
Y;5;5 0.0
Y;6;0 0.0
Y;6;1 0.0011582527575336493
Y;6;2 0.0
Y;6;3 8.454446811753117e-05
Y;6;4 0.0
Y;6;5 0.0
Y;7;0 0.0
Y;7;1 0.0
Y;7;2 0.0
Y;7;3 0.00010395111638668921
Y;7;4 0.0
Y;7;5 0.0
Y;8;0 0.0
Y;8;1 0.0014765386969453887
Y;8;2 3.118533491600676e-05
Y;8;3 8.361533321694547e-05
Y;8;4 0.0
Y;8;5 0.0
Y;9;0 0.0
Y;9;1 0.0
Y;9;2 9.355600474802028e-05
Y;9;3 0.0
Y;9;4 0.0
Y;9;5 0.0
Y;10;0 0.0
Y;10;1 0.0
Y;10;2 0.0
Y;10;3 0.00019573595059604307
Y;10;4 0.0
Y;10;5 0.0
Y;11;0 0.0
Y;11;1 0.0
Y;11;2 0.0
Y;11;3 0.0
Y;11;4 0.0
Y;11;5 0.0
Y;12;0 0.0
Y;12;1 0.0
Y;12;2 0.0
Y;12;3 0.00011434622802535812
Y;12;4 0.0
Y;12;5 0.0
Y;13;0 0.0
Y;13;1 0.00036306552172994644
Y;13;2 4.158044655467568e-05
Y;13;3 0.0
Y;13;4 0.00020683786501629375
Y;13;5 0.0
Y;14;0 0.0
Y;14;1 0.0
Y;14;2 0.0
Y;14;3 0.0
Y;14;4 0.00017297737819796074
Y;14;5 0.0
Y;15;0 0.0
Y;15;1 0.00019410207006435078
Y;15;2 8.361533321694547e-05
Y;15;3 5.1975558193344604e-05
Y;15;4 0.0005740249779923011
Y;15;5 0.0028107322891530347
Y;16;0 0.0
Y;16;1 0.0
Y;16;2 0.0
Y;16;3 7.276578147068243e-05
Y;16;4 0.0
Y;16;5 0.0
Y;17;0 0.0
Y;17;1 0.0007186854034492002
Y;17;2 3.118533491600676e-05
Y;17;3 0.0
Y;17;4 4.2272234058765585e-05
Y;17;5 0.0
Y;18;0 0.0
Y;18;1 0.00014478159469170617
Y;18;2 0.00020903833304236367
Y;18;3 2.079022327733784e-05
Y;18;4 0.0
Y;18;5 0.0
Y;19;0 0.0
Y;19;1 0.0
Y;19;2 0.0
Y;19;3 0.0001254229998254182
Y;19;4 0.0005740249779923011
Y;19;5 0.0028107322891530347
Z;0;0 0.0
Z;0;1 0.0
Z;0;2 9.458602737401242e-05
Z;0;3 7.276578147068243e-05
Z;0;4 0.0003281506308365134
Z;0;5 0.0
Z;1;0 0.0
Z;1;1 0.0
Z;1;2 5.1975558193344604e-05
Z;1;3 0.0
Z;1;4 0.0005463543290459556
Z;1;5 0.0
Z;2;0 0.0
Z;2;1 0.0006205135950488812
Z;2;2 0.0
Z;2;3 0.0
Z;2;4 0.0
Z;2;5 0.0
Z;3;0 0.0
Z;3;1 0.00014478159469170617
Z;3;2 0.0
Z;3;3 0.0
Z;3;4 0.00021974461533565986
Z;3;5 0.0
Z;4;0 0.008716537486833185
Z;4;1 0.0005791263787668247
Z;4;2 0.0
Z;4;3 0.0
Z;4;4 0.0
Z;4;5 0.0
Z;5;0 0.0
Z;5;1 0.0
Z;5;2 6.237066983201352e-05
Z;5;3 0.0
Z;5;4 0.00026567372784772536
Z;5;5 0.0
Z;6;0 0.0
Z;6;1 0.0
Z;6;2 4.2272234058765585e-05
Z;6;3 0.00012474133966402704
Z;6;4 0.0
Z;6;5 0.0
Z;7;0 0.0
Z;7;1 0.0
Z;7;2 0.00042272234058765584
Z;7;3 3.118533491600676e-05
Z;7;4 0.0
Z;7;5 0.0
Z;8;0 0.0023588057225705965
Z;8;1 0.001639062987137867
Z;8;2 2.079022327733784e-05
Z;8;3 8.361533321694547e-05
Z;8;4 0.0
Z;8;5 0.0
Z;9;0 0.0
Z;9;1 0.0
Z;9;2 8.316089310935136e-05
Z;9;3 0.0
Z;9;4 0.0003297545683911831
Z;9;5 0.0
Z;10;0 0.0
Z;10;1 0.0
Z;10;2 0.0
Z;10;3 6.305735158267495e-05
Z;10;4 0.005365120987114591
Z;10;5 0.0
Z;11;0 0.0
Z;11;1 0.0
Z;11;2 0.00038045010652889026
Z;11;3 8.361533321694547e-05
Z;11;4 0.0
Z;11;5 0.0
Z;12;0 0.0
Z;12;1 0.0
Z;12;2 0.0
Z;12;3 0.0
Z;12;4 0.0
Z;12;5 0.0
Z;13;0 0.0
Z;13;1 0.00016912564083044636
Z;13;2 0.0
Z;13;3 0.0001254229998254182
Z;13;4 0.00016912564083044636
Z;13;5 0.0
Z;14;0 0.0
Z;14;1 0.00019410207006435078
Z;14;2 0.0
Z;14;3 0.0
Z;14;4 0.0008195314935689335
Z;14;5 0.0
Z;15;0 0.0
Z;15;1 0.0010927086580919112
Z;15;2 0.0
Z;15;3 2.0903833304236367e-05
Z;15;4 0.0
Z;15;5 0.0
Z;16;0 0.0
Z;16;1 0.0
Z;16;2 0.0
Z;16;3 0.0
Z;16;4 0.0
Z;16;5 0.0
Z;17;0 0.0
Z;17;1 0.0013190182735647324
Z;17;2 2.079022327733784e-05
Z;17;3 0.0
Z;17;4 0.0
Z;17;5 0.0
Z;18;0 0.0030252933961859283
Z;18;1 0.0012550126206633423
Z;18;2 0.0
Z;18;3 1.039511163866892e-05
Z;18;4 0.0
Z;18;5 0.0
Z;19;0 0.0
Z;19;1 0.0008789784613426394
Z;19;2 0.0
Z;19;3 2.079022327733784e-05
Z;19;4 0.0
Z;19;5 0.0
W;0;0 0.0
W;0;1 0.0006592338460069795
W;0;2 3.118533491600676e-05
W;0;3 0.0
W;0;4 0.00010938354361217111
W;0;5 0.0
W;1;0 0.0
W;1;1 0.0005740249779923011
W;1;2 0.0
W;1;3 0.0
W;1;4 0.0
W;1;5 0.0
W;2;0 0.0
W;2;1 0.0010333044901662083
W;2;2 0.0
W;2;3 0.0
W;2;4 0.0
W;2;5 0.0
W;3;0 0.0
W;3;1 0.0
W;3;2 0.0
W;3;3 0.0
W;3;4 0.00028956318938341233
W;3;5 0.0
W;4;0 0.005621464578306069
W;4;1 0.0006205135950488812
W;4;2 6.237066983201352e-05
W;4;3 2.079022327733784e-05
W;4;4 0.0
W;4;5 0.0
W;5;0 0.0
W;5;1 0.0
W;5;2 3.118533491600676e-05
W;5;3 0.00010395111638668921
W;5;4 0.0
W;5;5 0.0
W;6;0 0.0
W;6;1 0.0007382693484726943
W;6;2 9.355600474802028e-05
W;6;3 1.039511163866892e-05
W;6;4 0.0
W;6;5 0.0
W;7;0 0.0
W;7;1 0.0
W;7;2 0.0
W;7;3 5.1975558193344604e-05
W;7;4 0.0034660030409361356
W;7;5 0.0
W;8;0 0.0
W;8;1 0.000827351460065175
W;8;2 0.0
W;8;3 0.00014478159469170617
W;8;4 0.0006563012616730268
W;8;5 0.0023783896675940905
W;9;0 0.0
W;9;1 0.0008195314935689335
W;9;2 0.0
W;9;3 0.0
W;9;4 0.0003744853526555032
W;9;5 0.0
W;10;0 0.0
W;10;1 0.004288573258836355
W;10;2 0.00010627438206740292
W;10;3 0.0
W;10;4 0.0
W;10;5 0.0
W;11;0 0.0
W;11;1 0.0
W;11;2 0.0
W;11;3 0.00014632683312965457
W;11;4 0.0
W;11;5 0.0
W;12;0 0.0
W;12;1 0.0
W;12;2 0.0001881344997381273
W;12;3 2.079022327733784e-05
W;12;4 0.0005463543290459556
W;12;5 0.0
W;13;0 0.0
W;13;1 0.00046565394616320156
W;13;2 6.27114999127091e-05
W;13;3 8.316089310935136e-05
W;13;4 0.0
W;13;5 0.0
W;14;0 0.0
W;14;1 0.00013283686392386268
W;14;2 0.0
W;14;3 0.0
W;14;4 0.0006020995922637486
W;14;5 0.0
W;15;0 0.0
W;15;1 0.0
W;15;2 1.039511163866892e-05
W;15;3 0.0
W;15;4 0.0011480499559846022
W;15;5 0.0
W;16;0 0.0
W;16;1 0.0
W;16;2 4.1807666608472735e-05
W;16;3 7.276578147068243e-05
W;16;4 0.0012041991845274972
W;16;5 0.0
W;17;0 0.0
W;17;1 0.00028701248899615055
W;17;2 0.00010451916652118183
W;17;3 5.1975558193344604e-05
W;17;4 0.00046565394616320156
W;17;5 0.0
W;18;0 0.0
W;18;1 0.0012707293260548127
W;18;2 0.0
W;18;3 0.0
W;18;4 0.0
W;18;5 0.0
W;19;0 0.0
W;19;1 0.0
W;19;2 4.1807666608472735e-05
W;19;3 0.0
W;19;4 0.000827351460065175
W;19;5 0.0
