X;0;0 0.0
X;0;1 0.0
X;0;2 0.0
X;0;3 0.0
X;0;4 0.00014304573396477582
X;0;5 0.0
X;1;0 0.0
X;1;1 0.0
X;1;2 2.4704530268642976e-05
X;1;3 3.685539580982617e-05
X;1;4 0.001112397550133417
X;1;5 0.003114590936278637
X;2;0 0.0
X;2;1 0.0001778459020448821
X;2;2 7.371079161965234e-05
X;2;3 3.685539580982617e-05
X;2;4 0.0
X;2;5 0.0
X;3;0 0.0
X;3;1 0.0013757957500276409
X;3;2 4.914052774643489e-05
X;3;3 2.4570263873217446e-05
X;3;4 0.0
X;3;5 0.0
X;4;0 0.0
X;4;1 0.0
X;4;2 3.685539580982617e-05
X;4;3 6.142565968304361e-05
X;4;4 0.0005561987750667084
X;4;5 0.0
X;5;0 0.0
X;5;1 0.0005365414575077688
X;5;2 7.371079161965234e-05
X;5;3 3.685539580982617e-05
X;5;4 0.00022939335553059635
X;5;5 0.0
X;6;0 0.0
X;6;1 0.00038970994446230726
X;6;2 0.0001255969969887489
X;6;3 8.599592355626106e-05
X;6;4 0.00010221390529879497
X;6;5 0.0
X;7;0 0.0
X;7;1 0.0
X;7;2 0.0001569890210009286
X;7;3 0.0
X;7;4 0.0012559121680074288
X;7;5 0.0030785128700120687
X;8;0 0.0
X;8;1 0.0004709670630027858
X;8;2 0.0
X;8;3 0.00018539959168890283
X;8;4 0.0009993787867253647
X;8;5 0.004471932126572089
X;9;0 0.0
X;9;1 0.0006389858859103796
X;9;2 8.599592355626106e-05
X;9;3 0.0
X;9;4 0.00018539959168890283
X;9;5 0.0
X;10;0 0.0
X;10;1 0.0005503183000110563
X;10;2 7.452232459770675e-05
X;10;3 0.0
X;10;4 6.279849849437445e-05
X;10;5 0.0
X;11;0 0.0
X;11;1 0.0
X;11;2 0.00019987575734507293
X;11;3 0.00012285131936608723
X;11;4 0.0
X;11;5 0.0
X;12;0 0.0
X;12;1 0.0
X;12;2 4.914052774643489e-05
X;12;3 7.411359080592893e-05
X;12;4 0.001038792727041301
X;12;5 0.0
X;13;0 0.0
X;13;1 0.0004290774347717549
X;13;2 3.685539580982617e-05
X;13;3 0.0001235226513432149
X;13;4 0.00025969818176032526
X;13;5 0.0
X;14;0 0.0
X;14;1 0.00022939335553059635
X;14;2 6.142565968304361e-05
X;14;3 4.914052774643489e-05
X;14;4 0.00035578612270130596
X;14;5 0.0
X;15;0 0.0
X;15;1 0.0
X;15;2 2.4704530268642976e-05
X;15;3 8.599592355626106e-05
X;15;4 0.0006436161521576323
X;15;5 0.0
X;16;0 0.0
X;16;1 0.00025969818176032526
X;16;2 9.88181210745719e-05
X;16;3 6.142565968304361e-05
X;16;4 0.00035578612270130596
X;16;5 0.0
X;17;0 0.0
X;17;1 0.0009685372196723758
X;17;2 0.0001235226513432149
X;17;3 3.685539580982617e-05
X;17;4 0.0
X;17;5 0.0
X;18;0 0.0
X;18;1 0.0010673583681039178
X;18;2 7.452232459770675e-05
X;18;3 3.685539580982617e-05
X;18;4 0.0005133165629978673
X;18;5 0.0
X;19;0 0.0
X;19;1 0.0
X;19;2 1.2285131936608723e-05
X;19;3 3.685539580982617e-05
X;19;4 0.0015581890905619514
X;19;5 0.003114590936278637
Y;0;0 0.0
Y;0;1 0.00021453871738587744
Y;0;2 0.0
Y;0;3 0.0
Y;0;4 0.00025969818176032526
Y;0;5 0.0
Y;1;0 0.0
Y;1;1 0.0004587867110611927
Y;1;2 3.685539580982617e-05
Y;1;3 0.0
Y;1;4 7.578565283940015e-05
Y;1;5 0.0
Y;2;0 0.0
Y;2;1 0.0001255969969887489
Y;2;2 0.0
Y;2;3 3.685539580982617e-05
Y;2;4 0.0
Y;2;5 0.0
Y;3;0 0.0
Y;3;1 0.0007849451050046431
Y;3;2 0.0
Y;3;3 0.0
Y;3;4 0.0
Y;3;5 0.0
Y;4;0 0.0
Y;4;1 0.0
Y;4;2 0.0
Y;4;3 0.0
Y;4;4 0.0007995030293802917
Y;4;5 0.0
Y;5;0 0.0
Y;5;1 0.0004607558046683686
Y;5;2 0.0
Y;5;3 0.0
Y;5;4 0.0
Y;5;5 0.0
Y;6;0 0.0
Y;6;1 0.0008555276049964455
Y;6;2 0.0
Y;6;3 4.995809479672296e-05
Y;6;4 0.00027515915000552815
Y;6;5 0.0
Y;7;0 0.0
Y;7;1 0.0
Y;7;2 0.0
Y;7;3 3.685539580982617e-05
Y;7;4 0.0
Y;7;5 0.0
Y;8;0 0.0
Y;8;1 0.0
Y;8;2 2.4570263873217446e-05
Y;8;3 0.0001235226513432149
Y;8;4 0.0005503183000110563
Y;8;5 0.008726027983166615
Y;9;0 0.0
Y;9;1 0.00039975151469014587
Y;9;2 8.599592355626106e-05
Y;9;3 0.0
Y;9;4 0.0
Y;9;5 0.0
Y;10;0 0.0
Y;10;1 0.0
Y;10;2 0.0
Y;10;3 0.00011566215262493452
Y;10;4 0.0006436161521576323
Y;10;5 0.0
Y;11;0 0.0
Y;11;1 0.0
Y;11;2 0.0
Y;11;3 0.0
Y;11;4 0.0
Y;11;5 0.0
Y;12;0 0.0
Y;12;1 0.0
Y;12;2 0.0
Y;12;3 0.00011056618742947851
Y;12;4 0.0
Y;12;5 0.0
Y;13;0 0.0
Y;13;1 0.00021453871738587744
Y;13;2 9.828105549286978e-05
Y;13;3 0.0
Y;13;4 0.0
Y;13;5 0.0
Y;14;0 0.0
Y;14;1 0.0
Y;14;2 0.0
Y;14;3 0.0
Y;14;4 0.00010221390529879497
Y;14;5 0.0
Y;15;0 0.0
Y;15;1 0.0004587867110611927
Y;15;2 0.0001729317118805008
Y;15;3 2.4570263873217446e-05
Y;15;4 0.0
Y;15;5 0.0
Y;16;0 0.0
Y;16;1 0.0
Y;16;2 0.0
Y;16;3 9.828105549286978e-05
Y;16;4 0.0
Y;16;5 0.0
Y;17;0 0.0
Y;17;1 0.0
Y;17;2 3.685539580982617e-05
Y;17;3 0.0
Y;17;4 9.991618959344592e-05
Y;17;5 0.0
Y;18;0 0.0
Y;18;1 0.00017110552099928908
Y;18;2 9.88181210745719e-05
Y;18;3 7.371079161965234e-05
Y;18;4 0.0
Y;18;5 0.0
Y;19;0 0.0
Y;19;1 0.0
Y;19;2 0.0
Y;19;3 0.0001235226513432149
Y;19;4 0.001356786311618166
Y;19;5 0.0
Z;0;0 0.0
Z;0;1 0.0
Z;0;2 0.00011178348689656012
Z;0;3 8.599592355626106e-05
Z;0;4 0.00012927146063256587
Z;0;5 0.0
Z;1;0 0.0
Z;1;1 0.0
Z;1;2 2.4570263873217446e-05
Z;1;3 0.0
Z;1;4 0.0019370744393447516
Z;1;5 0.0
Z;2;0 0.0
Z;2;1 0.0
Z;2;2 0.0
Z;2;3 0.0
Z;2;4 0.0
Z;2;5 0.0
Z;3;0 0.0
Z;3;1 0.00034221104199857815
Z;3;2 0.0
Z;3;3 0.0
Z;3;4 0.0
Z;3;5 0.0
Z;4;0 0.0
Z;4;1 0.0006844220839971563
Z;4;2 0.0
Z;4;3 0.0
Z;4;4 0.0
Z;4;5 0.0
Z;5;0 0.0
Z;5;1 0.0
Z;5;2 3.685539580982617e-05
Z;5;3 0.0
Z;5;4 0.0001569890210009286
Z;5;5 0.0
Z;6;0 0.0
Z;6;1 0.0
Z;6;2 0.0
Z;6;3 3.685539580982617e-05
Z;6;4 0.0023266670376109154
Z;6;5 0.0
Z;7;0 0.0
Z;7;1 0.0
Z;7;2 0.0004995809479672296
Z;7;3 1.2285131936608723e-05
Z;7;4 0.0
Z;7;5 0.0
Z;8;0 0.0
Z;8;1 0.0
Z;8;2 2.4570263873217446e-05
Z;8;3 0.0001235226513432149
Z;8;4 0.0008725001391040932
Z;8;5 0.003902258186914939
Z;9;0 0.0
Z;9;1 0.0
Z;9;2 7.371079161965234e-05
Z;9;3 0.0
Z;9;4 0.00038970994446230726
Z;9;5 0.0
Z;10;0 0.0
Z;10;1 0.0004792336692953916
Z;10;2 0.0004496228531705066
Z;10;3 3.7261162298853374e-05
Z;10;4 0.0
Z;10;5 0.0
Z;11;0 0.0
Z;11;1 0.0
Z;11;2 0.00029974856878033773
Z;11;3 0.0001235226513432149
Z;11;4 0.0
Z;11;5 0.0
Z;12;0 0.0
Z;12;1 0.0
Z;12;2 0.0
Z;12;3 0.0
Z;12;4 0.000728158176184806
Z;12;5 0.0
Z;13;0 0.0
Z;13;1 0.00019987575734507293
Z;13;2 0.0
Z;13;3 2.4704530268642976e-05
Z;13;4 0.00019987575734507293
Z;13;5 0.0
Z;14;0 0.0
Z;14;1 0.00022939335553059635
Z;14;2 0.0
Z;14;3 0.0
Z;14;4 0.0006456914797815839
Z;14;5 0.0
Z;15;0 0.0
Z;15;1 0.0022599201792355434
Z;15;2 0.0
Z;15;3 2.4704530268642976e-05
Z;15;4 0.0
Z;15;5 0.0
Z;16;0 0.0
Z;16;1 0.0007515891843697329
Z;16;2 0.0
Z;16;3 0.0
Z;16;4 0.0
Z;16;5 0.0
Z;17;0 0.0
Z;17;1 0.0
Z;17;2 2.4570263873217446e-05
Z;17;3 0.0
Z;17;4 0.00011566215262493452
Z;17;5 0.0
Z;18;0 0.0
Z;18;1 0.00018539959168890283
Z;18;2 0.0
Z;18;3 2.4570263873217446e-05
Z;18;4 0.0007333342486941323
Z;18;5 0.0
Z;19;0 0.0
Z;19;1 0.0018178872723222765
Z;19;2 0.0
Z;19;3 1.2285131936608723e-05
Z;19;4 0.0
Z;19;5 0.0
W;0;0 0.0
W;0;1 0.00025969818176032526
W;0;2 1.2285131936608723e-05
W;0;3 0.0
W;0;4 0.00025854292126513173
W;0;5 0.0
W;1;0 0.0
W;1;1 0.0
W;1;2 0.0
W;1;3 0.0
W;1;4 0.000613453672981683
W;1;5 0.003575346740947006
W;2;0 0.0
W;2;1 0.0008141186892218611
W;2;2 0.0
W;2;3 0.0
W;2;4 0.0
W;2;5 0.0
W;3;0 0.0
W;3;1 0.0
W;3;2 0.0
W;3;3 0.0
W;3;4 0.00017110552099928908
W;3;5 0.0
W;4;0 0.0
W;4;1 0.0007333342486941323
W;4;2 3.685539580982617e-05
W;4;3 3.685539580982617e-05
W;4;4 0.000678393155809083
W;4;5 0.0
W;5;0 0.0
W;5;1 0.0
W;5;2 6.142565968304361e-05
W;5;3 7.371079161965234e-05
W;5;4 0.0
W;5;5 0.0
W;6;0 0.0
W;6;1 0.0023266670376109154
W;6;2 3.685539580982617e-05
W;6;3 0.0
W;6;4 0.0
W;6;5 0.0
W;7;0 0.0
W;7;1 0.0
W;7;2 0.0
W;7;3 1.2285131936608723e-05
W;7;4 0.0
W;7;5 0.0
W;8;0 0.0
W;8;1 0.001955557996517686
W;8;2 0.0
W;8;3 0.0
W;8;4 0.00025854292126513173
W;8;5 0.0014054120763055988
W;9;0 0.0
W;9;1 0.0009685372196723758
W;9;2 0.0
W;9;3 0.0
W;9;4 0.0
W;9;5 0.0
W;10;0 0.0
W;10;1 0.0
W;10;2 0.0
W;10;3 0.0008892295102244106
W;10;4 0.0003391965779045415
W;10;5 0.0
W;11;0 0.0
W;11;1 0.0
W;11;2 0.0
W;11;3 0.0001235226513432149
W;11;4 0.0
W;11;5 0.0
W;12;0 0.0
W;12;1 0.001038792727041301
W;12;2 7.411359080592893e-05
W;12;3 4.914052774643489e-05
W;12;4 0.0
W;12;5 0.0
W;13;0 0.0
W;13;1 0.00027515915000552815
W;13;2 0.0001235226513432149
W;13;3 3.685539580982617e-05
W;13;4 0.0004290774347717549
W;13;5 0.0
W;14;0 0.0
W;14;1 0.0001569890210009286
W;14;2 0.0
W;14;3 0.0
W;14;4 0.00035578612270130596
W;14;5 0.0
W;15;0 0.0
W;15;1 0.0
W;15;2 1.2285131936608723e-05
W;15;3 0.0
W;15;4 0.0023743760453317905
W;15;5 0.0
W;16;0 0.0
W;16;1 0.0003067268364908415
W;16;2 9.88181210745719e-05
W;16;3 6.142565968304361e-05
W;16;4 0.00035578612270130596
W;16;5 0.0
W;17;0 0.0
W;17;1 0.0010175897337136245
W;17;2 7.411359080592893e-05
W;17;3 6.142565968304361e-05
W;17;4 0.0
W;17;5 0.0
W;18;0 0.0
W;18;1 0.0004290774347717549
W;18;2 0.0
W;18;3 0.0
W;18;4 0.00039975151469014587
W;18;5 0.002939419709202208
W;19;0 0.0
W;19;1 0.0
W;19;2 2.4704530268642976e-05
W;19;3 0.0
W;19;4 0.0017111132469529752
W;19;5 0.0
