X;0;0 0.0
X;0;1 0.0012248026825958228
X;0;2 0.0
X;0;3 0.0
X;0;4 0.0003371792300598288
X;0;5 0.0
X;1;0 0.0
X;1;1 0.0006742645403556148
X;1;2 0.00013587491647753638
X;1;3 2.8957810993434847e-05
X;1;4 0.0
X;1;5 0.0
X;2;0 0.0
X;2;1 0.00034934016473101844
X;2;2 6.756822565134798e-05
X;2;3 1.9305207328956563e-05
X;2;4 0.0
X;2;5 0.0
X;3;0 0.002809201010744076
X;3;1 0.0
X;3;2 7.722082931582625e-05
X;3;3 1.9305207328956563e-05
X;3;4 0.00047113571374195765
X;3;5 0.0
X;4;0 0.0
X;4;1 0.000878321983291848
X;4;2 6.756822565134798e-05
X;4;3 1.9305207328956563e-05
X;4;4 0.000291342215511133
X;4;5 0.0
X;5;0 0.0
X;5;1 0.0
X;5;2 7.722082931582625e-05
X;5;3 5.7915621986869693e-05
X;5;4 0.0
X;5;5 0.0
X;6;0 0.0
X;6;1 0.0009186020119468672
X;6;2 0.00039473341910749657
X;6;3 9.652603664478282e-06
X;6;4 0.00016062185118382067
X;6;5 0.0
X;7;0 0.0
X;7;1 0.0
X;7;2 0.0
X;7;3 2.9276627520527652e-05
X;7;4 0.0011101366485065664
X;7;5 0.004837663081447537
X;8;0 0.002809201010744076
X;8;1 0.00037004554950218887
X;8;2 0.0008125634668332711
X;8;3 0.000291342215511133
X;8;4 0.0
X;8;5 0.0
X;9;0 0.0
X;9;1 0.0015061810167887521
X;9;2 9.652603664478282e-05
X;9;3 0.0
X;9;4 0.0
X;9;5 0.0
X;10;0 0.0
X;10;1 0.0006485894250130307
X;10;2 0.00023421302016422122
X;10;3 0.0
X;10;4 4.934167738843707e-05
X;10;5 0.0008229299825973495
X;11;0 0.0
X;11;1 0.0
X;11;2 0.00015704523791398587
X;11;3 7.722082931582625e-05
X;11;4 0.0002381834803524005
X;11;5 0.0010404496992560553
X;12;0 0.0
X;12;1 0.0002536645099141937
X;12;2 8.687343298030453e-05
X;12;3 7.764280941573507e-05
X;12;4 0.0
X;12;5 0.0
X;13;0 0.0
X;13;1 0.0
X;13;2 4.826301832239141e-05
X;13;3 0.00015528561883147013
X;13;4 0.0002040485713831127
X;13;5 0.0
X;14;0 0.0
X;14;1 0.0
X;14;2 3.861041465791313e-05
X;14;3 9.652603664478282e-05
X;14;4 0.0
X;14;5 0.0
X;15;0 0.0
X;15;1 0.0004819993144856081
X;15;2 0.00021351772589327144
X;15;3 9.652603664478282e-06
X;15;4 0.0
X;15;5 0.0
X;16;0 0.0
X;16;1 0.0002040485713831127
X;16;2 3.882140470786753e-05
X;16;3 8.687343298030453e-05
X;16;4 0.0005590924785306236
X;16;5 0.0
X;17;0 0.0
X;17;1 0.0002536645099141937
X;17;2 0.00017469632118540388
X;17;3 3.861041465791313e-05
X;17;4 0.0
X;17;5 0.0
X;18;0 0.0
X;18;1 0.0011181849570612472
X;18;2 0.0001756597651231659
X;18;3 3.861041465791313e-05
X;18;4 0.0
X;18;5 0.0
X;19;0 0.0
X;19;1 0.00019206373180084417
X;19;2 3.861041465791313e-05
X;19;3 6.756822565134798e-05
X;19;4 0.0004080971427662254
X;19;5 0.0
Y;0;0 0.0
Y;0;1 0.0
Y;0;2 0.0
Y;0;3 0.0
Y;0;4 0.0006121457141493381
Y;0;5 0.0
Y;1;0 0.0
Y;1;1 0.0
Y;1;2 1.9305207328956563e-05
Y;1;3 0.0
Y;1;4 0.0002381834803524005
Y;1;5 0.0
Y;2;0 0.0
Y;2;1 0.0002467083869421853
Y;2;2 0.0
Y;2;3 1.9305207328956563e-05
Y;2;4 0.0
Y;2;5 0.0
Y;3;0 0.0
Y;3;1 0.00024669703300145924
Y;3;2 0.0
Y;3;3 0.0
Y;3;4 0.00024099965724280406
Y;3;5 0.0
Y;4;0 0.0
Y;4;1 0.00022851194119392917
Y;4;2 0.0
Y;4;3 0.0
Y;4;4 0.00015704523791398587
Y;4;5 0.0
Y;5;0 0.0
Y;5;1 0.0
Y;5;2 0.0
Y;5;3 0.0
Y;5;4 0.0005761911954025326
Y;5;5 0.0
Y;6;0 0.0
Y;6;1 0.0010755204177098172
Y;6;2 0.0
Y;6;3 7.85055775377075e-05
Y;6;4 0.00021619647500434357
Y;6;5 0.0
Y;7;0 0.0
Y;7;1 0.0
Y;7;2 0.0
Y;7;3 3.861041465791313e-05
Y;7;4 0.0
Y;7;5 0.0
Y;8;0 0.0
Y;8;1 0.00022851194119392917
Y;8;2 0.00010617864030926111
Y;8;3 1.9410702353933766e-05
Y;8;4 0.00021619647500434357
Y;8;5 0.0
Y;9;0 0.0
Y;9;1 0.00031409047582797175
Y;9;2 0.00010617864030926111
Y;9;3 0.0
Y;9;4 0.0
Y;9;5 0.0
Y;10;0 0.0
Y;10;1 0.0
Y;10;2 0.0
Y;10;3 0.00018175481126775426
Y;10;4 0.0001685661350889037
Y;10;5 0.0
Y;11;0 0.0
Y;11;1 0.0006887494441604405
Y;11;2 0.0
Y;11;3 0.0
Y;11;4 0.0
Y;11;5 0.0
Y;12;0 0.0
Y;12;1 0.0
Y;12;2 0.0
Y;12;3 4.826301832239141e-05
Y;12;4 0.001004120677859168
Y;12;5 0.0
Y;13;0 0.0
Y;13;1 0.0
Y;13;2 1.9305207328956563e-05
Y;13;3 0.0
Y;13;4 0.0011523823908050651
Y;13;5 0.0
Y;14;0 0.0
Y;14;1 0.0003062006706489557
Y;14;2 0.0
Y;14;3 0.0
Y;14;4 0.00024093277677573102
Y;14;5 0.0
Y;15;0 0.0
Y;15;1 0.00036047527297665145
Y;15;2 0.00021351772589327144
Y;15;3 9.652603664478282e-06
Y;15;4 0.0
Y;15;5 0.0
Y;16;0 0.0
Y;16;1 0.0
Y;16;2 0.0
Y;16;3 5.7915621986869693e-05
Y;16;4 0.0005540861497545624
Y;16;5 0.0
Y;17;0 0.0
Y;17;1 0.0
Y;17;2 1.9305207328956563e-05
Y;17;3 0.0
Y;17;4 0.00023551673261312252
Y;17;5 0.0021903195995298394
Y;18;0 0.0
Y;18;1 0.0
Y;18;2 1.9410702353933766e-05
Y;18;3 6.756822565134798e-05
Y;18;4 0.001677277435591871
Y;18;5 0.0
Y;19;0 0.0
Y;19;1 0.00018023763648832572
Y;19;2 0.0
Y;19;3 0.00013587491647753638
Y;19;4 0.0005330231938499938
Y;19;5 0.0
Z;0;0 0.0
Z;0;1 0.0013909455955775831
Z;0;2 0.00014638313760263825
Z;0;3 3.861041465791313e-05
Z;0;4 0.00010157043335415889
Z;0;5 0.0
Z;1;0 0.0
Z;1;1 0.0005330231938499938
Z;1;2 0.00010617864030926111
Z;1;3 0.0
Z;1;4 0.0
Z;1;5 0.0
Z;2;0 0.002447178592790358
Z;2;1 0.00038412746360168835
Z;2;2 0.0
Z;2;3 0.0
Z;2;4 0.0005073290198283874
Z;2;5 0.0
Z;3;0 0.0
Z;3;1 0.00013444005221372715
Z;3;2 0.0
Z;3;3 0.0
Z;3;4 0.0
Z;3;5 0.0
Z;4;0 0.0
Z;4;1 0.00013444005221372715
Z;4;2 0.0
Z;4;3 0.0
Z;4;4 0.00024099965724280406
Z;4;5 0.0
Z;5;0 0.0
Z;5;1 0.0014638699721530798
Z;5;2 5.7915621986869693e-05
Z;5;3 0.0
Z;5;4 0.00012334851650072962
Z;5;5 0.0
Z;6;0 0.0
Z;6;1 0.0
Z;6;2 7.85055775377075e-05
Z;6;3 0.00011583124397373939
Z;6;4 0.0
Z;6;5 0.0
Z;7;0 0.0
Z;7;1 0.0
Z;7;2 3.925278876885375e-05
Z;7;3 0.00012548384763821766
Z;7;4 0.0
Z;7;5 0.0
Z;8;0 0.0
Z;8;1 0.0002536645099141937
Z;8;2 0.00010617864030926111
Z;8;3 1.9410702353933766e-05
Z;8;4 0.00022851194119392917
Z;8;5 0.0
Z;9;0 0.0
Z;9;1 0.00010157043335415889
Z;9;2 9.652603664478282e-06
Z;9;3 0.0
Z;9;4 0.0015310033532447787
Z;9;5 0.0
Z;10;0 0.007722626998901466
Z;10;1 0.0015061629606426593
Z;10;2 0.00011775836630656126
Z;10;3 2.9276627520527652e-05
Z;10;4 0.0
Z;10;5 0.0
Z;11;0 0.0
Z;11;1 0.0
Z;11;2 0.0004317806764573913
Z;11;3 5.8232107061801306e-05
Z;11;4 0.0
Z;11;5 0.0
Z;12;0 0.0
Z;12;1 0.0
Z;12;2 0.0
Z;12;3 0.0
Z;12;4 0.0
Z;12;5 0.0
Z;13;0 0.0
Z;13;1 0.0007852261895699294
Z;13;2 0.0
Z;13;3 3.882140470786753e-05
Z;13;4 0.0
Z;13;5 0.0
Z;14;0 0.0
Z;14;1 0.0005407129094649771
Z;14;2 0.0
Z;14;3 0.0
Z;14;4 0.0
Z;14;5 0.0
Z;15;0 0.0
Z;15;1 0.0
Z;15;2 0.0
Z;15;3 0.00015528561883147013
Z;15;4 0.0017386819944719789
Z;15;5 0.0
Z;16;0 0.0
Z;16;1 0.0
Z;16;2 0.0
Z;16;3 0.0
Z;16;4 0.0
Z;16;5 0.0
Z;17;0 0.0
Z;17;1 0.0
Z;17;2 1.9305207328956563e-05
Z;17;3 0.0
Z;17;4 9.087740563387713e-05
Z;17;5 0.0
Z;18;0 0.0
Z;18;1 0.0
Z;18;2 0.0
Z;18;3 3.861041465791313e-05
Z;18;4 0.0009603186590042209
Z;18;5 0.0
Z;19;0 0.0
Z;19;1 0.0006121457141493381
Z;19;2 0.0
Z;19;3 3.861041465791313e-05
Z;19;4 0.0003062006706489557
Z;19;5 0.0
W;0;0 0.0
W;0;1 0.0
W;0;2 1.9305207328956563e-05
W;0;3 0.0
W;0;4 0.0006094226001249534
W;0;5 0.0021903195995298394
W;1;0 0.0
W;1;1 0.0005330231938499938
W;1;2 0.0
W;1;3 0.0
W;1;4 0.0
W;1;5 0.0
W;2;0 0.0
W;2;1 0.0
W;2;2 0.0
W;2;3 0.0
W;2;4 0.00024099965724280406
W;2;5 0.0
W;3;0 0.0026099656970706747
W;3;1 0.00021619647500434357
W;3;2 0.0
W;3;3 0.0
W;3;4 0.0002688801044274543
W;3;5 0.0
W;4;0 0.0
W;4;1 0.00038412746360168835
W;4;2 1.9305207328956563e-05
W;4;3 6.756822565134798e-05
W;4;4 0.0007995347907749907
W;4;5 0.0
W;5;0 0.0
W;5;1 0.0004528998235875953
W;5;2 6.756822565134798e-05
W;5;3 4.826301832239141e-05
W;5;4 0.00019206373180084417
W;5;5 0.0
W;6;0 0.009009731498718377
W;6;1 0.0009140477647757167
W;6;2 9.652603664478282e-06
W;6;3 9.652603664478282e-06
W;6;4 0.0003062006706489557
W;6;5 0.0
W;7;0 0.0
W;7;1 0.0
W;7;2 0.0
W;7;3 9.652603664478282e-06
W;7;4 0.0
W;7;5 0.0
W;8;0 0.0019910842858564376
W;8;1 0.0005761911954025326
W;8;2 0.001256361903311887
W;8;3 0.0002688801044274543
W;8;4 0.0
W;8;5 0.0
W;9;0 0.0
W;9;1 0.0002536645099141937
W;9;2 0.0
W;9;3 0.0
W;9;4 0.0003477363988943958
W;9;5 0.0
W;10;0 0.0
W;10;1 0.0
W;10;2 4.934167738843707e-05
W;10;3 0.00020960409883861108
W;10;4 0.0010660463876999875
W;10;5 0.006625514074012109
W;11;0 0.0
W;11;1 0.0
W;11;2 0.0
W;11;3 3.882140470786753e-05
W;11;4 0.0
W;11;5 0.0
W;12;0 0.0
W;12;1 0.0
W;12;2 7.764280941573507e-05
W;12;3 8.687343298030453e-05
W;12;4 0.0002536645099141937
W;12;5 0.0
W;13;0 0.0
W;13;1 0.0006485894250130307
W;13;2 0.00017469632118540388
W;13;3 1.9305207328956563e-05
W;13;4 0.0
W;13;5 0.0
W;14;0 0.0
W;14;1 0.0004933940660029185
W;14;2 0.0
W;14;3 0.0
W;14;4 0.0
W;14;5 0.0
W;15;0 0.0
W;15;1 0.002434154792260771
W;15;2 5.7915621986869693e-05
W;15;3 0.0
W;15;4 0.0
W;15;5 0.0
W;16;0 0.0
W;16;1 0.00024099965724280406
W;16;2 3.882140470786753e-05
W;16;3 8.687343298030453e-05
W;16;4 0.0005590924785306236
W;16;5 0.0
W;17;0 0.0
W;17;1 0.0
W;17;2 0.00013587491647753638
W;17;3 5.7915621986869693e-05
W;17;4 0.00021619647500434357
W;17;5 0.0
W;18;0 0.0
W;18;1 0.0
W;18;2 0.0
W;18;3 0.0
W;18;4 0.0007852261895699294
W;18;5 0.0
W;19;0 0.0
W;19;1 0.00040630540111387186
W;19;2 7.764280941573507e-05
W;19;3 0.0
W;19;4 0.0005761911954025326
W;19;5 0.0
