X;0;0 0.0
X;0;1 0.0003297545683911831
X;0;2 0.0
X;0;3 0.0
X;0;4 0.0
X;0;5 0.0
X;1;0 0.0
X;1;1 0.0005445982825949197
X;1;2 8.361533321694547e-05
X;1;3 5.1975558193344604e-05
X;1;4 0.0001568765775829178
X;1;5 0.0
X;2;0 0.0
X;2;1 7.52424970189886e-05
X;2;2 7.276578147068243e-05
X;2;3 5.1975558193344604e-05
X;2;4 0.0
X;2;5 0.0
X;3;0 0.0
X;3;1 0.0
X;3;2 4.158044655467568e-05
X;3;3 3.118533491600676e-05
X;3;4 0.001014753844982678
X;3;5 0.0
X;4;0 0.006736658411010683
X;4;1 0.0006305901418505576
X;4;2 3.118533491600676e-05
X;4;3 4.158044655467568e-05
X;4;4 0.0001568765775829178
X;4;5 0.0
X;5;0 0.0
X;5;1 0.0009079932357823781
X;5;2 5.1975558193344604e-05
X;5;3 5.1975558193344604e-05
X;5;4 0.00019410207006435078
X;5;5 0.0
X;6;0 0.0
X;6;1 0.0006595091367823662
X;6;2 0.0003188231462022088
X;6;3 1.039511163866892e-05
X;6;4 8.648868909898037e-05
X;6;5 0.0036764508321108866
X;7;0 0.0
X;7;1 0.0
X;7;2 0.00013283686392386268
X;7;3 9.458602737401242e-05
X;7;4 0.0010626949113909014
X;7;5 0.001302447752697414
X;8;0 0.0
X;8;1 0.00013283686392386268
X;8;2 0.0006563012616730268
X;8;3 0.0001568765775829178
X;8;4 0.0003382512816608927
X;8;5 0.005675913852956883
X;9;0 0.0
X;9;1 0.0
X;9;2 4.158044655467568e-05
X;9;3 0.0
X;9;4 0.0003137531551658356
X;9;5 0.0
X;10;0 0.0
X;10;1 0.0006984809192448024
X;10;2 0.0001261147031653499
X;10;3 0.0
X;10;4 5.313719103370146e-05
X;10;5 0.0026586968668529756
X;11;0 0.0
X;11;1 0.0
X;11;2 0.00016912564083044636
X;11;3 1.039511163866892e-05
X;11;4 0.0004488842514333702
X;11;5 0.0044819371660260844
X;12;0 0.0
X;12;1 0.0
X;12;2 2.079022327733784e-05
X;12;3 0.00016723066643389094
X;12;4 0.0006592338460069795
X;12;5 0.0
X;13;0 0.0
X;13;1 0.0007261310434598929
X;13;2 5.1975558193344604e-05
X;13;3 2.0903833304236367e-05
X;13;4 0.0006592338460069795
X;13;5 0.0
X;14;0 0.0020526002118796977
X;14;1 0.00038820414012870157
X;14;2 3.118533491600676e-05
X;14;3 6.237066983201352e-05
X;14;4 0.0003010497961318743
X;14;5 0.0
X;15;0 0.0
X;15;1 0.0007786142772459824
X;15;2 0.0001254229998254182
X;15;3 3.118533491600676e-05
X;15;4 0.00018153276086497322
X;15;5 0.0
X;16;0 0.0
X;16;1 0.00021974461533565986
X;16;2 8.361533321694547e-05
X;16;3 7.276578147068243e-05
X;16;4 0.0003010497961318743
X;16;5 0.0
X;17;0 0.0
X;17;1 0.0002731771645229778
X;17;2 0.00010451916652118183
X;17;3 3.118533491600676e-05
X;17;4 0.0009843591312969258
X;17;5 0.0
X;18;0 0.0
X;18;1 0.0003010497961318743
X;18;2 9.458602737401242e-05
X;18;3 6.237066983201352e-05
X;18;4 0.0004343447840751185
X;18;5 0.0
X;19;0 0.0
X;19;1 0.0006205135950488812
X;19;2 4.158044655467568e-05
X;19;3 3.118533491600676e-05
X;19;4 0.0006592338460069795
X;19;5 0.0
Y;0;0 0.0
Y;0;1 0.00036306552172994644
Y;0;2 0.0
Y;0;3 0.0
Y;0;4 0.0
Y;0;5 0.0
Y;1;0 0.0
Y;1;1 0.00019410207006435078
Y;1;2 4.158044655467568e-05
Y;1;3 0.0
Y;1;4 0.0001923789649000158
Y;1;5 0.0
Y;2;0 0.0
Y;2;1 5.313719103370146e-05
Y;2;2 0.0
Y;2;3 5.1975558193344604e-05
Y;2;4 0.0
Y;2;5 0.0
Y;3;0 0.0
Y;3;1 0.00013283686392386268
Y;3;2 0.0
Y;3;3 0.0
Y;3;4 0.0015572285544919648
Y;3;5 0.0
Y;4;0 0.0
Y;4;1 0.0
Y;4;2 0.0
Y;4;3 0.0
Y;4;4 0.0003382512816608927
Y;4;5 0.0
Y;5;0 0.0
Y;5;1 0.0007797405925157008
Y;5;2 0.0
Y;5;3 0.0
Y;5;4 0.00020683786501629375
Y;5;5 0.004974402584803737
Y;6;0 0.0
Y;6;1 0.000868689568150237
Y;6;2 0.0
Y;6;3 8.454446811753117e-05
Y;6;4 0.0006984809192448024
Y;6;5 0.0
Y;7;0 0.0
Y;7;1 0.0
Y;7;2 0.0
Y;7;3 5.1975558193344604e-05
Y;7;4 0.0
Y;7;5 0.0
Y;8;0 0.0
Y;8;1 0.0
Y;8;2 0.00011434622802535812
Y;8;3 4.1807666608472735e-05
Y;8;4 0.0
Y;8;5 0.0
Y;9;0 0.0
Y;9;1 0.00016912564083044636
Y;9;2 9.355600474802028e-05
Y;9;3 0.0
Y;9;4 0.00028701248899615055
Y;9;5 0.0030252933961859283
Y;10;0 0.0
Y;10;1 0.0
Y;10;2 0.0
Y;10;3 0.00019573595059604307
Y;10;4 0.0005445982825949197
Y;10;5 0.0
Y;11;0 0.0
Y;11;1 0.0
Y;11;2 0.0
Y;11;3 0.0
Y;11;4 0.0
Y;11;5 0.0
Y;12;0 0.0
Y;12;1 0.0
Y;12;2 0.0
Y;12;3 4.158044655467568e-05
Y;12;4 0.0
Y;12;5 0.0
Y;13;0 0.0024872012924018684
Y;13;1 0.00036306552172994644
Y;13;2 6.237066983201352e-05
Y;13;3 0.0
Y;13;4 0.0004136757300325875
Y;13;5 0.0
Y;14;0 0.0
Y;14;1 0.0009892637051735493
Y;14;2 0.0
Y;14;3 0.0
Y;14;4 0.0
Y;14;5 0.0
Y;15;0 0.0
Y;15;1 0.0007764082802574031
Y;15;2 0.00010451916652118183
Y;15;3 3.118533491600676e-05
Y;15;4 0.00028701248899615055
Y;15;5 0.0
Y;16;0 0.0
Y;16;1 0.0
Y;16;2 0.0
Y;16;3 3.118533491600676e-05
Y;16;4 0.0
Y;16;5 0.0
Y;17;0 0.0
Y;17;1 0.0003593427017246001
Y;17;2 9.355600474802028e-05
Y;17;3 0.0
Y;17;4 4.2272234058765585e-05
Y;17;5 0.0
Y;18;0 0.0
Y;18;1 0.00028956318938341233
Y;18;2 0.00016723066643389094
Y;18;3 3.118533491600676e-05
Y;18;4 0.0
Y;18;5 0.0
Y;19;0 0.0
Y;19;1 0.00019410207006435078
Y;19;2 0.0
Y;19;3 6.27114999127091e-05
Y;19;4 0.0008610374669884516
Y;19;5 0.0
Z;0;0 0.0
Z;0;1 0.0
Z;0;2 0.0001261147031653499
Z;0;3 3.118533491600676e-05
Z;0;4 0.0005469177180608556
Z;0;5 0.0020526002118796977
Z;1;0 0.0
Z;1;1 0.0008610374669884516
Z;1;2 4.158044655467568e-05
Z;1;3 0.0
Z;1;4 0.0010927086580919112
Z;1;5 0.0
Z;2;0 0.0
Z;2;1 0.0
Z;2;2 0.0
Z;2;3 0.0
Z;2;4 0.001639062987137867
Z;2;5 0.0
Z;3;0 0.0
Z;3;1 0.0
Z;3;2 0.0
Z;3;3 0.0
Z;3;4 0.00021974461533565986
Z;3;5 0.0
Z;4;0 0.0
Z;4;1 0.00028956318938341233
Z;4;2 0.0
Z;4;3 0.0
Z;4;4 0.0
Z;4;5 0.0
Z;5;0 0.0
Z;5;1 0.0006305901418505576
Z;5;2 7.276578147068243e-05
Z;5;3 0.0
Z;5;4 0.0
Z;5;5 0.0
Z;6;0 0.0
Z;6;1 0.0
Z;6;2 0.00016908893623506234
Z;6;3 2.079022327733784e-05
Z;6;4 0.0009843591312969258
Z;6;5 0.004581232251885044
Z;7;0 0.0
Z;7;1 0.0
Z;7;2 4.2272234058765585e-05
Z;7;3 0.00012474133966402704
Z;7;4 0.0
Z;7;5 0.0
Z;8;0 0.0
Z;8;1 0.0
Z;8;2 0.00011434622802535812
Z;8;3 4.1807666608472735e-05
Z;8;4 0.0
Z;8;5 0.0
Z;9;0 0.0
Z;9;1 0.00021876708722434222
Z;9;2 7.276578147068243e-05
Z;9;3 0.0
Z;9;4 0.0
Z;9;5 0.0
Z;10;0 0.005544450153057463
Z;10;1 0.0016220216499228642
Z;10;2 8.454446811753117e-05
Z;10;3 3.1528675791337475e-05
Z;10;4 0.0009754765431117438
Z;10;5 0.0
Z;11;0 0.0
Z;11;1 0.0
Z;11;2 8.454446811753117e-05
Z;11;3 0.00022994216634660003
Z;11;4 0.0
Z;11;5 0.0
Z;12;0 0.0
Z;12;1 0.0
Z;12;2 0.0
Z;12;3 0.0
Z;12;4 0.0
Z;12;5 0.0
Z;13;0 0.0
Z;13;1 0.0003382512816608927
Z;13;2 0.0
Z;13;3 0.00014632683312965457
Z;13;4 0.0003382512816608927
Z;13;5 0.0
Z;14;0 0.0
Z;14;1 0.0007764082802574031
Z;14;2 0.0
Z;14;3 0.0
Z;14;4 0.0010927086580919112
Z;14;5 0.0
Z;15;0 0.0
Z;15;1 0.001365885822614889
Z;15;2 0.0
Z;15;3 6.27114999127091e-05
Z;15;4 0.0007489707053110064
Z;15;5 0.0033019107735434102
Z;16;0 0.0
Z;16;1 0.0
Z;16;2 0.0
Z;16;3 0.0
Z;16;4 0.0026135358009085658
Z;16;5 0.0
Z;17;0 0.0
Z;17;1 0.0003297545683911831
Z;17;2 9.355600474802028e-05
Z;17;3 0.0
Z;17;4 9.786797529802153e-05
Z;17;5 0.0
Z;18;0 0.0
Z;18;1 0.0004706297327487534
Z;18;2 0.0
Z;18;3 3.118533491600676e-05
Z;18;4 0.000827351460065175
Z;18;5 0.0
Z;19;0 0.0
Z;19;1 0.0006592338460069795
Z;19;2 0.0
Z;19;3 4.158044655467568e-05
Z;19;4 0.0009892637051735493
Z;19;5 0.0
W;0;0 0.002635423099928078
W;0;1 0.0008789784613426394
W;0;2 4.158044655467568e-05
W;0;3 0.0
W;0;4 0.0
W;0;5 0.0
W;1;0 0.0
W;1;1 0.00028701248899615055
W;1;2 0.0
W;1;3 0.0
W;1;4 0.0007786142772459824
W;1;5 0.0
W;2;0 0.0
W;2;1 0.0010333044901662083
W;2;2 0.0
W;2;3 0.0
W;2;4 0.000519076184830655
W;2;5 0.0
W;3;0 0.0
W;3;1 0.0009313078923264031
W;3;2 0.0
W;3;3 0.0
W;3;4 0.0
W;3;5 0.0
W;4;0 0.0
W;4;1 0.00020683786501629375
W;4;2 4.158044655467568e-05
W;4;3 3.118533491600676e-05
W;4;4 0.0005740249779923011
W;4;5 0.007461603877205605
W;5;0 0.0
W;5;1 0.0
W;5;2 5.1975558193344604e-05
W;5;3 6.237066983201352e-05
W;5;4 0.0004136757300325875
W;5;5 0.0
W;6;0 0.004158337614793097
W;6;1 0.0009843591312969258
W;6;2 2.079022327733784e-05
W;6;3 4.158044655467568e-05
W;6;4 0.0
W;6;5 0.0
W;7;0 0.0
W;7;1 0.0017220749339769033
W;7;2 0.0
W;7;3 1.039511163866892e-05
W;7;4 0.0
W;7;5 0.0
W;8;0 0.0
W;8;1 0.00020683786501629375
W;8;2 0.0008456282041522318
W;8;3 0.00028956318938341233
W;8;4 0.00021876708722434222
W;8;5 0.0035675845013911356
W;9;0 0.0
W;9;1 0.0010927086580919112
W;9;2 0.0
W;9;3 0.0
W;9;4 0.0
W;9;5 0.0
W;10;0 0.0
W;10;1 0.0007797405925157008
W;10;2 5.313719103370146e-05
W;10;3 0.0001504849940379772
W;10;4 0.0011480499559846022
W;10;5 0.004756779335188181
W;11;0 0.0
W;11;1 0.0
W;11;2 0.0
W;11;3 2.0903833304236367e-05
W;11;4 0.0
W;11;5 0.0
W;12;0 0.0
W;12;1 0.0006592338460069795
W;12;2 0.00016723066643389094
W;12;3 2.079022327733784e-05
W;12;4 0.0
W;12;5 0.0
W;13;0 0.0
W;13;1 0.0006984809192448024
W;13;2 2.0903833304236367e-05
W;13;3 7.276578147068243e-05
W;13;4 0.00036306552172994644
W;13;5 0.0
W;14;0 0.0
W;14;1 0.0005313474556954507
W;14;2 0.0
W;14;3 0.0
W;14;4 0.000903149388395623
W;14;5 0.0
W;15;0 0.0030252933961859283
W;15;1 0.0007489707053110064
W;15;2 3.118533491600676e-05
W;15;3 0.0
W;15;4 0.0014350624449807527
W;15;5 0.0
W;16;0 0.0
W;16;1 0.0002595380924153275
W;16;2 8.361533321694547e-05
W;16;3 7.276578147068243e-05
W;16;4 0.0003010497961318743
W;16;5 0.0
W;17;0 0.0
W;17;1 0.0005740249779923011
W;17;2 8.361533321694547e-05
W;17;3 3.118533491600676e-05
W;17;4 0.0006984809192448024
W;17;5 0.0028107322891530347
W;18;0 0.00369178106980126
W;18;1 0.00036306552172994644
W;18;2 0.0
W;18;3 0.0
W;18;4 0.0006765025633217854
W;18;5 0.0
W;19;0 0.0
W;19;1 0.0008751193254760318
W;19;2 0.00010451916652118183
W;19;3 0.0
W;19;4 0.0006205135950488812
W;19;5 0.0
