X;0;0 0.0
X;0;1 0.0013190182735647324
X;0;2 0.0
X;0;3 0.0
X;0;4 0.00012103869797019495
X;0;5 0.0
X;1;0 0.0
X;1;1 0.00036306552172994644
X;1;2 0.00014632683312965457
X;1;3 2.5987779096672302e-05
X;1;4 0.0002353148663743767
X;1;5 0.0
X;2;0 0.0
X;2;1 0.00037621248509494296
X;2;2 4.158044655467568e-05
X;2;3 2.5987779096672302e-05
X;2;4 0.00027229914129745983
X;2;5 0.0
X;3;0 0.0
X;3;1 0.00011641348654080039
X;3;2 3.118533491600676e-05
X;3;3 4.677800237401014e-05
X;3;4 0.0008456282041522318
X;3;5 0.0
X;4;0 0.0
X;4;1 0.0003152950709252788
X;4;2 6.756822565134798e-05
X;4;3 5.1975558193344604e-05
X;4;4 7.84382887914589e-05
X;4;5 0.0
X;5;0 0.0
X;5;1 0.00022699830894559451
X;5;2 5.19755581933446e-06
X;5;3 9.875356056735474e-05
X;5;4 0.00029115310509652615
X;5;5 0.002635423099928078
X;6;0 0.0
X;6;1 0.00016487728419559155
X;6;2 0.0003188231462022088
X;6;3 5.717311401267906e-05
X;6;4 8.648868909898037e-05
X;6;5 0.0
X;7;0 0.0
X;7;1 0.0
X;7;2 0.0003320921598096567
X;7;3 0.00028375808212203725
X;7;4 0.00019925529588579402
X;7;5 0.0
X;8;0 0.0
X;8;1 0.0
X;8;2 0.00010938354361217111
X;8;3 0.0013334509094548013
X;8;4 0.0005919397429065622
X;8;5 0.0
X;9;0 0.0
X;9;1 0.0
X;9;2 5.1975558193344604e-05
X;9;3 0.0
X;9;4 0.0
X;9;5 0.0
X;10;0 0.0
X;10;1 0.0
X;10;2 1.5764337895668738e-05
X;10;3 0.0
X;10;4 0.00013284297758425366
X;10;5 0.00443116144475496
X;11;0 0.0
X;11;1 0.0
X;11;2 0.0010993166653979012
X;11;3 6.237066983201352e-05
X;11;4 3.20631608166693e-05
X;11;5 0.0
X;12;0 0.0
X;12;1 0.0002731771645229778
X;12;2 9.875356056735474e-05
X;12;3 5.2259583260590916e-05
X;12;4 0.0
X;12;5 0.0
X;13;0 0.00184589053490063
X;13;1 0.0006353646630274063
X;13;2 4.677800237401014e-05
X;13;3 8.361533321694547e-05
X;13;4 0.00010987230766782993
X;13;5 0.0
X;14;0 0.0
X;14;1 0.0006793572452252277
X;14;2 5.717311401267906e-05
X;14;3 3.638289073534122e-05
X;14;4 0.00015052489806593715
X;14;5 0.0
X;15;0 0.0
X;15;1 0.0002595380924153275
X;15;2 0.00013587491647753638
X;15;3 4.158044655467568e-05
X;15;4 0.00027229914129745983
X;15;5 0.0
X;16;0 0.0
X;16;1 0.00032961692300348974
X;16;2 0.00011497108317330001
X;16;3 6.237066983201352e-05
X;16;4 0.0
X;16;5 0.0
X;17;0 0.0
X;17;1 0.0
X;17;2 0.00010451916652118183
X;17;3 7.79633372900169e-05
X;17;4 0.00012304489141211572
X;17;5 0.0
X;18;0 0.0
X;18;1 0.0007526244903296857
X;18;2 0.00011035036526968116
X;18;3 3.118533491600676e-05
X;18;4 0.0005791263787668247
X;18;5 0.0
X;19;0 0.0
X;19;1 0.0003102567975244406
X;19;2 6.756822565134798e-05
X;19;3 3.638289073534122e-05
X;19;4 0.00032961692300348974
X;19;5 0.0
Y;0;0 0.0
Y;0;1 0.00018153276086497322
Y;0;2 0.0
Y;0;3 0.0
Y;0;4 0.00032961692300348974
Y;0;5 0.0
Y;1;0 0.0
Y;1;1 0.00029115310509652615
Y;1;2 2.5987779096672302e-05
Y;1;3 0.0
Y;1;4 0.0002244421257166851
Y;1;5 0.0
Y;2;0 0.0
Y;2;1 0.0002656859551685073
Y;2;2 0.0
Y;2;3 2.5987779096672302e-05
Y;2;4 0.00032961692300348974
Y;2;5 0.0
Y;3;0 0.0
Y;3;1 0.00013283686392386268
Y;3;2 0.0
Y;3;3 0.0
Y;3;4 0.0007786142772459824
Y;3;5 0.0
Y;4;0 0.0
Y;4;1 0.0006152244570605786
Y;4;2 0.0
Y;4;3 0.0
Y;4;4 0.0004228141020761159
Y;4;5 0.0
Y;5;0 0.0
Y;5;1 0.0003898702962578504
Y;5;2 0.0
Y;5;3 0.0
Y;5;4 0.000827351460065175
Y;5;5 0.0012436006462009342
Y;6;0 0.0
Y;6;1 7.239079734585308e-05
Y;6;2 0.0
Y;6;3 0.00035931398949950744
Y;6;4 0.00011641348654080039
Y;6;5 0.0
Y;7;0 0.0
Y;7;1 0.0
Y;7;2 0.0
Y;7;3 7.79633372900169e-05
Y;7;4 0.00026135358009085657
Y;7;5 0.0
Y;8;0 0.0
Y;8;1 0.0
Y;8;2 7.79633372900169e-05
Y;8;3 8.361533321694547e-05
Y;8;4 0.0003492404596224012
Y;8;5 0.0
Y;9;0 0.0
Y;9;1 8.456282041522318e-05
Y;9;2 5.1975558193344604e-05
Y;9;3 0.0
Y;9;4 0.001578568689478828
Y;9;5 0.0
Y;10;0 0.0
Y;10;1 0.0
Y;10;2 0.0
Y;10;3 4.8933987649010766e-05
Y;10;4 0.0
Y;10;5 0.0
Y;11;0 0.0
Y;11;1 0.0
Y;11;2 0.0
Y;11;3 0.0
Y;11;4 0.0005589959370882968
Y;11;5 0.0
Y;12;0 0.0
Y;12;1 0.0
Y;12;2 0.0
Y;12;3 0.00010395111638668921
Y;12;4 0.00027034018250054527
Y;12;5 0.0
Y;13;0 0.0
Y;13;1 0.0
Y;13;2 3.638289073534122e-05
Y;13;3 0.0
Y;13;4 0.0
Y;13;5 0.0
Y;14;0 0.0
Y;14;1 0.00016487728419559155
Y;14;2 0.0
Y;14;3 0.0
Y;14;4 0.0003027104118464313
Y;14;5 0.0
Y;15;0 0.0
Y;15;1 9.705103503217539e-05
Y;15;2 0.00013587491647753638
Y;15;3 4.677800237401014e-05
Y;15;4 0.0004305187334942258
Y;15;5 0.0
Y;16;0 0.0
Y;16;1 0.0003490081747033348
Y;16;2 0.0
Y;16;3 6.237066983201352e-05
Y;16;4 0.0
Y;16;5 0.0
Y;17;0 0.0
Y;17;1 0.0007186854034492002
Y;17;2 5.1975558193344604e-05
Y;17;3 0.0
Y;17;4 0.00010568058514691396
Y;17;5 0.0011794028612852983
Y;18;0 0.0
Y;18;1 0.0004343447840751185
Y;18;2 9.406724986906365e-05
Y;18;3 3.118533491600676e-05
Y;18;4 0.0007526244903296857
Y;18;5 0.0
Y;19;0 0.0
Y;19;1 0.00029115310509652615
Y;19;2 0.0
Y;19;3 6.27114999127091e-05
Y;19;4 0.0005740249779923011
Y;19;5 0.0
Z;0;0 0.0
Z;0;1 0.0013106987342942611
Z;0;2 0.00023646506843503105
Z;0;3 2.079022327733784e-05
Z;0;4 0.0
Z;0;5 0.0
Z;1;0 0.0
Z;1;1 0.0
Z;1;2 1.039511163866892e-05
Z;1;3 0.0
Z;1;4 0.0006829429113074445
Z;1;5 0.0
Z;2;0 0.0
Z;2;1 0.0012410271900977624
Z;2;2 0.0
Z;2;3 0.0
Z;2;4 0.0
Z;2;5 0.0
Z;3;0 0.0
Z;3;1 0.00014478159469170617
Z;3;2 0.0
Z;3;3 0.0
Z;3;4 0.00010987230766782993
Z;3;5 0.0
Z;4;0 0.0
Z;4;1 0.00036195398672926544
Z;4;2 0.0
Z;4;3 0.0
Z;4;4 0.000519076184830655
Z;4;5 0.0
Z;5;0 0.0
Z;5;1 0.0003152950709252788
Z;5;2 1.039511163866892e-05
Z;5;3 0.0
Z;5;4 0.0007306027515812447
Z;5;5 0.0
Z;6;0 0.0
Z;6;1 0.0012641969161475634
Z;6;2 0.0003381778724701247
Z;6;3 1.039511163866892e-05
Z;6;4 0.00024608978282423144
Z;6;5 0.0
Z;7;0 0.0
Z;7;1 0.00030806692069357185
Z;7;2 0.0002747695213819763
Z;7;3 6.237066983201352e-05
Z;7;4 0.0
Z;7;5 0.0
Z;8;0 0.0
Z;8;1 0.0002731771645229778
Z;8;2 6.756822565134798e-05
Z;8;3 8.361533321694547e-05
Z;8;4 0.00036913467423634717
Z;8;5 0.0
Z;9;0 0.0
Z;9;1 0.00021876708722434222
Z;9;2 2.079022327733784e-05
Z;9;3 0.0
Z;9;4 0.0008243864209779578
Z;9;5 0.0
Z;10;0 0.0
Z;10;1 0.0
Z;10;2 0.0005284029257345698
Z;10;3 1.5764337895668738e-05
Z;10;4 0.0
Z;10;5 0.0
Z;11;0 0.0
Z;11;1 0.0004056346341535191
Z;11;2 0.0002536334043525935
Z;11;3 0.0001254229998254182
Z;11;4 0.0002794979685441484
Z;11;5 0.0
Z;12;0 0.00184589053490063
Z;12;1 0.0
Z;12;2 0.0
Z;12;3 0.0
Z;12;4 0.0
Z;12;5 0.0
Z;13;0 0.0
Z;13;1 0.0003382512816608927
Z;13;2 0.0
Z;13;3 5.2259583260590916e-05
Z;13;4 8.456282041522318e-05
Z;13;5 0.0
Z;14;0 0.0
Z;14;1 0.00029115310509652615
Z;14;2 0.0
Z;14;3 0.0
Z;14;4 0.00040976574678446676
Z;14;5 0.0
Z;15;0 0.0
Z;15;1 0.0005463543290459556
Z;15;2 0.0
Z;15;3 9.406724986906365e-05
Z;15;4 0.0001872426763277516
Z;15;5 0.0
Z;16;0 0.0
Z;16;1 0.0
Z;16;2 0.0
Z;16;3 0.0
Z;16;4 0.0
Z;16;5 0.0
Z;17;0 0.0
Z;17;1 0.0006595091367823662
Z;17;2 5.1975558193344604e-05
Z;17;3 0.0
Z;17;4 0.00024466993824505385
Z;17;5 0.001317711549964039
Z;18;0 0.0
Z;18;1 0.0002353148663743767
Z;18;2 0.0
Z;18;3 5.717311401267906e-05
Z;18;4 0.00010341893250814688
Z;18;5 0.0
Z;19;0 0.0
Z;19;1 0.0005493615383391496
Z;19;2 0.0
Z;19;3 7.276578147068243e-05
Z;19;4 0.0
Z;19;5 0.0
W;0;0 0.0
W;0;1 0.00021974461533565986
W;0;2 6.237066983201352e-05
W;0;3 0.0
W;0;4 0.0002734588590304278
W;0;5 0.0
W;1;0 0.0
W;1;1 0.0
W;1;2 0.0
W;1;3 0.0
W;1;4 0.0011679214158689735
W;1;5 0.0
W;2;0 0.0
W;2;1 0.0
W;2;2 0.0
W;2;3 0.0
W;2;4 0.00012976904620766374
W;2;5 0.0
W;3;0 0.0
W;3;1 0.00011641348654080039
W;3;2 0.0
W;3;3 0.0
W;3;4 7.239079734585308e-05
W;3;5 0.0
W;4;0 0.0
W;4;1 0.00010341893250814688
W;4;2 5.1975558193344604e-05
W;4;3 6.756822565134798e-05
W;4;4 0.00028701248899615055
W;4;5 0.0
W;5;0 0.00184589053490063
W;5;1 0.00024386913577793595
W;5;2 6.756822565134798e-05
W;5;3 5.1975558193344604e-05
W;5;4 0.00010341893250814688
W;5;5 0.0
W;6;0 0.0
W;6;1 0.00024608978282423144
W;6;2 1.039511163866892e-05
W;6;3 8.316089310935136e-05
W;6;4 0.0009892637051735493
W;6;5 0.0
W;7;0 0.0
W;7;1 0.0
W;7;2 0.0
W;7;3 8.835844892868582e-05
W;7;4 0.0
W;7;5 0.0
W;8;0 0.0
W;8;1 0.0
W;8;2 0.00016912564083044636
W;8;3 0.0011582527575336493
W;8;4 0.00043753417444868445
W;8;5 0.0
W;9;0 0.0
W;9;1 0.001639062987137867
W;9;2 0.0
W;9;3 0.0
W;9;4 0.0
W;9;5 0.0
W;10;0 0.0
W;10;1 0.0
W;10;2 2.656859551685073e-05
W;10;3 0.0009405312127373574
W;10;4 0.0
W;10;5 0.0
W;11;0 0.0
W;11;1 0.0
W;11;2 0.0
W;11;3 0.0001881344997381273
W;11;4 0.0011553343469787119
W;11;5 0.004358268743416592
W;12;0 0.0
W;12;1 0.0
W;12;2 5.2259583260590916e-05
W;12;3 9.875356056735474e-05
W;12;4 0.0002731771645229778
W;12;5 0.0
W;13;0 0.0
W;13;1 0.0
W;13;2 0.00014632683312965457
W;13;3 2.079022327733784e-05
W;13;4 0.0007261310434598929
W;13;5 0.0
W;14;0 0.0
W;14;1 0.0003320921598096567
W;14;2 0.0
W;14;3 0.0
W;14;4 0.0004515746941978115
W;14;5 0.0
W;15;0 0.0
W;15;1 0.0001872426763277516
W;15;2 4.677800237401014e-05
W;15;3 0.0
W;15;4 0.0005740249779923011
W;15;5 0.0
W;16;0 0.0
W;16;1 0.0003893071386229912
W;16;2 0.00011497108317330001
W;16;3 6.237066983201352e-05
W;16;4 0.0
W;16;5 0.0
W;17;0 0.0
W;17;1 0.0
W;17;2 0.00013587491647753638
W;17;3 4.677800237401014e-05
W;17;4 0.00046565394616320156
W;17;5 0.0
W;18;0 0.0
W;18;1 0.00036306552172994644
W;18;2 0.0
W;18;3 0.0
W;18;4 0.0002536884612456695
W;18;5 0.0
W;19;0 0.0
W;19;1 0.0
W;19;2 0.00014632683312965457
W;19;3 0.0
W;19;4 0.0005170946625407344
W;19;5 0.0
