X;0;0 0.0
X;0;1 0.00026792558681783626
X;0;2 0.0
X;0;3 0.0
X;0;4 9.834394210078339e-05
X;0;5 0.0
X;1;0 0.0
X;1;1 0.00014749536820279075
X;1;2 0.00011889055191784432
X;1;3 5.912219744492947e-05
X;1;4 0.0001274622192861207
X;1;5 0.0
X;2;0 0.0
X;2;1 6.113452882792823e-05
X;2;2 5.912219744492947e-05
X;2;3 5.912219744492947e-05
X;2;4 0.00014749536820279075
X;2;5 0.0
X;3;0 0.0
X;3;1 0.00018917191562880064
X;3;2 5.912219744492947e-05
X;3;3 5.912219744492947e-05
X;3;4 0.00013741458317473765
X;3;5 0.0
X;4;0 0.0
X;4;1 0.000256177245126789
X;4;2 5.912219744492947e-05
X;4;3 5.912219744492947e-05
X;4;4 0.0001274622192861207
X;4;5 0.0
X;5;0 0.0
X;5;1 0.0003688722520365911
X;5;2 5.912219744492947e-05
X;5;3 5.912219744492947e-05
X;5;4 0.000157707931927285
X;5;5 0.0
X;6;0 0.0
X;6;1 0.00026792558681783626
X;6;2 0.000302217774004177
X;6;3 5.912219744492947e-05
X;6;4 7.027205989292155e-05
X;6;5 0.0
X;7;0 0.0
X;7;1 0.0005499672630188758
X;7;2 0.0007555096635669689
X;7;3 0.00017931934356323187
X;7;4 0.00010792995193813843
X;7;5 0.0
X;8;0 0.0
X;8;1 0.00010792995193813843
X;8;2 0.0006221189042942231
X;8;3 0.0008922355350028449
X;8;4 0.00013741458317473765
X;8;5 0.0
X;9;0 0.0
X;9;1 0.00043930279656338603
X;9;2 5.912219744492947e-05
X;9;3 0.0
X;9;4 0.0001274622192861207
X;9;5 0.0
X;10;0 0.0
X;10;1 0.00018917191562880064
X;10;2 0.00017931934356323187
X;10;3 0.0
X;10;4 4.317396771488244e-05
X;10;5 0.0
X;11;0 0.0
X;11;1 0.0008334871799636948
X;11;2 0.0009619020822231634
X;11;3 5.912219744492947e-05
X;11;4 5.210263632708762e-05
X;11;5 0.0
X;12;0 0.0
X;12;1 0.00022195644617491948
X;12;2 5.912219744492947e-05
X;12;3 0.00011889055191784432
X;12;4 0.00017854249996022362
X;12;5 0.0
X;13;0 0.0
X;13;1 0.00014749536820279075
X;13;2 5.912219744492947e-05
X;13;3 0.00011889055191784432
X;13;4 0.00017854249996022362
X;13;5 0.0
X;14;0 0.0
X;14;1 0.000157707931927285
X;14;2 5.912219744492947e-05
X;14;3 5.912219744492947e-05
X;14;4 0.0002446029593571479
X;14;5 0.0
X;15;0 0.0
X;15;1 0.00021087470008745356
X;15;2 0.00011889055191784432
X;15;3 5.912219744492947e-05
X;15;4 0.00014749536820279075
X;15;5 0.0
X;16;0 0.0
X;16;1 0.00017854249996022362
X;16;2 0.00011889055191784432
X;16;3 5.912219744492947e-05
X;16;4 0.0002446029593571479
X;16;5 0.0
X;17;0 0.0
X;17;1 0.00022195644617491948
X;17;2 0.00011889055191784432
X;17;3 5.912219744492947e-05
X;17;4 0.00019994794854468804
X;17;5 0.0
X;18;0 0.0
X;18;1 0.0002446029593571479
X;18;2 0.00017931934356323187
X;18;3 5.912219744492947e-05
X;18;4 0.00011763504568701126
X;18;5 0.0
X;19;0 0.0
X;19;1 0.00016805576532573867
X;19;2 5.912219744492947e-05
X;19;3 5.912219744492947e-05
X;19;4 0.00017854249996022362
X;19;5 0.0
Y;0;0 0.0
Y;0;1 0.00014749536820279075
Y;0;2 0.0
Y;0;3 0.0
Y;0;4 0.00017854249996022362
Y;0;5 0.0
Y;1;0 0.0
Y;1;1 0.000157707931927285
Y;1;2 5.912219744492947e-05
Y;1;3 0.0
Y;1;4 5.210263632708762e-05
Y;1;5 0.0
Y;2;0 0.0
Y;2;1 4.317396771488244e-05
Y;2;2 0.0
Y;2;3 5.912219744492947e-05
Y;2;4 0.00017854249996022362
Y;2;5 0.0
Y;3;0 0.0
Y;3;1 0.00010792995193813843
Y;3;2 0.0
Y;3;3 0.0
Y;3;4 0.00021087470008745356
Y;3;5 0.0
Y;4;0 0.0
Y;4;1 0.00019994794854468804
Y;4;2 0.0
Y;4;3 0.0
Y;4;4 0.00013741458317473765
Y;4;5 0.0
Y;5;0 0.0
Y;5;1 0.00031676961570950346
Y;5;2 0.0
Y;5;3 0.0
Y;5;4 0.00016805576532573867
Y;5;5 0.0
Y;6;0 0.0
Y;6;1 0.00011763504568701126
Y;6;2 0.0
Y;6;3 0.00024042333120922923
Y;6;4 0.00018917191562880064
Y;6;5 0.0
Y;7;0 0.0
Y;7;1 0.000533165540189998
Y;7;2 0.0
Y;7;3 5.912219744492947e-05
Y;7;4 0.00042469956764764195
Y;7;5 0.0
Y;8;0 0.0
Y;8;1 0.00019994794854468804
Y;8;2 5.912219744492947e-05
Y;8;3 0.00011889055191784432
Y;8;4 0.00018917191562880064
Y;8;5 0.0
Y;9;0 0.0
Y;9;1 0.00013741458317473765
Y;9;2 5.912219744492947e-05
Y;9;3 0.0
Y;9;4 0.00023319764730937232
Y;9;5 0.0
Y;10;0 0.0
Y;10;1 0.0
Y;10;2 0.0
Y;10;3 0.0005566241095074974
Y;10;4 0.00014749536820279075
Y;10;5 0.0
Y;11;0 0.0
Y;11;1 0.0006026557636403855
Y;11;2 0.0
Y;11;3 0.0
Y;11;4 0.00045418419888424116
Y;11;5 0.0
Y;12;0 0.0
Y;12;1 0.0005167175642541914
Y;12;2 0.0
Y;12;3 5.912219744492947e-05
Y;12;4 0.00043930279656338603
Y;12;5 0.0
Y;13;0 0.0
Y;13;1 0.00014749536820279075
Y;13;2 5.912219744492947e-05
Y;13;3 0.0
Y;13;4 0.00016805576532573867
Y;13;5 0.0
Y;14;0 0.0
Y;14;1 0.00026792558681783626
Y;14;2 0.0
Y;14;3 0.0
Y;14;4 7.027205989292155e-05
Y;14;5 0.0
Y;15;0 0.0
Y;15;1 0.000157707931927285
Y;15;2 0.00011889055191784432
Y;15;3 5.912219744492947e-05
Y;15;4 0.00023319764730937232
Y;15;5 0.0
Y;16;0 0.0
Y;16;1 0.0005671382838929191
Y;16;2 0.0
Y;16;3 5.912219744492947e-05
Y;16;4 0.0004848253810352422
Y;16;5 0.0
Y;17;0 0.0
Y;17;1 0.00029196594515123754
Y;17;2 5.912219744492947e-05
Y;17;3 0.0
Y;17;4 3.4346190172747036e-05
Y;17;5 0.0
Y;18;0 0.0
Y;18;1 0.00011763504568701126
Y;18;2 0.00011889055191784432
Y;18;3 5.912219744492947e-05
Y;18;4 0.0002446029593571479
Y;18;5 0.0
Y;19;0 0.0
Y;19;1 0.000157707931927285
Y;19;2 0.0
Y;19;3 0.00011889055191784432
Y;19;4 0.00023319764730937232
Y;19;5 0.0
Z;0;0 0.0
Z;0;1 0.00030426934903259636
Z;0;2 0.00017931934356323187
Z;0;3 5.912219744492947e-05
Z;0;4 8.887412918488904e-05
Z;0;5 0.0
Z;1;0 0.0
Z;1;1 0.00023319764730937232
Z;1;2 5.912219744492947e-05
Z;1;3 0.0
Z;1;4 0.00022195644617491948
Z;1;5 0.0
Z;2;0 0.0
Z;2;1 0.00016805576532573867
Z;2;2 0.0
Z;2;3 0.0
Z;2;4 0.00022195644617491948
Z;2;5 0.0
Z;3;0 0.0
Z;3;1 0.00011763504568701126
Z;3;2 0.0
Z;3;3 0.0
Z;3;4 0.00017854249996022362
Z;3;5 0.0
Z;4;0 0.0
Z;4;1 0.00011763504568701126
Z;4;2 0.0
Z;4;3 0.0
Z;4;4 0.00021087470008745356
Z;4;5 0.0
Z;5;0 0.0
Z;5;1 0.000256177245126789
Z;5;2 5.912219744492947e-05
Z;5;3 0.0
Z;5;4 0.00010792995193813843
Z;5;5 0.0
Z;6;0 0.0
Z;6;1 0.0003423866647899651
Z;6;2 0.00024042333120922923
Z;6;3 5.912219744492947e-05
Z;6;4 0.00019994794854468804
Z;6;5 0.0
Z;7;0 0.0
Z;7;1 0.0005006087461270542
Z;7;2 0.00024042333120922923
Z;7;3 5.912219744492947e-05
Z;7;4 0.0005006087461270542
Z;7;5 0.0
Z;8;0 0.0
Z;8;1 0.00022195644617491948
Z;8;2 5.912219744492947e-05
Z;8;3 0.00011889055191784432
Z;8;4 0.00019994794854468804
Z;8;5 0.0
Z;9;0 0.0
Z;9;1 8.887412918488904e-05
Z;9;2 5.912219744492947e-05
Z;9;3 0.0
Z;9;4 0.00026792558681783626
Z;9;5 0.0
Z;10;0 0.0
Z;10;1 0.0003294731476405818
Z;10;2 0.00024042333120922923
Z;10;3 0.00017931934356323187
Z;10;4 0.00039628734563914594
Z;10;5 0.0
Z;11;0 0.0
Z;11;1 0.0006591562804994685
Z;11;2 0.00024042333120922923
Z;11;3 0.00011889055191784432
Z;11;4 0.00045418419888424116
Z;11;5 0.0
Z;12;0 0.0
Z;12;1 0.00043930279656338603
Z;12;2 0.0
Z;12;3 0.0
Z;12;4 0.0005006087461270542
Z;12;5 0.0
Z;13;0 0.0
Z;13;1 0.00013741458317473765
Z;13;2 0.0
Z;13;3 0.00011889055191784432
Z;13;4 0.00013741458317473765
Z;13;5 0.0
Z;14;0 0.0
Z;14;1 0.000157707931927285
Z;14;2 0.0
Z;14;3 0.0
Z;14;4 0.00022195644617491948
Z;14;5 0.0
Z;15;0 0.0
Z;15;1 0.00022195644617491948
Z;15;2 0.0
Z;15;3 0.00011889055191784432
Z;15;4 0.00030426934903259636
Z;15;5 0.0
Z;16;0 0.0
Z;16;1 0.0005167175642541914
Z;16;2 0.0
Z;16;3 0.0
Z;16;4 0.00042469956764764195
Z;16;5 0.0
Z;17;0 0.0
Z;17;1 0.00026792558681783626
Z;17;2 5.912219744492947e-05
Z;17;3 0.0
Z;17;4 7.951772992964249e-05
Z;17;5 0.0
Z;18;0 0.0
Z;18;1 0.0001274622192861207
Z;18;2 0.0
Z;18;3 5.912219744492947e-05
Z;18;4 0.00016805576532573867
Z;18;5 0.0
Z;19;0 0.0
Z;19;1 0.00017854249996022362
Z;19;2 0.0
Z;19;3 5.912219744492947e-05
Z;19;4 0.00026792558681783626
Z;19;5 0.0
W;0;0 0.0
W;0;1 0.00017854249996022362
W;0;2 5.912219744492947e-05
W;0;3 0.0
W;0;4 8.887412918488904e-05
W;0;5 0.0
W;1;0 0.0
W;1;1 0.00023319764730937232
W;1;2 0.0
W;1;3 0.0
W;1;4 0.00021087470008745356
W;1;5 0.0
W;2;0 0.0
W;2;1 0.00027985329942001476
W;2;2 0.0
W;2;3 0.0
W;2;4 0.00021087470008745356
W;2;5 0.0
W;3;0 0.0
W;3;1 0.00018917191562880064
W;3;2 0.0
W;3;3 0.0
W;3;4 0.00011763504568701126
W;3;5 0.0
W;4;0 0.0
W;4;1 0.00016805576532573867
W;4;2 5.912219744492947e-05
W;4;3 5.912219744492947e-05
W;4;4 0.00023319764730937232
W;4;5 0.0
W;5;0 0.0
W;5;1 0.00039628734563914594
W;5;2 5.912219744492947e-05
W;5;3 5.912219744492947e-05
W;5;4 0.00016805576532573867
W;5;5 0.0
W;6;0 0.0
W;6;1 0.00019994794854468804
W;6;2 5.912219744492947e-05
W;6;3 5.912219744492947e-05
W;6;4 0.00026792558681783626
W;6;5 0.0
W;7;0 0.0
W;7;1 0.00023319764730937232
W;7;2 0.0
W;7;3 5.912219744492947e-05
W;7;4 0.00046935457846010166
W;7;5 0.0
W;8;0 0.0
W;8;1 0.00016805576532573867
W;8;2 0.0009619020822231634
W;8;3 0.0008234453198090788
W;8;4 8.887412918488904e-05
W;8;5 0.0
W;9;0 0.0
W;9;1 0.00022195644617491948
W;9;2 0.0
W;9;3 0.0
W;9;4 0.00030426934903259636
W;9;5 0.0
W;10;0 0.0
W;10;1 0.00031676961570950346
W;10;2 0.000302217774004177
W;10;3 0.00042794170179549757
W;10;4 0.00023319764730937232
W;10;5 0.0
W;11;0 0.0
W;11;1 0.00042469956764764195
W;11;2 0.0
W;11;3 0.00011889055191784432
W;11;4 0.00046935457846010166
W;11;5 0.0
W;12;0 0.0
W;12;1 0.00017854249996022362
W;12;2 0.00011889055191784432
W;12;3 5.912219744492947e-05
W;12;4 0.00022195644617491948
W;12;5 0.0
W;13;0 0.0
W;13;1 0.00018917191562880064
W;13;2 0.00011889055191784432
W;13;3 5.912219744492947e-05
W;13;4 0.00014749536820279075
W;13;5 0.0
W;14;0 0.0
W;14;1 0.00010792995193813843
W;14;2 0.0
W;14;3 0.0
W;14;4 0.0002446029593571479
W;14;5 0.0
W;15;0 0.0
W;15;1 0.00030426934903259636
W;15;2 5.912219744492947e-05
W;15;3 0.0
W;15;4 0.00023319764730937232
W;15;5 0.0
W;16;0 0.0
W;16;1 0.00021087470008745356
W;16;2 0.00011889055191784432
W;16;3 5.912219744492947e-05
W;16;4 0.0002446029593571479
W;16;5 0.0
W;17;0 0.0
W;17;1 0.00023319764730937232
W;17;2 0.00011889055191784432
W;17;3 5.912219744492947e-05
W;17;4 0.00018917191562880064
W;17;5 0.0
W;18;0 0.0
W;18;1 0.00014749536820279075
W;18;2 0.0
W;18;3 0.0
W;18;4 0.00013741458317473765
W;18;5 0.0
W;19;0 0.0
W;19;1 0.00035551722597463795
W;19;2 0.00011889055191784432
W;19;3 0.0
W;19;4 0.00016805576532573867
W;19;5 0.0
