X;0;0 0.0
X;0;1 0.0
X;0;2 0.0
X;0;3 0.0
X;0;4 0.00039337576840313356
X;0;5 0.0
X;1;0 0.0
X;1;1 0.0
X;1;2 3.3968729119384095e-05
X;1;3 6.756822565134798e-05
X;1;4 0.0007647733157167242
X;1;5 0.0
X;2;0 0.0
X;2;1 0.0
X;2;2 5.067616923851098e-05
X;2;3 5.067616923851098e-05
X;2;4 0.000589981472811163
X;2;5 0.0
X;3;0 0.0
X;3;1 0.0
X;3;2 1.6892056412836994e-05
X;3;3 0.00010135233847702197
X;3;4 0.0002748291663494753
X;3;5 0.0
X;4;0 0.0
X;4;1 0.0
X;4;2 1.6892056412836994e-05
X;4;3 8.446028206418497e-05
X;4;4 0.0005098488771444828
X;4;5 0.0
X;5;0 0.0
X;5;1 0.0
X;5;2 8.446028206418497e-05
X;5;3 5.067616923851098e-05
X;5;4 0.0
X;5;5 0.0
X;6;0 0.0
X;6;1 0.0
X;6;2 0.0002590438062892946
X;6;3 8.446028206418497e-05
X;6;4 0.0
X;6;5 0.0
X;7;0 0.0
X;7;1 0.0
X;7;2 0.0004317198077525537
X;7;3 0.00030740458896554035
X;7;4 0.0
X;7;5 0.0
X;8;0 0.0
X;8;1 0.0004317198077525537
X;8;2 0.0007109930334791123
X;8;3 0.0005098488771444828
X;8;4 0.0
X;8;5 0.0
X;9;0 0.0
X;9;1 0.0
X;9;2 3.378411282567399e-05
X;9;3 0.0
X;9;4 0.0002549244385722414
X;9;5 0.0
X;10;0 0.0
X;10;1 0.0
X;10;2 0.00015370229448277017
X;10;3 0.0
X;10;4 0.00017269587085952975
X;10;5 0.0
X;11;0 0.0
X;11;1 0.0
X;11;2 0.0002748291663494753
X;11;3 3.378411282567399e-05
X;11;4 0.0005210263632708761
X;11;5 0.0
X;12;0 0.0
X;12;1 0.0
X;12;2 5.067616923851098e-05
X;12;3 6.793745823876819e-05
X;12;4 0.0010712549997613416
X;12;5 0.0
X;13;0 0.0
X;13;1 0.0002949907364055815
X;13;2 8.446028206418497e-05
X;13;3 6.793745823876819e-05
X;13;4 0.0
X;13;5 0.0
X;14;0 0.0
X;14;1 0.00031541586385457
X;14;2 5.067616923851098e-05
X;14;3 6.756822565134798e-05
X;14;4 0.0
X;14;5 0.0
X;15;0 0.0
X;15;1 0.0
X;15;2 6.793745823876819e-05
X;15;3 8.446028206418497e-05
X;15;4 0.0002949907364055815
X;15;5 0.0
X;16;0 0.0
X;16;1 0.00035708499992044725
X;16;2 0.00013587491647753638
X;16;3 5.067616923851098e-05
X;16;4 0.0
X;16;5 0.0
X;17;0 0.0
X;17;1 0.0
X;17;2 0.00013587491647753638
X;17;3 6.756822565134798e-05
X;17;4 0.0
X;17;5 0.0
X;18;0 0.004282562537383127
X;18;1 0.0
X;18;2 0.00015370229448277017
X;18;3 6.756822565134798e-05
X;18;4 0.0
X;18;5 0.0
X;19;0 0.0
X;19;1 0.0
X;19;2 6.756822565134798e-05
X;19;3 5.067616923851098e-05
X;19;4 0.00035708499992044725
X;19;5 0.0
Y;0;0 0.0
Y;0;1 0.0
Y;0;2 0.0
Y;0;3 0.0
Y;0;4 0.0
Y;0;5 0.0
Y;1;0 0.0
Y;1;1 0.00063083172770914
Y;1;2 5.067616923851098e-05
Y;1;3 0.0
Y;1;4 0.0
Y;1;5 0.0
Y;2;0 0.0
Y;2;1 0.0
Y;2;2 0.0
Y;2;3 5.067616923851098e-05
Y;2;4 0.00035708499992044725
Y;2;5 0.0
Y;3;0 0.0
Y;3;1 0.0
Y;3;2 0.0
Y;3;3 0.0
Y;3;4 0.0004217494001749071
Y;3;5 0.0
Y;4;0 0.0
Y;4;1 0.0
Y;4;2 0.0
Y;4;3 0.0
Y;4;4 0.0
Y;4;5 0.0
Y;5;0 0.0
Y;5;1 0.0
Y;5;2 0.0
Y;5;3 0.0
Y;5;4 0.0
Y;5;5 0.0
Y;6;0 0.0
Y;6;1 0.0
Y;6;2 0.0
Y;6;3 0.0004121542820729644
Y;6;4 0.0
Y;6;5 0.0
Y;7;0 0.0
Y;7;1 0.001066331080379996
Y;7;2 0.0
Y;7;3 6.756822565134798e-05
Y;7;4 0.0016987982705905678
Y;7;5 0.0
Y;8;0 0.0
Y;8;1 0.0
Y;8;2 5.067616923851098e-05
Y;8;3 0.00016984364559692047
Y;8;4 0.0
Y;8;5 0.0
Y;9;0 0.0
Y;9;1 0.0
Y;9;2 8.446028206418497e-05
Y;9;3 0.0
Y;9;4 0.0
Y;9;5 0.0
Y;10;0 0.0
Y;10;1 0.0
Y;10;2 0.0
Y;10;3 0.00031807091971856996
Y;10;4 0.0002949907364055815
Y;10;5 0.0
Y;11;0 0.0
Y;11;1 0.0
Y;11;2 0.0
Y;11;3 0.0
Y;11;4 0.0
Y;11;5 0.0
Y;12;0 0.0
Y;12;1 0.0
Y;12;2 0.0
Y;12;3 3.378411282567399e-05
Y;12;4 0.0
Y;12;5 0.0
Y;13;0 0.0
Y;13;1 0.0002949907364055815
Y;13;2 6.756822565134798e-05
Y;13;3 0.0
Y;13;4 0.0
Y;13;5 0.0
Y;14;0 0.0
Y;14;1 0.0
Y;14;2 0.0
Y;14;3 0.0
Y;14;4 0.0
Y;14;5 0.0
Y;15;0 0.0
Y;15;1 0.0
Y;15;2 0.00016984364559692047
Y;15;3 5.067616923851098e-05
Y;15;4 0.0
Y;15;5 0.0
Y;16;0 0.0
Y;16;1 0.0
Y;16;2 0.0
Y;16;3 8.446028206418497e-05
Y;16;4 0.0
Y;16;5 0.0
Y;17;0 0.0
Y;17;1 0.0
Y;17;2 8.446028206418497e-05
Y;17;3 0.0
Y;17;4 0.0
Y;17;5 0.0
Y;18;0 0.0
Y;18;1 0.0007058102741220675
Y;18;2 0.00013587491647753638
Y;18;3 0.0
Y;18;4 0.0004892059187142958
Y;18;5 0.0
Y;19;0 0.0
Y;19;1 0.0
Y;19;2 0.0
Y;19;3 6.793745823876819e-05
Y;19;4 0.0
Y;19;5 0.0
Z;0;0 0.0
Z;0;1 0.0
Z;0;2 5.123409816092339e-05
Z;0;3 8.446028206418497e-05
Z;0;4 0.00035549651673955616
Z;0;5 0.0
Z;1;0 0.0
Z;1;1 0.0
Z;1;2 3.378411282567399e-05
Z;1;3 0.0
Z;1;4 0.0
Z;1;5 0.0
Z;2;0 0.0
Z;2;1 0.00033611153065147734
Z;2;2 0.0
Z;2;3 0.0
Z;2;4 0.0
Z;2;5 0.0
Z;3;0 0.0
Z;3;1 0.0002352700913740225
Z;3;2 0.0
Z;3;3 0.0
Z;3;4 0.00035708499992044725
Z;3;5 0.0
Z;4;0 0.0
Z;4;1 0.0
Z;4;2 0.0
Z;4;3 0.0
Z;4;4 0.0
Z;4;5 0.0
Z;5;0 0.0
Z;5;1 0.0
Z;5;2 5.067616923851098e-05
Z;5;3 0.0
Z;5;4 0.0
Z;5;5 0.0
Z;6;0 0.0
Z;6;1 0.0006847733295799303
Z;6;2 0.00034346190172747035
Z;6;3 3.378411282567399e-05
Z;6;4 0.0
Z;6;5 0.0
Z;7;0 0.0
Z;7;1 0.0020024349845082167
Z;7;2 0.0002060771410364822
Z;7;3 3.378411282567399e-05
Z;7;4 0.0010012174922541083
Z;7;5 0.0
Z;8;0 0.0
Z;8;1 0.0
Z;8;2 8.446028206418497e-05
Z;8;3 0.00010190618735815228
Z;8;4 0.0
Z;8;5 0.0
Z;9;0 0.0
Z;9;1 0.00017774825836977808
Z;9;2 6.756822565134798e-05
Z;9;3 0.0
Z;9;4 0.0
Z;9;5 0.0
Z;10;0 0.0
Z;10;1 0.0
Z;10;2 0.00048084666241845846
Z;10;3 5.123409816092339e-05
Z;10;4 0.0
Z;10;5 0.0
Z;11;0 0.0
Z;11;1 0.002636625121997874
Z;11;2 0.0002747695213819763
Z;11;3 6.793745823876819e-05
Z;11;4 0.0
Z;11;5 0.0
Z;12;0 0.0
Z;12;1 0.0
Z;12;2 0.0
Z;12;3 0.0
Z;12;4 0.0
Z;12;5 0.0
Z;13;0 0.0
Z;13;1 0.0
Z;13;2 0.0
Z;13;3 0.00010190618735815228
Z;13;4 0.0005496583326989506
Z;13;5 0.0
Z;14;0 0.0
Z;14;1 0.00063083172770914
Z;14;2 0.0
Z;14;3 0.0
Z;14;4 0.0
Z;14;5 0.0
Z;15;0 0.0
Z;15;1 0.0
Z;15;2 0.0
Z;15;3 6.793745823876819e-05
Z;15;4 0.0
Z;15;5 0.0
Z;16;0 0.0
Z;16;1 0.0
Z;16;2 0.0
Z;16;3 0.0
Z;16;4 0.0
Z;16;5 0.0
Z;17;0 0.0
Z;17;1 0.001071702347271345
Z;17;2 6.756822565134798e-05
Z;17;3 0.0
Z;17;4 0.0
Z;17;5 0.0
Z;18;0 0.0
Z;18;1 0.0005098488771444828
Z;18;2 0.0
Z;18;3 1.6892056412836994e-05
Z;18;4 0.0
Z;18;5 0.0
Z;19;0 0.0
Z;19;1 0.0
Z;19;2 0.0
Z;19;3 3.378411282567399e-05
Z;19;4 0.0
Z;19;5 0.0
W;0;0 0.0
W;0;1 0.0007141699998408945
W;0;2 3.378411282567399e-05
W;0;3 0.0
W;0;4 0.00017774825836977808
W;0;5 0.0
W;1;0 0.0
W;1;1 0.0
W;1;2 0.0
W;1;3 0.0
W;1;4 0.0
W;1;5 0.0
W;2;0 0.0
W;2;1 0.0
W;2;2 0.0
W;2;3 0.0
W;2;4 0.0004217494001749071
W;2;5 0.0
W;3;0 0.0
W;3;1 0.0
W;3;2 0.0
W;3;3 0.0
W;3;4 0.000470540182748045
W;3;5 0.0
W;4;0 0.0
W;4;1 0.0
W;4;2 1.6892056412836994e-05
W;4;3 0.00010135233847702197
W;4;4 0.00046639529461874464
W;4;5 0.0
W;5;0 0.0
W;5;1 0.0
W;5;2 5.067616923851098e-05
W;5;3 5.067616923851098e-05
W;5;4 0.0006722230613029547
W;5;5 0.0
W;6;0 0.0
W;6;1 0.0
W;6;2 3.378411282567399e-05
W;6;3 6.756822565134798e-05
W;6;4 0.001071702347271345
W;6;5 0.0
W;7;0 0.0
W;7;1 0.0
W;7;2 0.0
W;7;3 5.067616923851098e-05
W;7;4 0.0
W;7;5 0.0
W;8;0 0.0
W;8;1 0.00033611153065147734
W;8;2 0.0005496583326989506
W;8;3 0.0
W;8;4 0.0007109930334791123
W;8;5 0.0019324416049201984
W;9;0 0.0
W;9;1 0.0
W;9;2 0.0
W;9;3 0.0
W;9;4 0.0006085386980651927
W;9;5 0.0
W;10;0 0.0
W;10;1 0.003801235388514041
W;10;2 8.634793542976488e-05
W;10;3 0.00012226905765585645
W;10;4 0.0
W;10;5 0.0
W;11;0 0.0
W;11;1 0.0008493991352952839
W;11;2 0.0
W;11;3 3.3968729119384095e-05
W;11;4 0.0
W;11;5 0.0
W;12;0 0.0
W;12;1 0.0010712549997613416
W;12;2 6.793745823876819e-05
W;12;3 5.067616923851098e-05
W;12;4 0.0
W;12;5 0.0
W;13;0 0.0
W;13;1 0.0
W;13;2 6.793745823876819e-05
W;13;3 8.446028206418497e-05
W;13;4 0.0002949907364055815
W;13;5 0.0
W;14;0 0.0
W;14;1 0.0
W;14;2 0.0
W;14;3 0.0
W;14;4 0.0
W;14;5 0.0
W;15;0 0.0
W;15;1 0.0
W;15;2 3.378411282567399e-05
W;15;3 0.0
W;15;4 0.0
W;15;5 0.0
W;16;0 0.0
W;16;1 0.0004217494001749071
W;16;2 0.00010190618735815228
W;16;3 6.756822565134798e-05
W;16;4 0.0
W;16;5 0.0
W;17;0 0.0
W;17;1 0.0
W;17;2 0.00013587491647753638
W;17;3 6.756822565134798e-05
W;17;4 0.0
W;17;5 0.0
W;18;0 0.0
W;18;1 0.0002949907364055815
W;18;2 0.0
W;18;3 0.0
W;18;4 0.0
W;18;5 0.0
W;19;0 0.0
W;19;1 0.0
W;19;2 6.793745823876819e-05
W;19;3 0.0
W;19;4 0.0
W;19;5 0.0
