X;0;0 0.0
X;0;1 0.0003297545683911831
X;0;2 0.0
X;0;3 0.0
X;0;4 0.00012103869797019495
X;0;5 0.0
X;1;0 0.0
X;1;1 0.00027229914129745983
X;1;2 0.00015677874978177274
X;1;3 2.5987779096672302e-05
X;1;4 0.0002353148663743767
X;1;5 0.0
X;2;0 0.0
X;2;1 0.0001128637455284829
X;2;2 8.316089310935136e-05
X;2;3 2.079022327733784e-05
X;2;4 0.00027229914129745983
X;2;5 0.0
X;3;0 0.0
X;3;1 0.00011641348654080039
X;3;2 5.1975558193344604e-05
X;3;3 6.756822565134798e-05
X;3;4 0.00016912564083044636
X;3;5 0.0
X;4;0 0.0
X;4;1 0.0006305901418505576
X;4;2 1.559266745800338e-05
X;4;3 8.316089310935136e-05
X;4;4 0.0002353148663743767
X;4;5 0.0
X;5;0 0.0
X;5;1 0.00022699830894559451
X;5;2 3.638289073534122e-05
X;5;3 2.5987779096672302e-05
X;5;4 0.00126166345541828
X;5;5 0.0
X;6;0 0.0
X;6;1 0.0003297545683911831
X;6;2 0.00010627438206740292
X;6;3 1.559266745800338e-05
X;6;4 0.00038919910094541166
X;6;5 0.004901934442814515
X;7;0 0.0
X;7;1 0.0
X;7;2 6.641843196193134e-05
X;7;3 0.00020493639264369356
X;7;4 0.0007970211835431761
X;7;5 0.0
X;8;0 0.0
X;8;1 0.00013283686392386268
X;8;2 0.0004922259462547701
X;8;3 0.0008628211767060478
X;8;4 0.0003382512816608927
X;8;5 0.0
X;9;0 0.0
X;9;1 0.0005406803650010905
X;9;2 2.5987779096672302e-05
X;9;3 0.0
X;9;4 0.0004706297327487534
X;9;5 0.0
X;10;0 0.0
X;10;1 0.0003492404596224012
X;10;2 4.729301368700621e-05
X;10;3 0.0
X;10;4 0.0002656859551685073
X;10;5 0.0026586968668529756
X;11;0 0.0
X;11;1 0.0
X;11;2 8.456282041522318e-05
X;11;3 3.638289073534122e-05
X;11;4 0.00041682109061670094
X;11;5 0.0028012107287663027
X;12;0 0.0015126466980929642
X;12;1 0.0008195314935689335
X;12;2 6.237066983201352e-05
X;12;3 4.1807666608472735e-05
X;12;4 0.00032961692300348974
X;12;5 0.0
X;13;0 0.0
X;13;1 9.076638043248661e-05
X;13;2 4.158044655467568e-05
X;13;3 0.00010451916652118183
X;13;4 0.0007691061536748095
X;13;5 0.0
X;14;0 0.0
X;14;1 9.705103503217539e-05
X;14;2 4.677800237401014e-05
X;14;3 5.717311401267906e-05
X;14;4 0.0007526244903296857
X;14;5 0.0
X;15;0 0.0024872012924018684
X;15;1 0.0002595380924153275
X;15;2 0.0001776825830860091
X;15;3 2.5987779096672302e-05
X;15;4 0.0
X;15;5 0.0
X;16;0 0.0
X;16;1 0.0007691061536748095
X;16;2 6.27114999127091e-05
X;16;3 5.717311401267906e-05
X;16;4 0.0003010497961318743
X;16;5 0.0
X;17;0 0.0
X;17;1 0.0
X;17;2 0.00015677874978177274
X;17;3 4.158044655467568e-05
X;17;4 0.00036913467423634717
X;17;5 0.0
X;18;0 0.002635423099928078
X;18;1 0.00015052489806593715
X;18;2 0.00011035036526968116
X;18;3 6.756822565134798e-05
X;18;4 0.00021717239203755925
X;18;5 0.0
X;19;0 0.0009844677131563729
X;19;1 0.00020683786501629375
X;19;2 3.638289073534122e-05
X;19;3 8.316089310935136e-05
X;19;4 0.0
X;19;5 0.0
Y;0;0 0.0
Y;0;1 0.00036306552172994644
Y;0;2 0.0
Y;0;3 0.0
Y;0;4 0.00021974461533565986
Y;0;5 0.0
Y;1;0 0.0
Y;1;1 0.00019410207006435078
Y;1;2 2.5987779096672302e-05
Y;1;3 0.0
Y;1;4 0.0001923789649000158
Y;1;5 0.0
Y;2;0 0.0
Y;2;1 0.00018598016861795513
Y;2;2 0.0
Y;2;3 2.079022327733784e-05
Y;2;4 0.00021974461533565986
Y;2;5 0.0
Y;3;0 0.0
Y;3;1 0.00013283686392386268
Y;3;2 0.0
Y;3;3 0.0
Y;3;4 0.00012976904620766374
Y;3;5 0.0
Y;4;0 0.0
Y;4;1 0.0004921795656484629
Y;4;2 0.0
Y;4;3 0.0
Y;4;4 0.00016912564083044636
Y;4;5 0.0
Y;5;0 0.0
Y;5;1 0.0
Y;5;2 0.0
Y;5;3 0.0
Y;5;4 0.0011376082575896157
Y;5;5 0.0012436006462009342
Y;6;0 0.0
Y;6;1 0.00028956318938341233
Y;6;2 0.0
Y;6;3 6.340835108814838e-05
Y;6;4 0.0017462022981120059
Y;6;5 0.0
Y;7;0 0.0
Y;7;1 0.0
Y;7;2 0.0
Y;7;3 7.79633372900169e-05
Y;7;4 0.0
Y;7;5 0.0
Y;8;0 0.0
Y;8;1 0.00024608978282423144
Y;8;2 7.79633372900169e-05
Y;8;3 8.361533321694547e-05
Y;8;4 0.00011641348654080039
Y;8;5 0.0
Y;9;0 0.0
Y;9;1 0.0
Y;9;2 3.638289073534122e-05
Y;9;3 0.0
Y;9;4 0.0008610374669884516
Y;9;5 0.0
Y;10;0 0.0
Y;10;1 0.0
Y;10;2 0.0
Y;10;3 0.00014680196294703229
Y;10;4 0.001179962945622326
Y;10;5 0.0035382085838558943
Y;11;0 0.0
Y;11;1 0.0
Y;11;2 0.0
Y;11;3 0.0
Y;11;4 0.0
Y;11;5 0.0
Y;12;0 0.0
Y;12;1 0.0006359600790820818
Y;12;2 0.0
Y;12;3 1.559266745800338e-05
Y;12;4 0.0
Y;12;5 0.0
Y;13;0 0.0
Y;13;1 0.00018153276086497322
Y;13;2 3.118533491600676e-05
Y;13;3 0.0
Y;13;4 0.00020683786501629375
Y;13;5 0.0
Y;14;0 0.0
Y;14;1 0.0006595091367823662
Y;14;2 0.0
Y;14;3 0.0
Y;14;4 0.00017297737819796074
Y;14;5 0.0
Y;15;0 0.0023588057225705965
Y;15;1 0.00029115310509652615
Y;15;2 0.00016723066643389094
Y;15;3 2.5987779096672302e-05
Y;15;4 0.0
Y;15;5 0.0
Y;16;0 0.0
Y;16;1 0.0
Y;16;2 0.0
Y;16;3 5.1975558193344604e-05
Y;16;4 0.0
Y;16;5 0.0
Y;17;0 0.0
Y;17;1 0.0005390140525869001
Y;17;2 4.158044655467568e-05
Y;17;3 0.0
Y;17;4 6.340835108814838e-05
Y;17;5 0.0
Y;18;0 0.0
Y;18;1 7.239079734585308e-05
Y;18;2 6.27114999127091e-05
Y;18;3 8.316089310935136e-05
Y;18;4 0.0003010497961318743
Y;18;5 0.0016509553867717051
Y;19;0 0.0
Y;19;1 0.0
Y;19;2 0.0
Y;19;3 0.0001881344997381273
Y;19;4 0.00028701248899615055
Y;19;5 0.0
Z;0;0 0.0
Z;0;1 0.0001872426763277516
Z;0;2 0.00020493639264369356
Z;0;3 6.237066983201352e-05
Z;0;4 0.0
Z;0;5 0.0
Z;1;0 0.0
Z;1;1 0.0004305187334942258
Z;1;2 2.5987779096672302e-05
Z;1;3 0.0
Z;1;4 0.00040976574678446676
Z;1;5 0.0
Z;2;0 0.0
Z;2;1 0.0004136757300325875
Z;2;2 0.0
Z;2;3 0.0
Z;2;4 0.0001365885822614889
Z;2;5 0.0
Z;3;0 0.0
Z;3;1 0.0004343447840751185
Z;3;2 0.0
Z;3;3 0.0
Z;3;4 0.00032961692300348974
Z;3;5 0.0
Z;4;0 0.0
Z;4;1 0.00014478159469170617
Z;4;2 0.0
Z;4;3 0.0
Z;4;4 0.000519076184830655
Z;4;5 0.0
Z;5;0 0.0
Z;5;1 0.0006305901418505576
Z;5;2 2.079022327733784e-05
Z;5;3 0.0
Z;5;4 0.0003320921598096567
Z;5;5 0.0
Z;6;0 0.0
Z;6;1 0.0008427979440983756
Z;6;2 0.00021136117029382792
Z;6;3 3.638289073534122e-05
Z;6;4 0.0004921795656484629
Z;6;5 0.0007635387086475074
Z;7;0 0.0
Z;7;1 0.0
Z;7;2 4.2272234058765585e-05
Z;7;3 0.00011434622802535812
Z;7;4 0.0006161338413871437
Z;7;5 0.0
Z;8;0 0.0
Z;8;1 0.0002731771645229778
Z;8;2 8.316089310935136e-05
Z;8;3 7.316341656482729e-05
Z;8;4 0.00012304489141211572
Z;8;5 0.0
Z;9;0 0.0024872012924018684
Z;9;1 0.0007656848052851979
Z;9;2 5.19755581933446e-06
Z;9;3 0.0
Z;9;4 0.0004946318525867747
Z;9;5 0.0
Z;10;0 0.0020791688073965487
Z;10;1 0.0006082581187210741
Z;10;2 0.00016908893623506234
Z;10;3 0.00014187904106101863
Z;10;4 0.0007316074073338079
Z;10;5 0.0
Z;11;0 0.0
Z;11;1 0.0
Z;11;2 0.00010568058514691396
Z;11;3 9.406724986906365e-05
Z;11;4 0.0033539756225297807
Z;11;5 0.0
Z;12;0 0.0
Z;12;1 0.0
Z;12;2 0.0
Z;12;3 0.0
Z;12;4 0.0
Z;12;5 0.0
Z;13;0 0.0
Z;13;1 0.0002536884612456695
Z;13;2 0.0
Z;13;3 6.27114999127091e-05
Z;13;4 0.00016912564083044636
Z;13;5 0.0
Z;14;0 0.0
Z;14;1 0.0
Z;14;2 0.0
Z;14;3 0.0
Z;14;4 0.0008195314935689335
Z;14;5 0.0
Z;15;0 0.0
Z;15;1 0.0001365885822614889
Z;15;2 0.0
Z;15;3 0.00016723066643389094
Z;15;4 0.0005617280289832548
Z;15;5 0.0
Z;16;0 0.0
Z;16;1 0.0
Z;16;2 0.0
Z;16;3 0.0
Z;16;4 0.0
Z;16;5 0.0
Z;17;0 0.0015126466980929642
Z;17;1 0.0003297545683911831
Z;17;2 3.118533491600676e-05
Z;17;3 0.0
Z;17;4 0.00014680196294703229
Z;17;5 0.0
Z;18;0 0.0
Z;18;1 7.84382887914589e-05
Z;18;2 0.0
Z;18;3 3.638289073534122e-05
Z;18;4 0.00020683786501629375
Z;18;5 0.00184589053490063
Z;19;0 0.0
Z;19;1 0.00010987230766782993
Z;19;2 0.0
Z;19;3 2.5987779096672302e-05
Z;19;4 0.0003297545683911831
Z;19;5 0.0
W;0;0 0.0
W;0;1 0.00021974461533565986
W;0;2 3.118533491600676e-05
W;0;3 0.0
W;0;4 0.00010938354361217111
W;0;5 0.0
W;1;0 0.0
W;1;1 0.0
W;1;2 0.0
W;1;3 0.0
W;1;4 0.0003893071386229912
W;1;5 0.0
W;2;0 0.0
W;2;1 0.0
W;2;2 0.0
W;2;3 0.0
W;2;4 0.00012976904620766374
W;2;5 0.0
W;3;0 0.0
W;3;1 0.000582067432704002
W;3;2 0.0
W;3;3 0.0
W;3;4 0.00014478159469170617
W;3;5 0.0
W;4;0 0.0
W;4;1 0.0003102567975244406
W;4;2 8.316089310935136e-05
W;4;3 1.559266745800338e-05
W;4;4 0.0005740249779923011
W;4;5 0.0
W;5;0 0.0
W;5;1 0.0
W;5;2 0.00011954378384469258
W;5;3 1.559266745800338e-05
W;5;4 0.0
W;5;5 0.0
W;6;0 0.0006930562691321828
W;6;1 0.0004921795656484629
W;6;2 2.079022327733784e-05
W;6;3 5.717311401267906e-05
W;6;4 0.0009892637051735493
W;6;5 0.0
W;7;0 0.0
W;7;1 0.0
W;7;2 0.0
W;7;3 9.875356056735474e-05
W;7;4 0.0
W;7;5 0.0
W;8;0 0.0
W;8;1 0.00020683786501629375
W;8;2 0.0007610653837370085
W;8;3 0.0007962987708043839
W;8;4 0.00021876708722434222
W;8;5 0.0
W;9;0 0.0
W;9;1 0.0006829429113074445
W;9;2 0.0
W;9;3 0.0
W;9;4 0.0007489707053110064
W;9;5 0.0
W;10;0 0.0
W;10;1 0.0005848054443867756
W;10;2 0.00037196033723591027
W;10;3 0.0001128637455284829
W;10;4 0.0004305187334942258
W;10;5 0.0017837922506955678
W;11;0 0.0
W;11;1 0.0
W;11;2 0.0
W;11;3 0.00015677874978177274
W;11;4 0.0020218351072127457
W;11;5 0.0
W;12;0 0.0
W;12;1 0.00032961692300348974
W;12;2 4.1807666608472735e-05
W;12;3 6.237066983201352e-05
W;12;4 0.0008195314935689335
W;12;5 0.0015126466980929642
W;13;0 0.0016509553867717051
W;13;1 0.0006984809192448024
W;13;2 0.00011497108317330001
W;13;3 3.118533491600676e-05
W;13;4 0.00018153276086497322
W;13;5 0.0
W;14;0 0.0
W;14;1 6.641843196193134e-05
W;14;2 0.0
W;14;3 0.0
W;14;4 0.0007526244903296857
W;14;5 0.0
W;15;0 0.0
W;15;1 0.0005617280289832548
W;15;2 8.316089310935136e-05
W;15;3 0.0
W;15;4 0.00014350624449807527
W;15;5 0.0
W;16;0 0.0
W;16;1 0.000908383323453646
W;16;2 6.27114999127091e-05
W;16;3 5.717311401267906e-05
W;16;4 0.0003010497961318743
W;16;5 0.0
W;17;0 0.0
W;17;1 0.00014350624449807527
W;17;2 8.361533321694547e-05
W;17;3 7.276578147068243e-05
W;17;4 0.0003492404596224012
W;17;5 0.0
W;18;0 0.0
W;18;1 0.0
W;18;2 0.0
W;18;3 0.0
W;18;4 0.0003382512816608927
W;18;5 0.0
W;19;0 0.00184589053490063
W;19;1 0.0006563394941070239
W;19;2 0.0001776825830860091
W;19;3 0.0
W;19;4 0.0
W;19;5 0.0
