X;0;0 0.0
X;0;1 0.0010086610327259718
X;0;2 0.0
X;0;3 0.0
X;0;4 9.255900433014907e-05
X;0;5 0.0
X;1;0 0.0
X;1;1 0.00027763834014642966
X;1;2 0.0001438675586232738
X;1;3 3.1796812071222575e-05
X;1;4 0.00023992888336210955
X;1;5 0.0
X;2;0 0.0
X;2;1 0.00023015352029337685
X;2;2 5.564442112463951e-05
X;2;3 2.3847609053416933e-05
X;2;4 0.00041645751021964443
X;2;5 0.0
X;3;0 0.0
X;3;1 0.00053413246765779
X;3;2 1.5898406035611288e-05
X;3;3 8.74412331958621e-05
X;3;4 0.00012933137239975307
X;3;5 0.0
X;4;0 0.0
X;4;1 0.0004822159908268969
X;4;2 5.564442112463951e-05
X;4;3 5.564442112463951e-05
X;4;4 0.00011996444168105477
X;4;5 0.0
X;5;0 0.0
X;5;1 0.0013886955370789311
X;5;2 3.1796812071222575e-05
X;5;3 2.3847609053416933e-05
X;5;4 0.0007421549737754588
X;5;5 0.002015323547003824
X;6;0 0.0
X;6;1 0.0007564957745444788
X;6;2 0.00020317161277591734
X;6;3 7.949203017805644e-06
X;6;4 0.0003968304558659099
X;6;5 0.0018742690516643733
X;7;0 0.0
X;7;1 0.0
X;7;2 0.0
X;7;3 4.8220327680869075e-05
X;7;4 0.0005079056561794749
X;7;5 0.00995989457945081
X;8;0 0.0
X;8;1 0.00020316226247178997
X;8;2 0.00041823119616418367
X;8;3 0.0007197866500863287
X;8;4 0.0005173254895990123
X;8;5 0.0
X;9;0 0.0
X;9;1 0.0
X;9;2 5.564442112463951e-05
X;9;3 0.0
X;9;4 0.0004798577667242191
X;9;5 0.002015323547003824
X;10;0 0.0
X;10;1 0.00053413246765779
X;10;2 0.00012055081920217268
X;10;3 0.0
X;10;4 0.0001219029676655504
X;10;5 0.0033885352224596746
X;11;0 0.0
X;11;1 0.0
X;11;2 0.00012933137239975307
X;11;3 3.974601508902822e-05
X;11;4 0.0004903777536667069
X;11;5 0.0008568409287991043
X;12;0 0.0
X;12;1 0.0014623012924465282
X;12;2 1.5898406035611288e-05
X;12;3 9.591170574884921e-05
X;12;4 0.0003360799999251268
X;12;5 0.0
X;13;0 0.0
X;13;1 0.0
X;13;2 4.7695218106833866e-05
X;13;3 0.00017583812720622355
X;13;4 0.0
X;13;5 0.0
X;14;0 0.0
X;14;1 0.0
X;14;2 7.15428271602508e-05
X;14;3 4.7695218106833866e-05
X;14;4 0.00046042909996639594
X;14;5 0.0
X;15;0 0.0
X;15;1 0.0009923515298233107
X;15;2 7.992642145737434e-05
X;15;3 3.974601508902822e-05
X;15;4 0.00027763834014642966
X;15;5 0.0
X;16;0 0.0
X;16;1 0.0006721599998502536
X;16;2 4.7955852874424605e-05
X;16;3 6.359362414244515e-05
X;16;4 0.00046042909996639594
X;16;5 0.0
X;17;0 0.0
X;17;1 0.0010445009231760916
X;17;2 7.992642145737434e-05
X;17;3 5.564442112463951e-05
X;17;4 0.0
X;17;5 0.0
X;18;0 0.004030647094007648
X;18;1 0.00115107274991599
X;18;2 4.8220327680869075e-05
X;18;3 1.5898406035611288e-05
X;18;4 0.0006642920227031224
X;18;5 0.0
X;19;0 0.0015056565024744526
X;19;1 0.00047451039621385034
X;19;2 3.974601508902822e-05
X;19;3 4.7695218106833866e-05
X;19;4 0.0003360799999251268
X;19;5 0.0
Y;0;0 0.0023134596559068864
Y;0;1 0.00013881917007321483
Y;0;2 0.0
Y;0;3 0.0
Y;0;4 0.0001680399999625634
Y;0;5 0.0
Y;1;0 0.0
Y;1;1 0.0002968619895101835
Y;1;2 3.1796812071222575e-05
Y;1;3 0.0
Y;1;4 9.807555073334139e-05
Y;1;5 0.0
Y;2;0 0.0
Y;2;1 0.00016253729022073387
Y;2;2 0.0
Y;2;3 3.1796812071222575e-05
Y;2;4 0.0003360799999251268
Y;2;5 0.0
Y;3;0 0.0
Y;3;1 0.00030474339370768495
Y;3;2 0.0
Y;3;3 0.0
Y;3;4 0.0
Y;3;5 0.0
Y;4;0 0.0
Y;4;1 0.00037637260902529513
Y;4;2 0.0
Y;4;3 0.0
Y;4;4 0.00012933137239975307
Y;4;5 0.0
Y;5;0 0.0
Y;5;1 0.0
Y;5;2 0.0
Y;5;3 0.0
Y;5;4 0.0006326805282851338
Y;5;5 0.0
Y;6;0 0.0
Y;6;1 0.0005535766855859353
Y;6;2 0.0
Y;6;3 6.465165208987677e-05
Y;6;4 0.00124630909120151
Y;6;5 0.0
Y;7;0 0.0
Y;7;1 0.0
Y;7;2 0.0
Y;7;3 3.974601508902822e-05
Y;7;4 0.0
Y;7;5 0.0
Y;8;0 0.0
Y;8;1 0.00018818630451264756
Y;8;2 2.3847609053416933e-05
Y;8;3 0.00019182341149769842
Y;8;4 0.00017804415588592998
Y;8;5 0.0
Y;9;0 0.0
Y;9;1 0.0
Y;9;2 1.5898406035611288e-05
Y;9;3 0.0
Y;9;4 0.0006584404159323453
Y;9;5 0.0
Y;10;0 0.0
Y;10;1 0.0
Y;10;2 0.0
Y;10;3 0.0001496804328087388
Y;10;4 0.0009717341905125037
Y;10;5 0.0
Y;11;0 0.0
Y;11;1 0.0005672054246027157
Y;11;2 0.0
Y;11;3 0.0
Y;11;4 0.0
Y;11;5 0.0
Y;12;0 0.0
Y;12;1 0.0
Y;12;2 0.0
Y;12;3 8.74412331958621e-05
Y;12;4 0.0
Y;12;5 0.0
Y;13;0 0.0019019774588955461
Y;13;1 0.00041645751021964443
Y;13;2 7.949203017805644e-05
Y;13;3 0.0
Y;13;4 0.0
Y;13;5 0.0
Y;14;0 0.0
Y;14;1 0.00025216525818149294
Y;14;2 0.0
Y;14;3 0.0
Y;14;4 0.00026455363724393996
Y;14;5 0.0
Y;15;0 0.0
Y;15;1 0.0007421549737754588
Y;15;2 7.992642145737434e-05
Y;15;3 3.974601508902822e-05
Y;15;4 0.0004389602772882302
Y;15;5 0.0
Y;16;0 0.0
Y;16;1 0.0
Y;16;2 0.0
Y;16;3 8.74412331958621e-05
Y;16;4 0.0
Y;16;5 0.0
Y;17;0 0.0
Y;17;1 0.0016487488667364003
Y;17;2 2.3847609053416933e-05
Y;17;3 0.0
Y;17;4 3.2325826044938384e-05
Y;17;5 0.0
Y;18;0 0.0
Y;18;1 0.0005535766855859353
Y;18;2 4.7955852874424605e-05
Y;18;3 1.5898406035611288e-05
Y;18;4 0.0016115018498823858
Y;18;5 0.0
Y;19;0 0.0015056565024744526
Y;19;1 0.0004452929842652753
Y;19;2 0.0
Y;19;3 9.591170574884921e-05
Y;19;4 0.0004389602772882302
Y;19;5 0.0
Z;0;0 0.0
Z;0;1 0.0005727423040613578
Z;0;2 4.8220327680869075e-05
Z;0;3 4.7695218106833866e-05
Z;0;4 0.0005018774353970204
Z;0;5 0.0015696354561432983
Z;1;0 0.0
Z;1;1 0.0004389602772882302
Z;1;2 3.1796812071222575e-05
Z;1;3 0.0
Z;1;4 0.0004178003692704366
Z;1;5 0.0
Z;2;0 0.0
Z;2;1 0.0003163402641425669
Z;2;2 0.0
Z;2;3 0.0
Z;2;4 0.0002089001846352183
Z;2;5 0.0
Z;3;0 0.0
Z;3;1 0.00044286134846874823
Z;3;2 0.0
Z;3;3 0.0
Z;3;4 0.0005041199998876901
Z;3;5 0.0
Z;4;0 0.0
Z;4;1 0.00011071533711718706
Z;4;2 0.0
Z;4;3 0.0
Z;4;4 0.0003969406119293243
Z;4;5 0.0
Z;5;0 0.0
Z;5;1 0.00024110799541344845
Z;5;2 5.564442112463951e-05
Z;5;3 0.0
Z;5;4 0.0005079056561794749
Z;5;5 0.004030647094007648
Z;6;0 0.0
Z;6;1 0.0009667388182304896
Z;6;2 6.465165208987677e-05
Z;6;3 1.5898406035611288e-05
Z;6;4 0.00037637260902529513
Z;6;5 0.009342120670510679
Z;7;0 0.0
Z;7;1 0.0
Z;7;2 0.0004848873906740758
Z;7;3 1.5898406035611288e-05
Z;7;4 0.0
Z;7;5 0.0
Z;8;0 0.0
Z;8;1 0.0002089001846352183
Z;8;2 2.3847609053416933e-05
Z;8;3 0.00019182341149769842
Z;8;4 0.00018818630451264756
Z;8;5 0.0
Z;9;0 0.0
Z;9;1 0.00016729247846567348
Z;9;2 4.7695218106833866e-05
Z;9;3 0.0
Z;9;4 0.00025216525818149294
Z;9;5 0.0
Z;10;0 0.008479747292911413
Z;10;1 0.0
Z;10;2 6.465165208987677e-05
Z;10;3 0.0001446609830426072
Z;10;4 0.0003729763253074314
Z;10;5 0.0
Z;11;0 0.0
Z;11;1 0.0
Z;11;2 0.0004848873906740758
Z;11;3 3.197056858294973e-05
Z;11;4 0.0
Z;11;5 0.0
Z;12;0 0.0
Z;12;1 0.0
Z;12;2 0.0
Z;12;3 0.0
Z;12;4 0.0
Z;12;5 0.0
Z;13;0 0.0
Z;13;1 0.0
Z;13;2 0.0
Z;13;3 0.0001438675586232738
Z;13;4 0.0006466568619987655
Z;13;5 0.0
Z;14;0 0.0
Z;14;1 0.0004452929842652753
Z;14;2 0.0
Z;14;3 0.0
Z;14;4 0.0
Z;14;5 0.0
Z;15;0 0.0
Z;15;1 0.0002089001846352183
Z;15;2 0.0
Z;15;3 4.7955852874424605e-05
Z;15;4 0.0005727423040613578
Z;15;5 0.0
Z;16;0 0.0
Z;16;1 0.0
Z;16;2 0.0
Z;16;3 0.0
Z;16;4 0.0
Z;16;5 0.0
Z;17;0 0.0
Z;17;1 0.0015129915490889577
Z;17;2 3.974601508902822e-05
Z;17;3 0.0
Z;17;4 7.48402164043694e-05
Z;17;5 0.0
Z;18;0 0.0023134596559068864
Z;18;1 0.0004798577667242191
Z;18;2 0.0
Z;18;3 3.1796812071222575e-05
Z;18;4 0.0007908506603564172
Z;18;5 0.0
Z;19;0 0.0
Z;19;1 0.0
Z;19;2 0.0
Z;19;3 4.7695218106833866e-05
Z;19;4 0.0005043305163629859
Z;19;5 0.0
W;0;0 0.0
W;0;1 0.0010082399997753803
W;0;2 2.3847609053416933e-05
W;0;3 0.0
W;0;4 0.00016729247846567348
W;0;5 0.0
W;1;0 0.0
W;1;1 0.0006584404159323453
W;1;2 0.0
W;1;3 0.0
W;1;4 0.0005954109178939865
W;1;5 0.0
W;2;0 0.0
W;2;1 0.0
W;2;2 0.0
W;2;3 0.0
W;2;4 0.00019847030596466215
W;2;5 0.0
W;3;0 0.0
W;3;1 0.0007121766235437199
W;3;2 0.0
W;3;3 0.0
W;3;4 0.0003321460113515612
W;3;5 0.0
W;4;0 0.0
W;4;1 0.00015817013207128345
W;4;2 4.7695218106833866e-05
W;4;3 5.564442112463951e-05
W;4;4 0.0006584404159323453
W;4;5 0.0
W;5;0 0.0
W;5;1 0.0003729763253074314
W;5;2 7.949203017805644e-06
W;5;3 0.00010333963923147339
W;5;4 0.0003163402641425669
W;5;5 0.0
W;6;0 0.008479747292911413
W;6;1 0.0
W;6;2 1.5898406035611288e-05
W;6;3 2.3847609053416933e-05
W;6;4 0.0010086610327259718
W;6;5 0.0
W;7;0 0.0
W;7;1 0.0
W;7;2 0.0
W;7;3 0.0001271872482848903
W;7;4 0.0
W;7;5 0.0
W;8;0 0.0
W;8;1 0.00015817013207128345
W;8;2 0.0007759882343985185
W;8;3 0.0006642920227031224
W;8;4 0.00033458495693134695
W;8;5 0.0
W;9;0 0.0
W;9;1 0.001880101661716965
W;9;2 0.0
W;9;3 0.0
W;9;4 0.0002863711520306789
W;9;5 0.0
W;10;0 0.0
W;10;1 0.00029813610890306203
W;10;2 0.0002438059353311008
W;10;3 0.00011507676014668843
W;10;4 0.0
W;10;5 0.007275074277346629
W;11;0 0.0
W;11;1 0.0
W;11;2 0.0
W;11;3 1.5985284291474866e-05
W;11;4 0.0
W;11;5 0.0
W;12;0 0.0
W;12;1 0.0003360799999251268
W;12;2 9.591170574884921e-05
W;12;3 1.5898406035611288e-05
W;12;4 0.0014623012924465282
W;12;5 0.0
W;13;0 0.0
W;13;1 0.00035608831177185997
W;13;2 0.00011189699004032407
W;13;3 6.359362414244515e-05
W;13;4 0.0
W;13;5 0.0
W;14;0 0.0
W;14;1 0.00010158113123589498
W;14;2 0.0
W;14;3 0.0
W;14;4 0.0
W;14;5 0.0
W;15;0 0.0
W;15;1 0.0005727423040613578
W;15;2 2.3847609053416933e-05
W;15;3 0.0
W;15;4 0.0002194801386441151
W;15;5 0.0
W;16;0 0.0
W;16;1 0.0007938812238586486
W;16;2 4.7955852874424605e-05
W;16;3 6.359362414244515e-05
W;16;4 0.00046042909996639594
W;16;5 0.0
W;17;0 0.0
W;17;1 0.0013168808318646905
W;17;2 6.394113716589946e-05
W;17;3 5.564442112463951e-05
W;17;4 0.0
W;17;5 0.0
W;18;0 0.0
W;18;1 0.000694095850366074
W;18;2 0.0
W;18;3 0.0
W;18;4 0.0006466568619987655
W;18;5 0.0
W;19;0 0.0
W;19;1 0.0006692088959522596
W;19;2 9.591170574884921e-05
W;19;3 0.0
W;19;4 0.0
W;19;5 0.0
