X;0;0 0.0
X;0;1 0.00028578729260569203
X;0;2 0.0
X;0;3 0.0
X;0;4 0.0
X;0;5 0.0
X;1;0 0.0
X;1;1 0.0
X;1;2 9.058327765169091e-05
X;1;3 6.306367727459145e-05
X;1;4 0.00040787910171558625
X;1;5 0.0
X;2;0 0.0
X;2;1 6.521016408312345e-05
X;2;2 5.405458052107838e-05
X;2;3 4.504548376756532e-05
X;2;4 0.0004719851782489304
X;2;5 0.0
X;3;0 0.0
X;3;1 0.0
X;3;2 9.009096753513063e-06
X;3;3 4.504548376756532e-05
X;3;4 0.0013191799984774814
X;3;5 0.0
X;4;0 0.0
X;4;1 0.0002732557281352416
X;4;2 5.405458052107838e-05
X;4;3 6.306367727459145e-05
X;4;4 0.00013595970057186208
X;4;5 0.0
X;5;0 0.0
X;5;1 0.0
X;5;2 7.207277402810451e-05
X;5;3 4.504548376756532e-05
X;5;4 0.00033644358811154136
X;5;5 0.0
X;6;0 0.0
X;6;1 0.0005715745852113841
X;6;2 0.00023026116114603965
X;6;3 2.702729026053919e-05
X;6;4 0.00029982745554313193
X;6;5 0.001062085795943145
X;7;0 0.0
X;7;1 0.0
X;7;2 0.0002302505641346953
X;7;3 0.00019127396646744733
X;7;4 0.0006907516924040859
X;7;5 0.0
X;8;0 0.0
X;8;1 0.0004605011282693906
X;8;2 0.0004739953556527415
X;8;3 0.0005438388022874483
X;8;4 0.00029315111077277367
X;8;5 0.0
X;9;0 0.0
X;9;1 0.0014057689490028352
X;9;2 6.306367727459145e-05
X;9;3 0.0
X;9;4 0.00027191940114372416
X;9;5 0.0
X;10;0 0.0
X;10;1 0.0
X;10;2 0.00019127396646744733
X;10;3 0.0
X;10;4 0.00018420892891683174
X;10;5 0.0007680679837575263
X;11;0 0.0
X;11;1 0.0
X;11;2 0.0007328777769319341
X;11;3 3.6036387014052253e-05
X;11;4 0.0002223045816622405
X;11;5 0.0019421727719446367
X;12;0 0.0
X;12;1 0.00023675354258658078
X;12;2 6.306367727459145e-05
X;12;3 0.0001086999331820291
X;12;4 0.0001904453332909052
X;12;5 0.0
X;13;0 0.0
X;13;1 0.00015732839274964347
X;13;2 5.405458052107838e-05
X;13;3 0.0001086999331820291
X;13;4 0.0003808906665818104
X;13;5 0.0
X;14;0 0.0
X;14;1 0.00033644358811154136
X;14;2 4.504548376756532e-05
X;14;3 3.6036387014052253e-05
X;14;4 0.0010436392932571643
X;14;5 0.0
X;15;0 0.0
X;15;1 0.0008997320537064685
X;15;2 9.058327765169091e-05
X;15;3 4.504548376756532e-05
X;15;4 0.00015732839274964347
X;15;5 0.0
X;16;0 0.0
X;16;1 0.0001904453332909052
X;16;2 0.00014493324424270546
X;16;3 5.405458052107838e-05
X;16;4 0.0
X;16;5 0.0
X;17;0 0.0
X;17;1 0.00023675354258658078
X;17;2 0.0001268165887123673
X;17;3 5.405458052107838e-05
X;17;4 0.00021327781178100057
X;17;5 0.0
X;18;0 0.0
X;18;1 0.00026090982331429107
X;18;2 0.00016394911411495486
X;18;3 2.702729026053919e-05
X;18;4 0.0006273869103307267
X;18;5 0.0
X;19;0 0.0
X;19;1 0.0005377784490423638
X;19;2 4.504548376756532e-05
X;19;3 5.405458052107838e-05
X;19;4 0.0001904453332909052
X;19;5 0.0
Y;0;0 0.0
Y;0;1 0.00015732839274964347
Y;0;2 0.0
Y;0;3 0.0
Y;0;4 0.0007617813331636208
Y;0;5 0.0
Y;1;0 0.0
Y;1;1 0.000504665382167312
Y;1;2 4.504548376756532e-05
Y;1;3 0.0
Y;1;4 5.5576145415560125e-05
Y;1;5 0.0
Y;2;0 0.0
Y;2;1 4.6052232229207936e-05
Y;2;2 0.0
Y;2;3 4.504548376756532e-05
Y;2;4 0.0005713359998727156
Y;2;5 0.0
Y;3;0 0.0
Y;3;1 0.0
Y;3;2 0.0
Y;3;3 0.0
Y;3;4 0.00157453109398632
Y;3;5 0.0
Y;4;0 0.0
Y;4;1 0.00042655562356200114
Y;4;2 0.0
Y;4;3 0.0
Y;4;4 0.0007328777769319341
Y;4;5 0.0
Y;5;0 0.0
Y;5;1 0.0
Y;5;2 0.0
Y;5;3 0.0
Y;5;4 0.00017925948301412124
Y;5;5 0.0
Y;6;0 0.0
Y;6;1 0.0005019095282645814
Y;6;2 0.0
Y;6;3 0.0001099078085527905
Y;6;4 0.000605350130012162
Y;6;5 0.0
Y;7;0 0.0
Y;7;1 0.0
Y;7;2 0.0
Y;7;3 0.00010810916104215676
Y;7;4 0.0
Y;7;5 0.0
Y;8;0 0.002861656003737622
Y;8;1 0.0006398334353430017
Y;8;2 4.504548376756532e-05
Y;8;3 7.246662212135273e-05
Y;8;4 0.00040356675334144137
Y;8;5 0.0
Y;9;0 0.0
Y;9;1 0.00029315111077277367
Y;9;2 6.306367727459145e-05
Y;9;3 0.0
Y;9;4 0.0002487441571299971
Y;9;5 0.0
Y;10;0 0.0
Y;10;1 0.0
Y;10;2 0.0
Y;10;3 0.000254456735774856
Y;10;4 0.0006293135709985739
Y;10;5 0.0
Y;11;0 0.0
Y;11;1 0.0
Y;11;2 0.0
Y;11;3 0.0
Y;11;4 0.0024223157273826194
Y;11;5 0.0
Y;12;0 0.0
Y;12;1 0.0005511654018711375
Y;12;2 0.0
Y;12;3 9.91000642886437e-05
Y;12;4 0.0
Y;12;5 0.0
Y;13;0 0.0
Y;13;1 0.0006293135709985739
Y;13;2 4.504548376756532e-05
Y;13;3 0.0
Y;13;4 0.0003585189660282425
Y;13;5 0.0
Y;14;0 0.0
Y;14;1 0.000857361877817076
Y;14;2 0.0
Y;14;3 0.0
Y;14;4 0.00014991372777156597
Y;14;5 0.0
Y;15;0 0.0
Y;15;1 0.0006728871762230827
Y;15;2 9.058327765169091e-05
Y;15;3 4.504548376756532e-05
Y;15;4 0.0002487441571299971
Y;15;5 0.0
Y;16;0 0.0
Y;16;1 0.0
Y;16;2 0.0
Y;16;3 9.009096753513064e-05
Y;16;4 0.0005171470731042584
Y;16;5 0.0
Y;17;0 0.0
Y;17;1 0.0009342910244839602
Y;17;2 3.6036387014052253e-05
Y;17;3 0.0
Y;17;4 7.327187236852701e-05
Y;17;5 0.0020442982928945167
Y;18;0 0.0
Y;18;1 0.000376432146198436
Y;18;2 9.058327765169091e-05
Y;18;3 4.504548376756532e-05
Y;18;4 0.0005218196466285821
Y;18;5 0.0
Y;19;0 0.003412821405608759
Y;19;1 0.0006728871762230827
Y;19;2 0.0
Y;19;3 5.434996659101455e-05
Y;19;4 0.0004974883142599943
Y;19;5 0.00243596798393263
Z;0;0 0.0
Z;0;1 0.00032455397230143614
Z;0;2 0.00010929940940996991
Z;0;3 4.504548376756532e-05
Z;0;4 0.0004739953556527415
Z;0;5 0.0
Z;1;0 0.0
Z;1;1 0.0
Z;1;2 1.8018193507026127e-05
Z;1;3 0.0
Z;1;4 0.0
Z;1;5 0.0
Z;2;0 0.0
Z;2;1 0.00017925948301412124
Z;2;2 0.0
Z;2;3 0.0
Z;2;4 0.00023675354258658078
Z;2;5 0.0
Z;3;0 0.0
Z;3;1 0.00012547738206614535
Z;3;2 0.0
Z;3;3 0.0
Z;3;4 0.0
Z;3;5 0.0
Z;4;0 0.0
Z;4;1 0.000752864292396872
Z;4;2 0.0
Z;4;3 0.0
Z;4;4 0.00044986602685323425
Z;4;5 0.0
Z;5;0 0.0
Z;5;1 0.0
Z;5;2 9.91000642886437e-05
Z;5;3 0.0
Z;5;4 0.0002302505641346953
Z;5;5 0.0
Z;6;0 0.0
Z;6;1 0.0
Z;6;2 0.0001099078085527905
Z;6;3 5.405458052107838e-05
Z;6;4 0.0006398334353430017
Z;6;5 0.003970401284967039
Z;7;0 0.0
Z;7;1 0.0
Z;7;2 0.00025645155328984454
Z;7;3 7.207277402810451e-05
Z;7;4 0.0
Z;7;5 0.0
Z;8;0 0.0020442982928945167
Z;8;1 0.0007102606277597423
Z;8;2 4.504548376756532e-05
Z;8;3 7.246662212135273e-05
Z;8;4 0.00042655562356200114
Z;8;5 0.0
Z;9;0 0.0
Z;9;1 0.00018959814226109662
Z;9;2 1.8018193507026127e-05
Z;9;3 0.0
Z;9;4 0.0
Z;9;5 0.0
Z;10;0 0.004805190132649801
Z;10;1 0.0010543140724498616
Z;10;2 0.00018317968092131752
Z;10;3 5.464970470498496e-05
Z;10;4 0.00042270650201508896
Z;10;5 0.0
Z;11;0 0.0
Z;11;1 0.0
Z;11;2 0.00014654374473705402
Z;11;3 0.00019928321083372003
Z;11;4 0.0
Z;11;5 0.0
Z;12;0 0.0
Z;12;1 0.0
Z;12;2 0.0
Z;12;3 0.0
Z;12;4 0.0
Z;12;5 0.0
Z;13;0 0.0
Z;13;1 0.00029315111077277367
Z;13;2 0.0
Z;13;3 7.246662212135273e-05
Z;13;4 0.0007328777769319341
Z;13;5 0.0
Z;14;0 0.0
Z;14;1 0.0
Z;14;2 0.0
Z;14;3 0.0
Z;14;4 0.0
Z;14;5 0.0
Z;15;0 0.0
Z;15;1 0.00023675354258658078
Z;15;2 0.0
Z;15;3 3.6233311060676366e-05
Z;15;4 0.0
Z;15;5 0.0
Z;16;0 0.0
Z;16;1 0.0005511654018711375
Z;16;2 0.0
Z;16;3 0.0
Z;16;4 0.0
Z;16;5 0.0
Z;17;0 0.0
Z;17;1 0.00028578729260569203
Z;17;2 5.405458052107838e-05
Z;17;3 0.0
Z;17;4 0.00016963782384990398
Z;17;5 0.0
Z;18;0 0.0
Z;18;1 0.00013595970057186208
Z;18;2 0.0
Z;18;3 3.6036387014052253e-05
Z;18;4 0.0
Z;18;5 0.0
Z;19;0 0.004568066706542002
Z;19;1 0.0001904453332909052
Z;19;2 0.0
Z;19;3 5.405458052107838e-05
Z;19;4 0.000857361877817076
Z;19;5 0.0
W;0;0 0.0
W;0;1 0.0003808906665818104
W;0;2 7.207277402810451e-05
W;0;3 0.0
W;0;4 0.00037919628452219323
W;0;5 0.0
W;1;0 0.0
W;1;1 0.0
W;1;2 0.0
W;1;3 0.0
W;1;4 0.0
W;1;5 0.0
W;2;0 0.0
W;2;1 0.00029851018604801574
W;2;2 0.0
W;2;3 0.0
W;2;4 0.00022493301342661713
W;2;5 0.0
W;3;0 0.0
W;3;1 0.0
W;3;2 0.0
W;3;3 0.0
W;3;4 0.00012547738206614535
W;3;5 0.0
W;4;0 0.0
W;4;1 0.00017925948301412124
W;4;2 6.306367727459145e-05
W;4;3 5.405458052107838e-05
W;4;4 0.0002487441571299971
W;4;5 0.0
W;5;0 0.0
W;5;1 0.001268119506045267
W;5;2 9.009096753513063e-06
W;5;3 8.108187078161757e-05
W;5;4 0.0003585189660282425
W;5;5 0.0
W;6;0 0.0036038925994873504
W;6;1 0.0008531112471240023
W;6;2 2.702729026053919e-05
W;6;3 2.702729026053919e-05
W;6;4 0.0005715745852113841
W;6;5 0.0
W;7;0 0.0
W;7;1 0.0002487441571299971
W;7;2 0.0
W;7;3 2.702729026053919e-05
W;7;4 0.0
W;7;5 0.0
W;8;0 0.0
W;8;1 0.000717037932056485
W;8;2 0.0005863022215455473
W;8;3 0.0006273869103307267
W;8;4 0.00018959814226109662
W;8;5 0.0
W;9;0 0.0
W;9;1 0.0
W;9;2 0.0
W;9;3 0.0
W;9;4 0.0
W;9;5 0.0
W;10;0 0.0
W;10;1 0.000675775180180274
W;10;2 9.210446445841587e-05
W;10;3 0.0002608406563324938
W;10;4 0.0007462324713899914
W;10;5 0.004122542090496424
W;11;0 0.0
W;11;1 0.0
W;11;2 0.0
W;11;3 0.00014493324424270546
W;11;4 0.0005006448836907751
W;11;5 0.0
W;12;0 0.0
W;12;1 0.0001904453332909052
W;12;2 0.0001086999331820291
W;12;3 6.306367727459145e-05
W;12;4 0.00023675354258658078
W;12;5 0.0
W;13;0 0.0
W;13;1 0.00020178337667072069
W;13;2 0.00016304989977304363
W;13;3 4.504548376756532e-05
W;13;4 0.0
W;13;5 0.0
W;14;0 0.0
W;14;1 0.0
W;14;2 0.0
W;14;3 0.0
W;14;4 0.0
W;14;5 0.0
W;15;0 0.0
W;15;1 0.0
W;15;2 1.8018193507026127e-05
W;15;3 0.0
W;15;4 0.0002487441571299971
W;15;5 0.0
W;16;0 0.0
W;16;1 0.00022493301342661713
W;16;2 0.00014493324424270546
W;16;3 5.405458052107838e-05
W;16;4 0.0
W;16;5 0.0
W;17;0 0.0
W;17;1 0.0002487441571299971
W;17;2 0.0001086999331820291
W;17;3 7.207277402810451e-05
W;17;4 0.0
W;17;5 0.0
W;18;0 0.0
W;18;1 0.00015732839274964347
W;18;2 0.0
W;18;3 0.0
W;18;4 0.00029315111077277367
W;18;5 0.0021555744534149527
W;19;0 0.0
W;19;1 0.0011376551231188413
W;19;2 5.434996659101455e-05
W;19;3 0.0
W;19;4 0.0008962974150706061
W;19;5 0.0
