X;0;0 0.0
X;0;1 0.000428680938908538
X;0;2 0.0
X;0;3 0.0
X;0;4 0.00015735030736125342
X;0;5 0.0
X;1;0 0.0
X;1;1 0.0002359925891244652
X;1;2 0.00014946240812529002
X;1;3 4.0540935390808783e-05
X;1;4 0.00010196977542889656
X;1;5 0.0
X;2;0 0.0
X;2;1 4.890762306234258e-05
X;2;2 6.756822565134798e-05
X;2;3 6.0811403086213175e-05
X;2;4 0.0
X;2;5 0.0
X;3;0 0.0
X;3;1 0.0
X;3;2 2.0270467695404392e-05
X;3;3 8.783869334675238e-05
X;3;4 0.0004397266661591605
X;3;5 0.0
X;4;0 0.0
X;4;1 0.0006148253883042935
X;4;2 2.702729026053919e-05
X;4;3 8.108187078161757e-05
X;4;4 0.00010196977542889656
X;4;5 0.0
X;5;0 0.0
X;5;1 0.0
X;5;2 2.702729026053919e-05
X;5;3 0.00010135233847702197
X;5;4 0.000126166345541828
X;5;5 0.0
X;6;0 0.0
X;6;1 0.0
X;6;2 0.00024177421920334167
X;6;3 6.756822565134798e-05
X;6;4 0.0001686529437430117
X;6;5 0.0
X;7;0 0.0
X;7;1 0.0
X;7;2 0.0
X;7;3 0.00022543003190806293
X;7;4 0.0006907516924040859
X;7;5 0.000846591039253319
X;8;0 0.0
X;8;1 8.634396155051073e-05
X;8;2 0.0007820923368270235
X;8;3 0.0008157582034311725
X;8;4 0.0
X;8;5 0.0
X;9;0 0.0
X;9;1 0.0003514422372507088
X;9;2 2.0270467695404392e-05
X;9;3 0.0
X;9;4 0.00020393955085779312
X;9;5 0.0
X;10;0 0.0
X;10;1 0.0
X;10;2 6.148091779310806e-05
X;10;3 0.0
X;10;4 0.0004144700900628714
X;10;5 0.001728152963454434
X;11;0 0.0
X;11;1 0.0
X;11;2 0.00010993166653979012
X;11;3 3.378411282567399e-05
X;11;4 0.0005835495268633813
X;11;5 0.0
X;12;0 0.0
X;12;1 0.00035513031387987115
X;12;2 4.7297757955943585e-05
X;12;3 0.00013587491647753638
X;12;4 0.0001428339999681789
X;12;5 0.0
X;13;0 0.0
X;13;1 0.0002359925891244652
X;13;2 8.783869334675238e-05
X;13;3 5.434996659101455e-05
X;13;4 0.0001428339999681789
X;13;5 0.0
X;14;0 0.0
X;14;1 0.000126166345541828
X;14;2 7.432504821648277e-05
X;14;3 3.378411282567399e-05
X;14;4 0.0005870471024571549
X;14;5 0.0
X;15;0 0.0
X;15;1 0.002193096880909517
X;15;2 6.793745823876819e-05
X;15;3 1.3513645130269595e-05
X;15;4 0.0
X;15;5 0.0
X;16;0 0.0
X;16;1 0.00042850199990453663
X;16;2 0.00012228742482978274
X;16;3 4.0540935390808783e-05
X;16;4 0.0003913647349714366
X;16;5 0.0
X;17;0 0.0
X;17;1 0.00017756515693993557
X;17;2 8.152494988652182e-05
X;17;3 7.432504821648277e-05
X;17;4 0.00031991671767150085
X;17;5 0.0
X;18;0 0.0
X;18;1 0.0
X;18;2 6.148091779310806e-05
X;18;3 0.00010135233847702197
X;18;4 0.000188216073099218
X;18;5 0.0
X;19;0 0.0012798080271032848
X;19;1 0.0008066676735635455
X;19;2 1.3513645130269595e-05
X;19;3 6.0811403086213175e-05
X;19;4 0.0002856679999363578
X;19;5 0.0
Y;0;0 0.0019664407075208534
Y;0;1 0.000589981472811163
Y;0;2 0.0
Y;0;3 0.0
Y;0;4 0.0002856679999363578
Y;0;5 0.0
Y;1;0 0.0
Y;1;1 0.000126166345541828
Y;1;2 3.378411282567399e-05
Y;1;3 0.0
Y;1;4 8.336421812334017e-05
Y;1;5 0.0
Y;2;0 0.0
Y;2;1 3.453917417190595e-05
Y;2;2 0.0
Y;2;3 5.405458052107838e-05
Y;2;4 0.0
Y;2;5 0.0
Y;3;0 0.0
Y;3;1 8.634396155051073e-05
Y;3;2 0.0
Y;3;3 0.0
Y;3;4 0.0006747990402798514
Y;3;5 0.0
Y;4;0 0.0
Y;4;1 0.00015995835883575042
Y;4;2 0.0
Y;4;3 0.0
Y;4;4 0.0006595899992387407
Y;4;5 0.0
Y;5;0 0.0
Y;5;1 0.0
Y;5;2 0.0
Y;5;3 0.0
Y;5;4 0.00040333383678177275
Y;5;5 0.0
Y;6;0 0.0
Y;6;1 0.000188216073099218
Y;6;2 0.0
Y;6;3 0.000219815617105581
Y;6;4 0.0004540125975091215
Y;6;5 0.0
Y;7;0 0.0
Y;7;1 0.0
Y;7;2 0.0
Y;7;3 7.432504821648277e-05
Y;7;4 0.0
Y;7;5 0.0
Y;8;0 0.0
Y;8;1 0.0009597501530145025
Y;8;2 6.756822565134798e-05
Y;8;3 4.076247494326091e-05
Y;8;4 0.0001513375325030405
Y;8;5 0.0
Y;9;0 0.0
Y;9;1 0.00021986333307958024
Y;9;2 2.702729026053919e-05
Y;9;3 0.0
Y;9;4 0.0003731162356949957
Y;9;5 0.0
Y;10;0 0.0
Y;10;1 0.0
Y;10;2 0.0
Y;10;3 0.000127228367887428
Y;10;4 0.0001179962945622326
Y;10;5 0.0
Y;11;0 0.0
Y;11;1 0.0
Y;11;2 0.0
Y;11;3 0.0
Y;11;4 0.0
Y;11;5 0.0
Y;12;0 0.0
Y;12;1 0.0
Y;12;2 0.0
Y;12;3 9.459551591188717e-05
Y;12;4 0.0003514422372507088
Y;12;5 0.0
Y;13;0 0.0
Y;13;1 0.0002359925891244652
Y;13;2 2.0270467695404392e-05
Y;13;3 0.0
Y;13;4 0.0002688892245211819
Y;13;5 0.0
Y;14;0 0.0
Y;14;1 0.0
Y;14;2 0.0
Y;14;3 0.0
Y;14;4 5.621764791433724e-05
Y;14;5 0.0
Y;15;0 0.0
Y;15;1 0.00189249518312742
Y;15;2 4.076247494326091e-05
Y;15;3 1.3513645130269595e-05
Y;15;4 0.0
Y;15;5 0.0
Y;16;0 0.0
Y;16;1 0.0
Y;16;2 0.0
Y;16;3 7.432504821648277e-05
Y;16;4 0.00038786030482819374
Y;16;5 0.0
Y;17;0 0.0
Y;17;1 0.0
Y;17;2 6.0811403086213175e-05
Y;17;3 0.0
Y;17;4 2.7476952138197627e-05
Y;17;5 0.0
Y;18;0 0.0
Y;18;1 0.000188216073099218
Y;18;2 0.0001766373914207973
Y;18;3 2.702729026053919e-05
Y;18;4 0.0001956823674857183
Y;18;5 0.0
Y;19;0 0.0025596160542065696
Y;19;1 0.0007569980732509679
Y;19;2 0.0
Y;19;3 0.0001086999331820291
Y;19;4 0.00018655811784749784
Y;19;5 0.0
Z;0;0 0.0
Z;0;1 0.0
Z;0;2 0.00014345547485058552
Z;0;3 6.756822565134798e-05
Z;0;4 0.00021329791004373366
Z;0;5 0.0
Z;1;0 0.0
Z;1;1 0.0003731162356949957
Z;1;2 8.783869334675238e-05
Z;1;3 0.0
Z;1;4 0.0
Z;1;5 0.0
Z;2;0 0.0
Z;2;1 0.0
Z;2;2 0.0
Z;2;3 0.0
Z;2;4 0.0005326954708198067
Z;2;5 0.0
Z;3;0 0.0
Z;3;1 9.4108036549609e-05
Z;3;2 0.0
Z;3;3 0.0
Z;3;4 0.0
Z;3;5 0.0
Z;4;0 0.0
Z;4;1 0.000564648219297654
Z;4;2 0.0
Z;4;3 0.0
Z;4;4 0.00016869976006996285
Z;4;5 0.0
Z;5;0 0.0
Z;5;1 0.0
Z;5;2 4.7297757955943585e-05
Z;5;3 0.0
Z;5;4 0.0004317198077525537
Z;5;5 0.0068521000598130025
Z;6;0 0.0
Z;6;1 0.0
Z;6;2 0.00038467732993476683
Z;6;3 2.702729026053919e-05
Z;6;4 0.00031991671767150085
Z;6;5 0.0
Z;7;0 0.002832874683220785
Z;7;1 0.00480584396281972
Z;7;2 0.00016486171282918577
Z;7;3 6.7568225651347975e-06
Z;7;4 0.0
Z;7;5 0.0
Z;8;0 0.0
Z;8;1 0.0010653909416396133
Z;8;2 6.0811403086213175e-05
Z;8;3 5.434996659101455e-05
Z;8;4 0.00015995835883575042
Z;8;5 0.0
Z;9;0 0.0
Z;9;1 0.00014219860669582244
Z;9;2 5.405458052107838e-05
Z;9;3 0.0
Z;9;4 0.000214340469454269
Z;9;5 0.0
Z;10;0 0.0
Z;10;1 0.0002635785181124654
Z;10;2 0.000439631234211162
Z;10;3 6.148091779310806e-05
Z;10;4 0.0
Z;10;5 0.0
Z;11;0 0.0
Z;11;1 0.0
Z;11;2 2.7476952138197627e-05
Z;11;3 8.152494988652182e-05
Z;11;4 0.004723515668396108
Z;11;5 0.0
Z;12;0 0.0
Z;12;1 0.0003514422372507088
Z;12;2 0.0
Z;12;3 0.0
Z;12;4 0.0
Z;12;5 0.0
Z;13;0 0.0
Z;13;1 0.00021986333307958024
Z;13;2 0.0
Z;13;3 4.076247494326091e-05
Z;13;4 0.00021986333307958024
Z;13;5 0.0
Z;14;0 0.0
Z;14;1 0.000126166345541828
Z;14;2 0.0
Z;14;3 0.0
Z;14;4 0.00035513031387987115
Z;14;5 0.0
Z;15;0 0.0
Z;15;1 0.0
Z;15;2 0.0
Z;15;3 0.00013587491647753638
Z;15;4 0.0
Z;15;5 0.0
Z;16;0 0.0
Z;16;1 0.0
Z;16;2 0.0
Z;16;3 0.0
Z;16;4 0.0
Z;16;5 0.0
Z;17;0 0.0
Z;17;1 0.000428680938908538
Z;17;2 4.0540935390808783e-05
Z;17;3 0.0
Z;17;4 6.3614183943714e-05
Z;17;5 0.0
Z;18;0 0.0019664407075208534
Z;18;1 0.00010196977542889656
Z;18;2 0.0
Z;18;3 4.0540935390808783e-05
Z;18;4 0.0
Z;18;5 0.0
Z;19;0 0.0
Z;19;1 0.0001428339999681789
Z;19;2 0.0
Z;19;3 6.756822565134798e-05
Z;19;4 0.000214340469454269
Z;19;5 0.0
W;0;0 0.0
W;0;1 0.0002856679999363578
W;0;2 8.108187078161757e-05
W;0;3 0.0
W;0;4 7.109930334791122e-05
W;0;5 0.0
W;1;0 0.0
W;1;1 0.0
W;1;2 0.0
W;1;3 0.0
W;1;4 0.00016869976006996285
W;1;5 0.0
W;2;0 0.0
W;2;1 0.0
W;2;2 0.0
W;2;3 0.0
W;2;4 0.0003373995201399257
W;2;5 0.0
W;3;0 0.0
W;3;1 0.000605350130012162
W;3;2 0.0
W;3;3 0.0
W;3;4 0.000470540182748045
W;3;5 0.0
W;4;0 0.0
W;4;1 0.00013444461226059094
W;4;2 8.108187078161757e-05
W;4;3 2.702729026053919e-05
W;4;4 0.0005596743535424935
W;4;5 0.0
W;5;0 0.0
W;5;1 0.0
W;5;2 5.405458052107838e-05
W;5;3 6.0811403086213175e-05
W;5;4 0.0002688892245211819
W;5;5 0.002399657695370819
W;6;0 0.0
W;6;1 0.00031991671767150085
W;6;2 2.702729026053919e-05
W;6;3 9.459551591188717e-05
W;6;4 0.0
W;6;5 0.0
W;7;0 0.0
W;7;1 0.00018655811784749784
W;7;2 0.0
W;7;3 6.756822565134798e-05
W;7;4 0.0
W;7;5 0.0
W;8;0 0.0
W;8;1 0.00013444461226059094
W;8;2 0.000989384998858111
W;8;3 0.00094108036549609
W;8;4 0.0
W;8;5 0.0
W;9;0 0.0
W;9;1 0.00035513031387987115
W;9;2 0.0
W;9;3 0.0
W;9;4 0.0
W;9;5 0.0
W;10;0 0.0
W;10;1 0.00025341569256760277
W;10;2 0.00017269587085952975
W;10;3 0.00039126098449874066
W;10;4 0.001119348707084987
W;10;5 0.0
W;11;0 0.0
W;11;1 0.0
W;11;2 0.0
W;11;3 0.0001086999331820291
W;11;4 0.0
W;11;5 0.0
W;12;0 0.0
W;12;1 0.0001428339999681789
W;12;2 0.00013587491647753638
W;12;3 4.7297757955943585e-05
W;12;4 0.00035513031387987115
W;12;5 0.0
W;13;0 0.0
W;13;1 0.000302675065006081
W;13;2 4.076247494326091e-05
W;13;3 8.108187078161757e-05
W;13;4 0.0003539888836866978
W;13;5 0.0
W;14;0 0.0
W;14;1 0.0002590318846515322
W;14;2 0.0
W;14;3 0.0
W;14;4 0.0005870471024571549
W;14;5 0.0
W;15;0 0.0
W;15;1 0.0
W;15;2 0.00012162280617242635
W;15;3 0.0
W;15;4 0.0
W;15;5 0.0
W;16;0 0.0
W;16;1 0.0005060992802098885
W;16;2 0.00012228742482978274
W;16;3 4.0540935390808783e-05
W;16;4 0.0003913647349714366
W;16;5 0.0
W;17;0 0.0
W;17;1 0.0
W;17;2 9.511244153427547e-05
W;17;3 6.0811403086213175e-05
W;17;4 0.000605350130012162
W;17;5 0.0
W;18;0 0.0
W;18;1 0.0008259740619356282
W;18;2 0.0
W;18;3 0.0
W;18;4 0.00010993166653979012
W;18;5 0.0
W;19;0 0.0
W;19;1 0.0
W;19;2 9.511244153427547e-05
W;19;3 0.0
W;19;4 0.0008066676735635455
W;19;5 0.0
