X;0;0 0.0
X;0;1 0.000857361877817076
X;0;2 0.0
X;0;3 0.0
X;0;4 0.00015735030736125342
X;0;5 0.0
X;1;0 0.0
X;1;1 0.0003539888836866978
X;1;2 0.0001086999331820291
X;1;3 2.702729026053919e-05
X;1;4 0.00040787910171558625
X;1;5 0.0017130250149532506
X;2;0 0.0
X;2;1 0.00019563049224937033
X;2;2 4.7297757955943585e-05
X;2;3 2.702729026053919e-05
X;2;4 0.000589981472811163
X;2;5 0.0
X;3;0 0.0
X;3;1 0.0001513375325030405
X;3;2 6.0811403086213175e-05
X;3;3 6.756822565134798e-05
X;3;4 0.0
X;3;5 0.0
X;4;0 0.0
X;4;1 0.00040988359220286237
X;4;2 6.0811403086213175e-05
X;4;3 6.0811403086213175e-05
X;4;4 0.0
X;4;5 0.0
X;5;0 0.0
X;5;1 0.0005901956032585457
X;5;2 3.378411282567399e-05
X;5;3 6.756822565134798e-05
X;5;4 0.00037849903662548397
X;5;5 0.0
X;6;0 0.0
X;6;1 0.000214340469454269
X;6;2 3.453917417190595e-05
X;6;3 4.0540935390808783e-05
X;6;4 0.0003935235354003607
X;6;5 0.003982821734786794
X;7;0 0.0
X;7;1 0.0
X;7;2 0.00017268792310102147
X;7;3 8.197455705747743e-05
X;7;4 0.0012088154617071504
X;7;5 0.0
X;8;0 0.0
X;8;1 0.0002590318846515322
X;8;2 0.0004265958200874673
X;8;3 0.0010196977542889657
X;8;4 0.00010993166653979012
X;8;5 0.0
X;9;0 0.0
X;9;1 0.002460095660754962
X;9;2 2.702729026053919e-05
X;9;3 0.0
X;9;4 0.0008157582034311725
X;9;5 0.0
X;10;0 0.0
X;10;1 0.0
X;10;2 0.00022543003190806293
X;10;3 0.0
X;10;4 6.90783483438119e-05
X;10;5 0.0
X;11;0 0.0
X;11;1 0.0
X;11;2 0.00021986333307958024
X;11;3 0.00012162280617242635
X;11;4 0.0
X;11;5 0.0
X;12;0 0.0
X;12;1 0.0008878257846996779
X;12;2 4.7297757955943585e-05
X;12;3 5.434996659101455e-05
X;12;4 0.0005713359998727156
X;12;5 0.0
X;13;0 0.0
X;13;1 0.0001179962945622326
X;13;2 4.7297757955943585e-05
X;13;3 0.00014946240812529002
X;13;4 0.0001428339999681789
X;13;5 0.0
X;14;0 0.0013341901377218034
X;14;1 0.000126166345541828
X;14;2 6.0811403086213175e-05
X;14;3 4.0540935390808783e-05
X;14;4 0.0005870471024571549
X;14;5 0.0
X;15;0 0.0
X;15;1 0.0003373995201399257
X;15;2 0.00012228742482978274
X;15;3 3.378411282567399e-05
X;15;4 0.0004719851782489304
X;15;5 0.0
X;16;0 0.0
X;16;1 0.0009998379997772523
X;16;2 9.511244153427547e-05
X;16;3 3.378411282567399e-05
X;16;4 0.0001956823674857183
X;16;5 0.0
X;17;0 0.0
X;17;1 0.00017756515693993557
X;17;2 0.0001086999331820291
X;17;3 6.0811403086213175e-05
X;17;4 0.00031991671767150085
X;17;5 0.0
X;18;0 0.0
X;18;1 0.0003913647349714366
X;18;2 0.0001844427533793242
X;18;3 5.405458052107838e-05
X;18;4 9.4108036549609e-05
X;18;5 0.0
X;19;0 0.0
X;19;1 0.0
X;19;2 4.0540935390808783e-05
X;19;3 6.756822565134798e-05
X;19;4 0.0005713359998727156
X;19;5 0.0
Y;0;0 0.0
Y;0;1 0.0002359925891244652
Y;0;2 0.0
Y;0;3 0.0
Y;0;4 0.0002856679999363578
Y;0;5 0.0
Y;1;0 0.002399657695370819
Y;1;1 0.000504665382167312
Y;1;2 2.0270467695404392e-05
Y;1;3 0.0
Y;1;4 0.00012504632718501025
Y;1;5 0.0
Y;2;0 0.0
Y;2;1 0.0001381566966876238
Y;2;2 0.0
Y;2;3 2.702729026053919e-05
Y;2;4 0.0007141699998408945
Y;2;5 0.0
Y;3;0 0.0
Y;3;1 0.00034537584620204293
Y;3;2 0.0
Y;3;3 0.0
Y;3;4 0.0005060992802098885
Y;3;5 0.0
Y;4;0 0.0
Y;4;1 0.00031991671767150085
Y;4;2 0.0
Y;4;3 0.0
Y;4;4 0.00021986333307958024
Y;4;5 0.0
Y;5;0 0.0
Y;5;1 0.00025341569256760277
Y;5;2 0.0
Y;5;3 0.0
Y;5;4 0.0006722230613029547
Y;5;5 0.0
Y;6;0 0.0
Y;6;1 0.000188216073099218
Y;6;2 0.0
Y;6;3 2.7476952138197627e-05
Y;6;4 0.0001513375325030405
Y;6;5 0.0
Y;7;0 0.0
Y;7;1 0.0
Y;7;2 0.0
Y;7;3 0.00010810916104215676
Y;7;4 0.0
Y;7;5 0.0
Y;8;0 0.0
Y;8;1 0.00031991671767150085
Y;8;2 6.0811403086213175e-05
Y;8;3 0.0001086999331820291
Y;8;4 0.0001513375325030405
Y;8;5 0.0
Y;9;0 0.0
Y;9;1 0.0004397266661591605
Y;9;2 3.378411282567399e-05
Y;9;3 0.0
Y;9;4 0.0005596743535424935
Y;9;5 0.0
Y;10;0 0.0
Y;10;1 0.0
Y;10;2 0.0
Y;10;3 0.00044529928760599796
Y;10;4 0.0001179962945622326
Y;10;5 0.0
Y;11;0 0.0
Y;11;1 0.0
Y;11;2 0.0
Y;11;3 0.0
Y;11;4 0.0
Y;11;5 0.0
Y;12;0 0.0
Y;12;1 0.0
Y;12;2 0.0
Y;12;3 7.432504821648277e-05
Y;12;4 0.0
Y;12;5 0.0
Y;13;0 0.0016166808400612143
Y;13;1 0.0
Y;13;2 5.405458052107838e-05
Y;13;3 0.0
Y;13;4 0.0002688892245211819
Y;13;5 0.0
Y;14;0 0.0
Y;14;1 0.000428680938908538
Y;14;2 0.0
Y;14;3 0.0
Y;14;4 5.621764791433724e-05
Y;14;5 0.0017130250149532506
Y;15;0 0.0
Y;15;1 0.000252332691083656
Y;15;2 0.00012228742482978274
Y;15;3 4.0540935390808783e-05
Y;15;4 0.0005596743535424935
Y;15;5 0.0
Y;16;0 0.0
Y;16;1 0.0
Y;16;2 0.0
Y;16;3 5.405458052107838e-05
Y;16;4 0.0
Y;16;5 0.0
Y;17;0 0.0
Y;17;1 0.0009342910244839602
Y;17;2 2.702729026053919e-05
Y;17;3 0.0
Y;17;4 8.243085641459288e-05
Y;17;5 0.0
Y;18;0 0.0
Y;18;1 9.4108036549609e-05
Y;18;2 0.00013587491647753638
Y;18;3 4.7297757955943585e-05
Y;18;4 0.0003913647349714366
Y;18;5 0.0
Y;19;0 0.0
Y;19;1 0.0
Y;19;2 0.0
Y;19;3 0.00013587491647753638
Y;19;4 0.00018655811784749784
Y;19;5 0.0
Z;0;0 0.0
Z;0;1 0.0004868309584521542
Z;0;2 0.00022543003190806293
Z;0;3 3.378411282567399e-05
Z;0;4 7.109930334791122e-05
Z;0;5 0.0013341901377218034
Z;1;0 0.0
Z;1;1 0.0009327905892374893
Z;1;2 8.108187078161757e-05
Z;1;3 0.0
Z;1;4 0.00017756515693993557
Z;1;5 0.0
Z;2;0 0.0
Z;2;1 0.0006722230613029547
Z;2;2 0.0
Z;2;3 0.0
Z;2;4 0.0005326954708198067
Z;2;5 0.0
Z;3;0 0.0
Z;3;1 0.000188216073099218
Z;3;2 0.0
Z;3;3 0.0
Z;3;4 0.00042850199990453663
Z;3;5 0.0021462420028032165
Z;4;0 0.0
Z;4;1 0.000188216073099218
Z;4;2 0.0
Z;4;3 0.0
Z;4;4 0.00016869976006996285
Z;4;5 0.0
Z;5;0 0.0
Z;5;1 0.00020494179610143118
Z;5;2 8.783869334675238e-05
Z;5;3 0.0
Z;5;4 8.634396155051073e-05
Z;5;5 0.0
Z;6;0 0.0
Z;6;1 0.0008217279954959161
Z;6;2 8.243085641459288e-05
Z;6;3 8.783869334675238e-05
Z;6;4 0.00015995835883575042
Z;6;5 0.0
Z;7;0 0.0
Z;7;1 0.00120146099070493
Z;7;2 0.0004121542820729644
Z;7;3 1.3513645130269595e-05
Z;7;4 0.0
Z;7;5 0.0
Z;8;0 0.0
Z;8;1 0.00017756515693993557
Z;8;2 6.0811403086213175e-05
Z;8;3 0.00012228742482978274
Z;8;4 0.00015995835883575042
Z;8;5 0.0
Z;9;0 0.0016166808400612143
Z;9;1 0.00035549651673955616
Z;9;2 1.3513645130269595e-05
Z;9;3 0.0
Z;9;4 0.001714723755634152
Z;9;5 0.0
Z;10;0 0.0036038925994873504
Z;10;1 0.001317892590562327
Z;10;2 8.243085641459288e-05
Z;10;3 8.197455705747743e-05
Z;10;4 0.001268119506045267
Z;10;5 0.0
Z;11;0 0.0
Z;11;1 0.0
Z;11;2 0.0004121542820729644
Z;11;3 6.793745823876819e-05
Z;11;4 0.0
Z;11;5 0.0
Z;12;0 0.0
Z;12;1 0.0010543267117521264
Z;12;2 0.0
Z;12;3 0.0
Z;12;4 0.0
Z;12;5 0.0
Z;13;0 0.0
Z;13;1 0.00032979499961937036
Z;13;2 0.0
Z;13;3 0.0001086999331820291
Z;13;4 0.00010993166653979012
Z;13;5 0.0
Z;14;0 0.0016166808400612143
Z;14;1 0.00037849903662548397
Z;14;2 0.0
Z;14;3 0.0
Z;14;4 0.00035513031387987115
Z;14;5 0.0
Z;15;0 0.0
Z;15;1 0.00017756515693993557
Z;15;2 0.0
Z;15;3 0.00014946240812529002
Z;15;4 0.0009736619169043084
Z;15;5 0.0021462420028032165
Z;16;0 0.0
Z;16;1 0.0
Z;16;2 0.0
Z;16;3 0.0
Z;16;4 0.0
Z;16;5 0.0
Z;17;0 0.0
Z;17;1 0.000857361877817076
Z;17;2 2.702729026053919e-05
Z;17;3 0.0
Z;17;4 0.00019084255183114197
Z;17;5 0.0
Z;18;0 0.0
Z;18;1 0.00010196977542889656
Z;18;2 0.0
Z;18;3 6.756822565134798e-05
Z;18;4 0.0002688892245211819
Z;18;5 0.0
Z;19;0 0.0
Z;19;1 0.0
Z;19;2 0.0
Z;19;3 8.783869334675238e-05
Z;19;4 0.000857361877817076
Z;19;5 0.0
W;0;0 0.0
W;0;1 0.0008570039998090733
W;0;2 4.0540935390808783e-05
W;0;3 0.0
W;0;4 0.00014219860669582244
W;0;5 0.0
W;1;0 0.0
W;1;1 0.0003731162356949957
W;1;2 0.0
W;1;3 0.0
W;1;4 0.0003373995201399257
W;1;5 0.0
W;2;0 0.0
W;2;1 0.0
W;2;2 0.0
W;2;3 0.0
W;2;4 0.0016869976006996285
W;2;5 0.0
W;3;0 0.003653951975898945
W;3;1 0.000908025195018243
W;3;2 0.0
W;3;3 0.0
W;3;4 9.4108036549609e-05
W;3;5 0.0
W;4;0 0.0
W;4;1 0.0
W;4;2 6.0811403086213175e-05
W;4;3 6.0811403086213175e-05
W;4;4 0.0003731162356949957
W;4;5 0.0
W;5;0 0.0
W;5;1 0.0
W;5;2 3.378411282567399e-05
W;5;3 7.432504821648277e-05
W;5;4 0.0005377784490423638
W;5;5 0.0
W;6;0 0.0
W;6;1 0.001119708511850253
W;6;2 3.378411282567399e-05
W;6;3 5.405458052107838e-05
W;6;4 0.0
W;6;5 0.0
W;7;0 0.0
W;7;1 0.00018655811784749784
W;7;2 0.0
W;7;3 8.108187078161757e-05
W;7;4 0.0
W;7;5 0.0
W;8;0 0.0013937590000995066
W;8;1 0.0002688892245211819
W;8;2 0.0006595899992387407
W;8;3 0.00094108036549609
W;8;4 7.109930334791122e-05
W;8;5 0.0
W;9;0 0.0
W;9;1 0.0005326954708198067
W;9;2 0.0
W;9;3 0.0
W;9;4 0.0004868309584521542
W;9;5 0.0
W;10;0 0.0
W;10;1 0.0012670784628380138
W;10;2 0.00010361752251571785
W;10;3 0.00014672286918702775
W;10;4 0.001119348707084987
W;10;5 0.002318929925904238
W;11;0 0.0
W;11;1 0.00033975965411811354
W;11;2 0.0
W;11;3 0.0001766373914207973
W;11;4 0.0
W;11;5 0.0
W;12;0 0.0
W;12;1 0.0005713359998727156
W;12;2 5.434996659101455e-05
W;12;3 4.7297757955943585e-05
W;12;4 0.0008878257846996779
W;12;5 0.0
W;13;0 0.0
W;13;1 0.0
W;13;2 9.511244153427547e-05
W;13;3 8.108187078161757e-05
W;13;4 0.0001179962945622326
W;13;5 0.0
W;14;0 0.0034260500299065012
W;14;1 0.0002590318846515322
W;14;2 0.0
W;14;3 0.0
W;14;4 0.0003913647349714366
W;14;5 0.0
W;15;0 0.0019664407075208534
W;15;1 0.0007302464376782312
W;15;2 8.108187078161757e-05
W;15;3 0.0
W;15;4 0.00018655811784749784
W;15;5 0.0
W;16;0 0.0
W;16;1 0.0011808983204897399
W;16;2 9.511244153427547e-05
W;16;3 3.378411282567399e-05
W;16;4 0.0001956823674857183
W;16;5 0.0
W;17;0 0.0
W;17;1 0.00018655811784749784
W;17;2 0.00013587491647753638
W;17;3 6.0811403086213175e-05
W;17;4 0.0
W;17;5 0.0
W;18;0 0.0
W;18;1 0.0001179962945622326
W;18;2 0.0
W;18;3 0.0
W;18;4 0.00032979499961937036
W;18;5 0.0
W;19;0 0.0
W;19;1 0.0
W;19;2 0.00013587491647753638
W;19;3 0.0
W;19;4 0.0
W;19;5 0.0
