X;0;0 0.0
X;0;1 0.000428680938908538
X;0;2 0.0
X;0;3 0.0
X;0;4 7.867515368062671e-05
X;0;5 0.0
X;1;0 0.0018269759879494724
X;1;1 0.0007079777673733956
X;1;2 5.434996659101455e-05
X;1;3 2.0270467695404392e-05
X;1;4 0.0005098488771444828
X;1;5 0.0017130250149532506
X;2;0 0.004292484005606433
X;2;1 0.00019563049224937033
X;2;2 4.0540935390808783e-05
X;2;3 2.0270467695404392e-05
X;2;4 0.0004719851782489304
X;2;5 0.0016166808400612143
X;3;0 0.0
X;3;1 0.000302675065006081
X;3;2 6.7568225651347975e-06
X;3;3 1.3513645130269595e-05
X;3;4 0.001539043331557062
X;3;5 0.001459609322385648
X;4;0 0.0
X;4;1 0.0006148253883042935
X;4;2 8.108187078161757e-05
X;4;3 1.3513645130269595e-05
X;4;4 0.00030590932628668966
X;4;5 0.0
X;5;0 0.0
X;5;1 0.0
X;5;2 3.378411282567399e-05
X;5;3 9.459551591188717e-05
X;5;4 0.000126166345541828
X;5;5 0.0
X;6;0 0.0
X;6;1 0.000643021408362807
X;6;2 0.00017269587085952975
X;6;3 1.3513645130269595e-05
X;6;4 0.0003373058874860234
X;6;5 0.003186257387829435
X;7;0 0.0
X;7;1 0.0
X;7;2 0.0
X;7;3 2.0493639264369357e-05
X;7;4 0.0011224715001566395
X;7;5 0.005079546235519913
X;8;0 0.0
X;8;1 0.00017268792310102147
X;8;2 0.00014219860669582244
X;8;3 0.000713788428002276
X;8;4 0.000989384998858111
X;8;5 0.0
X;9;0 0.002399657695370819
X;9;1 0.0
X;9;2 1.3513645130269595e-05
X;9;3 0.0
X;9;4 0.00030590932628668966
X;9;5 0.0
X;10;0 0.0
X;10;1 0.0001513375325030405
X;10;2 0.00016394911411495486
X;10;3 0.0
X;10;4 0.0001381566966876238
X;10;5 0.0005760509878181447
X;11;0 0.0
X;11;1 0.0006667897439709558
X;11;2 0.0005496583326989506
X;11;3 4.0540935390808783e-05
X;11;4 0.0003334568724933607
X;11;5 0.0
X;12;0 0.0
X;12;1 0.0010653909416396133
X;12;2 5.405458052107838e-05
X;12;3 4.076247494326091e-05
X;12;4 0.00042850199990453663
X;12;5 0.0
X;13;0 0.0
X;13;1 0.000589981472811163
X;13;2 5.405458052107838e-05
X;13;3 6.793745823876819e-05
X;13;4 0.0002856679999363578
X;13;5 0.0
X;14;0 0.0
X;14;1 0.000126166345541828
X;14;2 8.108187078161757e-05
X;14;3 4.0540935390808783e-05
X;14;4 0.0001956823674857183
X;14;5 0.0
X;15;0 0.0032333616801224286
X;15;1 0.001012198560419777
X;15;2 0.00014946240812529002
X;15;3 6.7568225651347975e-06
X;15;4 0.0
X;15;5 0.0
X;16;0 0.0
X;16;1 0.0008570039998090733
X;16;2 9.511244153427547e-05
X;16;3 4.0540935390808783e-05
X;16;4 0.0001956823674857183
X;16;5 0.0
X;17;0 0.0
X;17;1 0.0
X;17;2 0.00013587491647753638
X;17;3 4.7297757955943585e-05
X;17;4 0.00047987507650725127
X;17;5 0.0
X;18;0 0.0
X;18;1 0.0009784118374285915
X;18;2 0.00010246819632184678
X;18;3 3.378411282567399e-05
X;18;4 0.000470540182748045
X;18;5 0.0
X;19;0 0.003839424081309854
X;19;1 0.00013444461226059094
X;19;2 5.405458052107838e-05
X;19;3 5.405458052107838e-05
X;19;4 0.0
X;19;5 0.0
Y;0;0 0.0
Y;0;1 0.0001179962945622326
Y;0;2 0.0
Y;0;3 0.0
Y;0;4 0.00042850199990453663
Y;0;5 0.002832874683220785
Y;1;0 0.0
Y;1;1 0.00063083172770914
Y;1;2 2.0270467695404392e-05
Y;1;3 0.0
Y;1;4 0.00029177476343169066
Y;1;5 0.0015332237196708876
Y;2;0 0.003653951975898945
Y;2;1 0.0001381566966876238
Y;2;2 0.0
Y;2;3 2.0270467695404392e-05
Y;2;4 0.0005713359998727156
Y;2;5 0.0021462420028032165
Y;3;0 0.0017130250149532506
Y;3;1 8.634396155051073e-05
Y;3;2 0.0
Y;3;3 0.0
Y;3;4 0.0008434988003498142
Y;3;5 0.0
Y;4;0 0.0
Y;4;1 0.00015995835883575042
Y;4;2 0.0
Y;4;3 0.0
Y;4;4 0.00021986333307958024
Y;4;5 0.0
Y;5;0 0.0
Y;5;1 0.00025341569256760277
Y;5;2 0.0
Y;5;3 0.0
Y;5;4 0.0002688892245211819
Y;5;5 0.0032333616801224286
Y;6;0 0.0021462420028032165
Y;6;1 0.000376432146198436
Y;6;2 0.0
Y;6;3 0.0001099078085527905
Y;6;4 0.0007566876625152026
Y;6;5 0.004850042520183642
Y;7;0 0.0
Y;7;1 0.0
Y;7;2 0.0
Y;7;3 0.00011486598360729157
Y;7;4 0.00033975965411811354
Y;7;5 0.0
Y;8;0 0.0
Y;8;1 0.00015995835883575042
Y;8;2 6.756822565134798e-05
Y;8;3 0.00012228742482978274
Y;8;4 0.0
Y;8;5 0.0
Y;9;0 0.002832874683220785
Y;9;1 0.00010993166653979012
Y;9;2 1.3513645130269595e-05
Y;9;3 0.0
Y;9;4 0.0003731162356949957
Y;9;5 0.0
Y;10;0 0.0021462420028032165
Y;10;1 0.0
Y;10;2 0.0
Y;10;3 0.00038168510366228393
Y;10;4 0.0003539888836866978
Y;10;5 0.0
Y;11;0 0.0
Y;11;1 0.0
Y;11;2 0.0
Y;11;3 0.0
Y;11;4 0.0003633473591073929
Y;11;5 0.0
Y;12;0 0.0
Y;12;1 0.0
Y;12;2 0.0
Y;12;3 6.0811403086213175e-05
Y;12;4 0.0003514422372507088
Y;12;5 0.0
Y;13;0 0.0032333616801224286
Y;13;1 0.0002359925891244652
Y;13;2 1.3513645130269595e-05
Y;13;3 0.0
Y;13;4 0.0008066676735635455
Y;13;5 0.0
Y;14;0 0.0
Y;14;1 0.000214340469454269
Y;14;2 0.0
Y;14;3 0.0
Y;14;4 0.00011243529582867448
Y;14;5 0.0
Y;15;0 0.00613289487868355
Y;15;1 0.0007569980732509679
Y;15;2 0.00012228742482978274
Y;15;3 6.7568225651347975e-06
Y;15;4 0.0
Y;15;5 0.0
Y;16;0 0.0
Y;16;1 0.0004537106271143352
Y;16;2 0.0
Y;16;3 6.756822565134798e-05
Y;16;4 0.001551441219312775
Y;16;5 0.0
Y;17;0 0.0
Y;17;1 0.0007007182683629701
Y;17;2 1.3513645130269595e-05
Y;17;3 0.0
Y;17;4 0.00019233866496738342
Y;17;5 0.0
Y;18;0 0.0
Y;18;1 0.000470540182748045
Y;18;2 6.793745823876819e-05
Y;18;3 2.702729026053919e-05
Y;18;4 0.0009784118374285915
Y;18;5 0.0021462420028032165
Y;19;0 0.005119232108413139
Y;19;1 0.000126166345541828
Y;19;2 0.0
Y;19;3 5.434996659101455e-05
Y;19;4 0.0
Y;19;5 0.0
Z;0;0 0.0
Z;0;1 0.0007302464376782312
Z;0;2 0.00016394911411495486
Z;0;3 3.378411282567399e-05
Z;0;4 0.0002843972133916449
Z;0;5 0.0
Z;1;0 0.0
Z;1;1 0.0
Z;1;2 2.0270467695404392e-05
Z;1;3 0.0
Z;1;4 0.0
Z;1;5 0.0
Z;2;0 0.0
Z;2;1 0.0005377784490423638
Z;2;2 0.0
Z;2;3 0.0
Z;2;4 0.0005326954708198067
Z;2;5 0.0
Z;3;0 0.0021462420028032165
Z;3;1 0.000470540182748045
Z;3;2 0.0
Z;3;3 0.0
Z;3;4 0.0002856679999363578
Z;3;5 0.0
Z;4;0 0.0
Z;4;1 0.000376432146198436
Z;4;2 0.0
Z;4;3 0.0
Z;4;4 0.00016869976006996285
Z;4;5 0.0
Z;5;0 0.0
Z;5;1 0.0
Z;5;2 6.0811403086213175e-05
Z;5;3 0.0
Z;5;4 0.0006044077308535752
Z;5;5 0.0
Z;6;0 0.0021462420028032165
Z;6;1 0.0002739093318319721
Z;6;2 0.00016486171282918577
Z;6;3 2.702729026053919e-05
Z;6;4 0.0006398334353430017
Z;6;5 0.003970401284967039
Z;7;0 0.0
Z;7;1 0.0
Z;7;2 2.7476952138197627e-05
Z;7;3 0.00012837962873756115
Z;7;4 0.0
Z;7;5 0.0
Z;8;0 0.0
Z;8;1 0.00017756515693993557
Z;8;2 8.108187078161757e-05
Z;8;3 9.511244153427547e-05
Z;8;4 0.0
Z;8;5 0.0
Z;9;0 0.0016166808400612143
Z;9;1 7.109930334791122e-05
Z;9;2 6.7568225651347975e-06
Z;9;3 0.0
Z;9;4 0.000214340469454269
Z;9;5 0.0
Z;10;0 0.009009731498718377
Z;10;1 0.0010543140724498616
Z;10;2 8.243085641459288e-05
Z;10;3 6.148091779310806e-05
Z;10;4 0.0
Z;10;5 0.0
Z;11;0 0.0
Z;11;1 0.0
Z;11;2 0.00016486171282918577
Z;11;3 9.511244153427547e-05
Z;11;4 0.0025434315137517504
Z;11;5 0.0
Z;12;0 0.0
Z;12;1 0.0003514422372507088
Z;12;2 0.0
Z;12;3 0.0
Z;12;4 0.00040048699690164335
Z;12;5 0.0
Z;13;0 0.0
Z;13;1 0.0006595899992387407
Z;13;2 0.0
Z;13;3 2.7174983295507274e-05
Z;13;4 0.00032979499961937036
Z;13;5 0.0019664407075208534
Z;14;0 0.0
Z;14;1 0.0
Z;14;2 0.0
Z;14;3 0.0
Z;14;4 0.00035513031387987115
Z;14;5 0.0
Z;15;0 0.0
Z;15;1 0.0
Z;15;2 0.0
Z;15;3 0.0002173998663640582
Z;15;4 0.0002434154792260771
Z;15;5 0.0
Z;16;0 0.0
Z;16;1 0.0
Z;16;2 0.0
Z;16;3 0.0
Z;16;4 0.0006795193082362271
Z;16;5 0.0
Z;17;0 0.0
Z;17;1 0.000643021408362807
Z;17;2 1.3513645130269595e-05
Z;17;3 0.0
Z;17;4 0.000508913471549712
Z;17;5 0.0
Z;18;0 0.0
Z;18;1 0.000713788428002276
Z;18;2 0.0
Z;18;3 4.7297757955943585e-05
Z;18;4 0.0005377784490423638
Z;18;5 0.0
Z;19;0 0.0
Z;19;1 0.0001428339999681789
Z;19;2 0.0
Z;19;3 1.3513645130269595e-05
Z;19;4 0.000214340469454269
Z;19;5 0.0
W;0;0 0.0017130250149532506
W;0;1 0.0002856679999363578
W;0;2 2.0270467695404392e-05
W;0;3 0.0
W;0;4 0.00035549651673955616
W;0;5 0.0
W;1;0 0.0
W;1;1 0.00018655811784749784
W;1;2 0.0
W;1;3 0.0
W;1;4 0.0003373995201399257
W;1;5 0.0
W;2;0 0.0
W;2;1 0.0002238826395360118
W;2;2 0.0
W;2;3 0.0
W;2;4 0.0
W;2;5 0.0
W;3;0 0.0
W;3;1 0.0004540125975091215
W;3;2 0.0
W;3;3 0.0
W;3;4 0.000470540182748045
W;3;5 0.0
W;4;0 0.0
W;4;1 0.00040333383678177275
W;4;2 1.3513645130269595e-05
W;4;3 8.108187078161757e-05
W;4;4 0.0005596743535424935
W;4;5 0.0
W;5;0 0.0
W;5;1 0.0009510896295339502
W;5;2 6.0811403086213175e-05
W;5;3 2.702729026053919e-05
W;5;4 0.0005377784490423638
W;5;5 0.0
W;6;0 0.0036038925994873504
W;6;1 0.0006398334353430017
W;6;2 2.0270467695404392e-05
W;6;3 3.378411282567399e-05
W;6;4 0.000643021408362807
W;6;5 0.0021462420028032165
W;7;0 0.0
W;7;1 0.0
W;7;2 0.0
W;7;3 2.0270467695404392e-05
W;7;4 0.0
W;7;5 0.0
W;8;0 0.0
W;8;1 0.0002688892245211819
W;8;2 0.00021986333307958024
W;8;3 0.0006587562558472631
W;8;4 0.0006398937301312009
W;8;5 0.0
W;9;0 0.0
W;9;1 0.0005326954708198067
W;9;2 0.0
W;9;3 0.0
W;9;4 0.0
W;9;5 0.0
W;10;0 0.0
W;10;1 0.00025341569256760277
W;10;2 6.90783483438119e-05
W;10;3 0.00014672286918702775
W;10;4 0.0007462324713899914
W;10;5 0.0077297664196807935
W;11;0 0.0
W;11;1 0.00033975965411811354
W;11;2 0.0
W;11;3 0.0001086999331820291
W;11;4 0.0018774183138404066
W;11;5 0.0
W;12;0 0.0
W;12;1 0.00042850199990453663
W;12;2 4.076247494326091e-05
W;12;3 5.405458052107838e-05
W;12;4 0.0010653909416396133
W;12;5 0.0
W;13;0 0.0
W;13;1 0.0001513375325030405
W;13;2 5.434996659101455e-05
W;13;3 8.783869334675238e-05
W;13;4 0.0002359925891244652
W;13;5 0.0
W;14;0 0.0
W;14;1 0.0
W;14;2 0.0
W;14;3 0.0
W;14;4 0.0005870471024571549
W;14;5 0.0
W;15;0 0.0
W;15;1 0.0029209857507129246
W;15;2 4.7297757955943585e-05
W;15;3 0.0
W;15;4 0.0
W;15;5 0.0
W;16;0 0.0
W;16;1 0.001012198560419777
W;16;2 9.511244153427547e-05
W;16;3 3.378411282567399e-05
W;16;4 0.0003913647349714366
W;16;5 0.0
W;17;0 0.0
W;17;1 0.0007462324713899914
W;17;2 9.511244153427547e-05
W;17;3 4.0540935390808783e-05
W;17;4 0.0004540125975091215
W;17;5 0.0
W;18;0 0.0
W;18;1 0.0003539888836866978
W;18;2 0.0
W;18;3 0.0
W;18;4 0.0004397266661591605
W;18;5 0.0016166808400612143
W;19;0 0.0
W;19;1 0.0
W;19;2 0.00019022488306855094
W;19;3 0.0
W;19;4 0.0
W;19;5 0.0
