X;0;0 0.0
X;0;1 0.0013046811184172897
X;0;2 0.0
X;0;3 0.0
X;0;4 0.0
X;0;5 0.0017099484413224814
X;1;0 0.001588674772129976
X;1;1 0.0
X;1;2 0.0
X;1;3 0.0
X;1;4 0.0016847180288252475
X;1;5 0.004468760908573697
X;2;0 0.0018662973937419274
X;2;1 0.0
X;2;2 0.0
X;2;3 0.0
X;2;4 0.0020521094706475234
X;2;5 0.0028116188522803727
X;3;0 0.0017099484413224814
X;3;1 0.0
X;3;2 0.0
X;3;3 0.0
X;3;4 0.0008603347816157488
X;3;5 0.016499931470446455
X;4;0 0.0012692254977266504
X;4;1 0.0
X;4;2 0.0
X;4;3 0.0
X;4;4 0.0019507261386397603
X;4;5 0.0
X;5;0 0.0024633692897572043
X;5;1 0.0
X;5;2 0.0
X;5;3 0.0
X;5;4 0.000987388791196915
X;5;5 0.019364630603819353
X;6;0 0.0024633692897572043
X;6;1 0.0
X;6;2 0.0
X;6;3 0.0
X;6;4 0.00024442455614929234
X;6;5 0.011775299041978347
X;7;0 0.0024633692897572043
X;7;1 0.0
X;7;2 0.0
X;7;3 0.0
X;7;4 0.00022524511708828886
X;7;5 0.013987156300707008
X;8;0 0.0
X;8;1 0.0006006536455687704
X;8;2 0.000865556736409354
X;8;3 0.0
X;8;4 0.0
X;8;5 0.0010693750737454997
X;9;0 0.002086658865539843
X;9;1 0.0
X;9;2 0.0
X;9;3 0.0
X;9;4 0.0015960486588870767
X;9;5 0.0
X;10;0 0.0
X;10;1 0.0
X;10;2 5.3461667646180924e-05
X;10;3 0.0
X;10;4 0.00036040877396771424
X;10;5 0.0010018278049011213
X;11;0 0.0024633692897572043
X;11;1 0.0
X;11;2 0.0
X;11;3 0.0
X;11;4 0.00021747187336523523
X;11;5 0.01013307533188506
X;12;0 0.0017099484413224814
X;12;1 0.0
X;12;2 0.0
X;12;3 0.0
X;12;4 0.0017388486952647866
X;12;5 0.019706954318057635
X;13;0 0.002086658865539843
X;13;1 0.0
X;13;2 0.0
X;13;3 0.0
X;13;4 0.0018630521734979855
X;13;5 0.01196963908925737
X;14;0 0.0011601653371493945
X;14;1 0.0
X;14;2 0.0
X;14;3 0.0
X;14;4 0.0
X;14;5 0.029331236376312634
X;15;0 0.0014058094261401863
X;15;1 0.0
X;15;2 0.0
X;15;3 0.0
X;15;4 0.001128660208856138
X;15;5 0.016385456664770225
X;16;0 0.0018662973937419274
X;16;1 0.0026082730428971797
X;16;2 0.0
X;16;3 0.0
X;16;4 0.0
X;16;5 0.002086658865539843
X;17;0 0.002086658865539843
X;17;1 0.0
X;17;2 0.0
X;17;3 0.0
X;17;4 0.0
X;17;5 0.04590649504187654
X;18;0 0.0014895869695245657
X;18;1 0.0
X;18;2 0.0
X;18;3 0.0
X;18;4 0.0
X;18;5 0.0309278073750841
X;19;0 0.0011128765453072042
X;19;1 0.0
X;19;2 0.0
X;19;3 4.1128485179081376e-05
X;19;4 0.0014904417387983883
X;19;5 0.004468760908573697
Y;0;0 0.0
Y;0;1 0.00020521094706475235
Y;0;2 0.0
Y;0;3 0.0
Y;0;4 0.00012420347823319903
Y;0;5 0.0
Y;1;0 0.002086658865539843
Y;1;1 0.0
Y;1;2 0.0
Y;1;3 0.0
Y;1;4 0.00028996249782031367
Y;1;5 0.0
Y;2;0 0.001588674772129976
Y;2;1 0.0002703065804757857
Y;2;2 0.0
Y;2;3 0.0
Y;2;4 0.0
Y;2;5 0.0018662973937419274
Y;3;0 0.0
Y;3;1 0.0001501634113921926
Y;3;2 0.0
Y;3;3 0.0
Y;3;4 0.0
Y;3;5 0.001588674772129976
Y;4;0 0.0
Y;4;1 0.0001390942250745656
Y;4;2 0.0
Y;4;3 0.0
Y;4;4 0.0007647420281028878
Y;4;5 0.0
Y;5;0 0.0
Y;5;1 0.0013221688307874925
Y;5;2 0.0
Y;5;3 0.0
Y;5;4 0.0003507250754624111
Y;5;5 0.0
Y;6;0 0.0
Y;6;1 0.00024549922578158867
Y;6;2 0.0
Y;6;3 0.0
Y;6;4 0.0
Y;6;5 0.0014058094261401863
Y;7;0 0.0
Y;7;1 0.0007417955341773885
Y;7;2 0.0
Y;7;3 2.9377489413629554e-05
Y;7;4 0.0
Y;7;5 0.0
Y;8;0 0.0
Y;8;1 0.0011127538005965248
Y;8;2 2.3501991530903644e-05
Y;8;3 0.00011815210128481424
Y;8;4 0.00013159785435047
Y;8;5 0.0
Y;9;0 0.0
Y;9;1 0.00019118550702572194
Y;9;2 3.525298729635546e-05
Y;9;3 0.0
Y;9;4 0.00016222445030217203
Y;9;5 0.0
Y;10;0 0.0018662973937419274
Y;10;1 0.0
Y;10;2 0.0
Y;10;3 0.0
Y;10;4 0.00020521094706475235
Y;10;5 0.0
Y;11;0 0.0
Y;11;1 0.000838477584195319
Y;11;2 0.0
Y;11;3 0.0
Y;11;4 0.0
Y;11;5 0.0
Y;12;0 0.0
Y;12;1 0.0
Y;12;2 0.0
Y;12;3 1.762649364817773e-05
Y;12;4 0.000305601945435399
Y;12;5 0.0
Y;13;0 0.0014058094261401863
Y;13;1 0.0
Y;13;2 0.0
Y;13;3 0.0
Y;13;4 0.0007014501509248222
Y;13;5 0.0
Y;14;0 0.0017099484413224814
Y;14;1 0.0
Y;14;2 0.0
Y;14;3 0.0
Y;14;4 0.0004399642010687262
Y;14;5 0.0
Y;15;0 0.011999142153946077
Y;15;1 0.0014262282539510992
Y;15;2 0.0
Y;15;3 0.0
Y;15;4 0.0
Y;15;5 0.001588674772129976
Y;16;0 0.0
Y;16;1 0.0
Y;16;2 0.0
Y;16;3 0.00011750995765451822
Y;16;4 0.0
Y;16;5 0.0
Y;17;0 0.002086658865539843
Y;17;1 0.0
Y;17;2 0.0
Y;17;3 0.0
Y;17;4 0.0001433580111558137
Y;17;5 0.0
Y;18;0 0.002086658865539843
Y;18;1 0.0
Y;18;2 0.0
Y;18;3 9.988346400634049e-05
Y;18;4 0.0008507929021118186
Y;18;5 0.0
Y;19;0 0.0
Y;19;1 0.00032912959706563825
Y;19;2 0.0
Y;19;3 0.00011815210128481424
Y;19;4 0.0
Y;19;5 0.001588674772129976
Z;0;0 0.002086658865539843
Z;0;1 0.0
Z;0;2 0.0
Z;0;3 0.0
Z;0;4 0.00012365096234419343
Z;0;5 0.023203306742987886
Z;1;0 0.0
Z;1;1 0.0
Z;1;2 2.3501991530903644e-05
Z;1;3 0.0
Z;1;4 0.0004632134528867884
Z;1;5 0.0
Z;2;0 0.0
Z;2;1 0.0005845417924373519
Z;2;2 0.0
Z;2;3 0.0
Z;2;4 0.0003088089685911923
Z;2;5 0.0
Z;3;0 0.0
Z;3;1 0.00016366615052105913
Z;3;2 0.0
Z;3;3 0.0
Z;3;4 0.00024840695646639806
Z;3;5 0.0
Z;4;0 0.0
Z;4;1 0.0006546646020842365
Z;4;2 0.0
Z;4;3 0.0
Z;4;4 0.00014669544353909813
Z;4;5 0.0
Z;5;0 0.0
Z;5;1 0.0005346307724385161
Z;5;2 9.400796612361458e-05
Z;5;3 0.0
Z;5;4 0.0
Z;5;5 0.0
Z;6;0 0.0
Z;6;1 0.00047636405535995144
Z;6;2 0.0003822880297488366
Z;6;3 2.3501991530903644e-05
Z;6;4 0.0
Z;6;5 0.0008631307141232692
Z;7;0 0.0
Z;7;1 0.00034824956252316815
Z;7;2 0.0004778600371860457
Z;7;3 1.1750995765451822e-05
Z;7;4 0.0
Z;7;5 0.0
Z;8;0 0.0013332380171051197
Z;8;1 0.0012352358743647693
Z;8;2 1.762649364817773e-05
Z;8;3 0.00011815210128481424
Z;8;4 0.0001390942250745656
Z;8;5 0.0
Z;9;0 0.0
Z;9;1 0.00012365096234419343
Z;9;2 2.3501991530903644e-05
Z;9;3 0.0
Z;9;4 0.0
Z;9;5 0.0
Z;10;0 0.0
Z;10;1 0.0
Z;10;2 0.000501753039045348
Z;10;3 3.564111176412062e-05
Z;10;4 0.0
Z;10;5 0.0
Z;11;0 0.0
Z;11;1 0.004585434994778911
Z;11;2 0.0001911440148744183
Z;11;3 5.907605064240712e-05
Z;11;4 0.0
Z;11;5 0.0
Z;12;0 0.0
Z;12;1 0.0
Z;12;2 0.0
Z;12;3 0.0
Z;12;4 0.00034824956252316815
Z;12;5 0.0
Z;13;0 0.0
Z;13;1 0.00047796376756430484
Z;13;2 0.0
Z;13;3 0.0
Z;13;4 0.0
Z;13;5 0.0017099484413224814
Z;14;0 0.0014058094261401863
Z;14;1 0.00021941973137709218
Z;14;2 0.0
Z;14;3 0.0
Z;14;4 0.0
Z;14;5 0.0
Z;15;0 0.001588674772129976
Z;15;1 0.0
Z;15;2 0.0
Z;15;3 4.72608405139257e-05
Z;15;4 0.00021166563410963225
Z;15;5 0.0
Z;16;0 0.004926738579514409
Z;16;1 0.0
Z;16;2 0.0
Z;16;3 0.0
Z;16;4 0.0
Z;16;5 0.0
Z;17;0 0.0017099484413224814
Z;17;1 0.0
Z;17;2 0.0
Z;17;3 0.0
Z;17;4 0.00038721677183130255
Z;17;5 0.0
Z;18;0 0.0
Z;18;1 0.0003546774797526837
Z;18;2 0.0
Z;18;3 3.525298729635546e-05
Z;18;4 0.00011690835848747038
Z;18;5 0.0
Z;19;0 0.0
Z;19;1 0.0
Z;19;2 0.0
Z;19;3 7.050597459271093e-05
Z;19;4 0.0
Z;19;5 0.0
W;0;0 0.0014895869695245657
W;0;1 0.0
W;0;2 1.1750995765451822e-05
W;0;3 0.0
W;0;4 0.0003091274058604836
W;0;5 0.0
W;1;0 0.0
W;1;1 0.00016222445030217203
W;1;2 0.0
W;1;3 0.0
W;1;4 0.00029339088707819625
W;1;5 0.0
W;2;0 0.0
W;2;1 0.00038936111223654223
W;2;2 0.0
W;2;3 0.0
W;2;4 0.00014669544353909813
W;2;5 0.0
W;3;0 0.0
W;3;1 0.0007895871261028199
W;3;2 0.0
W;3;3 0.0
W;3;4 8.183307526052957e-05
W;3;5 0.0
W;4;0 0.001588674772129976
W;4;1 0.0
W;4;2 0.0
W;4;3 0.0
W;4;4 0.00048667335090651605
W;4;5 0.026710379096663538
W;5;0 0.002086658865539843
W;5;1 0.0
W;5;2 0.0
W;5;3 0.0
W;5;4 0.0025719838867243484
W;5;5 0.0
W;6;0 0.0007834549129320328
W;6;1 0.0
W;6;2 1.762649364817773e-05
W;6;3 9.400796612361458e-05
W;6;4 0.0005591490507502669
W;6;5 0.0
W;7;0 0.0
W;7;1 0.0
W;7;2 0.0
W;7;3 9.988346400634049e-05
W;7;4 0.0009795225985254296
W;7;5 0.0
W;8;0 0.0012119643479126144
W;8;1 0.0
W;8;2 0.0
W;8;3 0.0
W;8;4 0.001298335104614031
W;8;5 0.0006721536017113733
W;9;0 0.0
W;9;1 0.0012352358743647693
W;9;2 0.0
W;9;3 0.0
W;9;4 0.00021166563410963225
W;9;5 0.0
W;10;0 0.0
W;10;1 0.00022036147179791543
W;10;2 6.0068128994619045e-05
W;10;3 0.00012758510364089368
W;10;4 0.0009733467018130321
W;10;5 0.007393689618825107
W;11;0 0.0
W;11;1 0.0
W;11;2 0.0
W;11;3 9.45216810278514e-05
W;11;4 0.0
W;11;5 0.0
W;12;0 0.0024633692897572043
W;12;1 0.0
W;12;2 0.0
W;12;3 0.0
W;12;4 0.0
W;12;5 0.03761886570909459
W;13;0 0.0018662973937419274
W;13;1 0.0
W;13;2 0.0
W;13;3 0.0
W;13;4 0.0021547149441798995
W;13;5 0.0024633692897572043
W;14;0 0.0014895869695245657
W;14;1 0.00022524511708828886
W;14;2 0.0
W;14;3 0.0
W;14;4 0.0
W;14;5 0.0
W;15;0 0.0
W;15;1 0.00021166563410963225
W;15;2 2.3501991530903644e-05
W;15;3 0.0
W;15;4 0.0
W;15;5 0.001588674772129976
W;16;0 0.0017099484413224814
W;16;1 0.0
W;16;2 0.0
W;16;3 0.0
W;16;4 0.00017015858042236374
W;16;5 0.043819836176336696
W;17;0 0.002086658865539843
W;17;1 0.003406713456345613
W;17;2 0.0
W;17;3 0.0
W;17;4 0.0
W;17;5 0.001588674772129976
W;18;0 0.0
W;18;1 0.00010260547353237618
W;18;2 0.0
W;18;3 0.0
W;18;4 9.559275351286097e-05
W;18;5 0.0
W;19;0 0.0
W;19;1 0.0004946326622255831
W;19;2 0.00011815210128481424
W;19;3 0.0
W;19;4 0.00023381671697494076
W;19;5 0.0
