X;0;0 0.0
X;0;1 0.000857361877817076
X;0;2 0.0
X;0;3 0.0
X;0;4 0.00031470061472250684
X;0;5 0.0
X;1;0 0.0
X;1;1 0.00031465678549928694
X;1;2 0.00016304989977304363
X;1;3 2.702729026053919e-05
X;1;4 0.00013595970057186208
X;1;5 0.0
X;2;0 0.0
X;2;1 0.00019563049224937033
X;2;2 8.108187078161757e-05
X;2;3 1.8018193507026127e-05
X;2;4 0.00015732839274964347
X;2;5 0.0
X;3;0 0.0
X;3;1 0.00040356675334144137
X;3;2 2.702729026053919e-05
X;3;3 4.504548376756532e-05
X;3;4 0.0007328777769319341
X;3;5 0.0
X;4;0 0.001946145763180864
X;4;1 0.0005465114562704832
X;4;2 6.306367727459145e-05
X;4;3 2.702729026053919e-05
X;4;4 0.00027191940114372416
X;4;5 0.0
X;5;0 0.0
X;5;1 0.0003934637355056972
X;5;2 8.108187078161757e-05
X;5;3 3.6036387014052253e-05
X;5;4 0.00016822179405577068
X;5;5 0.0
X;6;0 0.0
X;6;1 0.00028578729260569203
X;6;2 9.210446445841587e-05
X;6;3 6.306367727459145e-05
X;6;4 0.00014991372777156597
X;6;5 0.003186257387829435
X;7;0 0.0
X;7;1 0.0
X;7;2 0.0002302505641346953
X;7;3 0.00021859881881993983
X;7;4 0.0005756264103367382
X;7;5 0.0
X;8;0 0.0
X;8;1 0.0002302505641346953
X;8;2 0.0002843972133916449
X;8;3 0.0013595970057186208
X;8;4 0.0
X;8;5 0.0
X;9;0 0.0
X;9;1 0.0
X;9;2 5.405458052107838e-05
X;9;3 0.0
X;9;4 0.00013595970057186208
X;9;5 0.004568066706542002
X;10;0 0.0
X;10;1 0.0
X;10;2 8.197455705747743e-05
X;10;3 0.0
X;10;4 9.210446445841587e-05
X;10;5 0.002304203951272579
X;11;0 0.0
X;11;1 0.0
X;11;2 0.0004397266661591605
X;11;3 7.207277402810451e-05
X;11;4 0.0002223045816622405
X;11;5 0.0
X;12;0 0.0
X;12;1 0.0007102606277597423
X;12;2 3.6036387014052253e-05
X;12;3 0.00014493324424270546
X;12;4 0.0
X;12;5 0.0
X;13;0 0.0
X;13;1 0.0
X;13;2 2.702729026053919e-05
X;13;3 0.00016304989977304363
X;13;4 0.0005713359998727156
X;13;5 0.0
X;14;0 0.0017789201836290714
X;14;1 0.00033644358811154136
X;14;2 4.504548376756532e-05
X;14;3 6.306367727459145e-05
X;14;4 0.0
X;14;5 0.0
X;15;0 0.0
X;15;1 0.00044986602685323425
X;15;2 7.246662212135273e-05
X;15;3 6.306367727459145e-05
X;15;4 0.00031465678549928694
X;15;5 0.0
X;16;0 0.0
X;16;1 0.0
X;16;2 9.058327765169091e-05
X;16;3 6.306367727459145e-05
X;16;4 0.0007827294699428732
X;16;5 0.0
X;17;0 0.0
X;17;1 0.0
X;17;2 0.0001268165887123673
X;17;3 3.6036387014052253e-05
X;17;4 0.0008531112471240023
X;17;5 0.0
X;18;0 0.0
X;18;1 0.0007827294699428732
X;18;2 0.00019127396646744733
X;18;3 3.6036387014052253e-05
X;18;4 0.00012547738206614535
X;18;5 0.0
X;19;0 0.0
X;19;1 0.0008962974150706061
X;19;2 5.405458052107838e-05
X;19;3 2.702729026053919e-05
X;19;4 0.0001904453332909052
X;19;5 0.0
Y;0;0 0.0
Y;0;1 0.0
Y;0;2 0.0
Y;0;3 0.0
Y;0;4 0.0003808906665818104
Y;0;5 0.0
Y;1;0 0.0
Y;1;1 0.0
Y;1;2 3.6036387014052253e-05
Y;1;3 0.0
Y;1;4 0.00011115229083112025
Y;1;5 0.0
Y;2;0 0.0
Y;2;1 0.0001381566966876238
Y;2;2 0.0
Y;2;3 1.8018193507026127e-05
Y;2;4 0.0001904453332909052
Y;2;5 0.0
Y;3;0 0.0
Y;3;1 0.0002302505641346953
Y;3;2 0.0
Y;3;3 0.0
Y;3;4 0.0006747990402798514
Y;3;5 0.00243596798393263
Y;4;0 0.0
Y;4;1 0.0
Y;4;2 0.0
Y;4;3 0.0
Y;4;4 0.0
Y;4;5 0.0
Y;5;0 0.0
Y;5;1 0.000337887590090137
Y;5;2 0.0
Y;5;3 0.0
Y;5;4 0.0
Y;5;5 0.0
Y;6;0 0.0
Y;6;1 0.000376432146198436
Y;6;2 0.0
Y;6;3 7.327187236852701e-05
Y;6;4 0.00020178337667072069
Y;6;5 0.0
Y;7;0 0.0
Y;7;1 0.0
Y;7;2 0.0
Y;7;3 7.207277402810451e-05
Y;7;4 0.0
Y;7;5 0.0
Y;8;0 0.0
Y;8;1 0.00021327781178100057
Y;8;2 6.306367727459145e-05
Y;8;3 0.0001268165887123673
Y;8;4 0.0
Y;8;5 0.0
Y;9;0 0.0
Y;9;1 0.0
Y;9;2 9.009096753513064e-05
Y;9;3 0.0
Y;9;4 0.0
Y;9;5 0.005243841886722276
Y;10;0 0.0
Y;10;1 0.0
Y;10;2 0.0
Y;10;3 0.000254456735774856
Y;10;4 0.0
Y;10;5 0.0
Y;11;0 0.0
Y;11;1 0.0
Y;11;2 0.0
Y;11;3 0.0
Y;11;4 0.0009689262909530477
Y;11;5 0.0
Y;12;0 0.0
Y;12;1 0.0
Y;12;2 0.0
Y;12;3 9.009096753513064e-05
Y;12;4 0.0
Y;12;5 0.0
Y;13;0 0.0
Y;13;1 0.00031465678549928694
Y;13;2 2.702729026053919e-05
Y;13;3 0.0
Y;13;4 0.0005377784490423638
Y;13;5 0.0021555744534149527
Y;14;0 0.002621920943361138
Y;14;1 0.0005715745852113841
Y;14;2 0.0
Y;14;3 0.0
Y;14;4 7.495686388578298e-05
Y;14;5 0.0
Y;15;0 0.0
Y;15;1 0.00033644358811154136
Y;15;2 7.246662212135273e-05
Y;15;3 6.306367727459145e-05
Y;15;4 0.0004974883142599943
Y;15;5 0.0
Y;16;0 0.0
Y;16;1 0.0006049475028191136
Y;16;2 0.0
Y;16;3 9.009096753513064e-05
Y;16;4 0.0005171470731042584
Y;16;5 0.0
Y;17;0 0.0
Y;17;1 0.00031143034149465343
Y;17;2 3.6036387014052253e-05
Y;17;3 0.0
Y;17;4 7.327187236852701e-05
Y;17;5 0.0040885965857890335
Y;18;0 0.0
Y;18;1 0.00012547738206614535
Y;18;2 9.058327765169091e-05
Y;18;3 8.108187078161757e-05
Y;18;4 0.0
Y;18;5 0.0
Y;19;0 0.0
Y;19;1 0.001009330764334624
Y;19;2 0.0
Y;19;3 3.6233311060676366e-05
Y;19;4 0.0004974883142599943
Y;19;5 0.0
Z;0;0 0.0
Z;0;1 0.0009736619169043084
Z;0;2 0.00016394911411495486
Z;0;3 3.6036387014052253e-05
Z;0;4 0.00018959814226109662
Z;0;5 0.0
Z;1;0 0.0
Z;1;1 0.0002487441571299971
Z;1;2 6.306367727459145e-05
Z;1;3 0.0
Z;1;4 0.0
Z;1;5 0.0
Z;2;0 0.0
Z;2;1 0.00017925948301412124
Z;2;2 0.0
Z;2;3 0.0
Z;2;4 0.0009470141703463231
Z;2;5 0.0
Z;3;0 0.0
Z;3;1 0.0002509547641322907
Z;3;2 0.0
Z;3;3 0.0
Z;3;4 0.0007617813331636208
Z;3;5 0.0
Z;4;0 0.0
Z;4;1 0.0
Z;4;2 0.0
Z;4;3 0.0
Z;4;4 0.0
Z;4;5 0.0
Z;5;0 0.0
Z;5;1 0.0005465114562704832
Z;5;2 5.405458052107838e-05
Z;5;3 0.0
Z;5;4 0.0
Z;5;5 0.0
Z;6;0 0.0
Z;6;1 0.0
Z;6;2 7.327187236852701e-05
Z;6;3 2.702729026053919e-05
Z;6;4 0.001919500306029005
Z;6;5 0.0013234670949890128
Z;7;0 0.0
Z;7;1 0.0
Z;7;2 0.00014654374473705402
Z;7;3 9.91000642886437e-05
Z;7;4 0.0
Z;7;5 0.0
Z;8;0 0.0
Z;8;1 0.00023675354258658078
Z;8;2 9.91000642886437e-05
Z;8;3 5.434996659101455e-05
Z;8;4 0.0
Z;8;5 0.0
Z;9;0 0.004311148906829905
Z;9;1 0.0
Z;9;2 4.504548376756532e-05
Z;9;3 0.0
Z;9;4 0.000857361877817076
Z;9;5 0.0
Z;10;0 0.00600648766581225
Z;10;1 0.0017571901207497694
Z;10;2 7.327187236852701e-05
Z;10;3 2.732485235249248e-05
Z;10;4 0.0008454130040301779
Z;10;5 0.0
Z;11;0 0.0
Z;11;1 0.0
Z;11;2 0.00040299529802689853
Z;11;3 7.246662212135273e-05
Z;11;4 0.0
Z;11;5 0.0
Z;12;0 0.0
Z;12;1 0.0
Z;12;2 0.0
Z;12;3 0.0
Z;12;4 0.0005339826625355245
Z;12;5 0.0
Z;13;0 0.00243596798393263
Z;13;1 0.0005863022215455473
Z;13;2 0.0
Z;13;3 7.246662212135273e-05
Z;13;4 0.00014657555538638684
Z;13;5 0.0
Z;14;0 0.0
Z;14;1 0.001009330764334624
Z;14;2 0.0
Z;14;3 0.0
Z;14;4 0.00023675354258658078
Z;14;5 0.0
Z;15;0 0.0
Z;15;1 0.0007102606277597423
Z;15;2 0.0
Z;15;3 0.0001268165887123673
Z;15;4 0.0012982158892057445
Z;15;5 0.0
Z;16;0 0.0
Z;16;1 0.0
Z;16;2 0.0
Z;16;3 0.0
Z;16;4 0.0004530128721574847
Z;16;5 0.0
Z;17;0 0.0
Z;17;1 0.00028578729260569203
Z;17;2 3.6036387014052253e-05
Z;17;3 0.0
Z;17;4 8.481891192495199e-05
Z;17;5 0.004568066706542002
Z;18;0 0.0
Z;18;1 0.00013595970057186208
Z;18;2 0.0
Z;18;3 8.108187078161757e-05
Z;18;4 0.00017925948301412124
Z;18;5 0.0
Z;19;0 0.0
Z;19;1 0.0005713359998727156
Z;19;2 0.0
Z;19;3 4.504548376756532e-05
Z;19;4 0.00028578729260569203
Z;19;5 0.0
W;0;0 0.0
W;0;1 0.0003808906665818104
W;0;2 2.702729026053919e-05
W;0;3 0.0
W;0;4 0.0002843972133916449
W;0;5 0.0
W;1;0 0.0
W;1;1 0.0
W;1;2 0.0
W;1;3 0.0
W;1;4 0.0
W;1;5 0.0
W;2;0 0.0
W;2;1 0.00029851018604801574
W;2;2 0.0
W;2;3 0.0
W;2;4 0.0
W;2;5 0.0
W;3;0 0.0
W;3;1 0.00040356675334144137
W;3;2 0.0
W;3;3 0.0
W;3;4 0.0002509547641322907
W;3;5 0.0
W;4;0 0.0
W;4;1 0.0003585189660282425
W;4;2 2.702729026053919e-05
W;4;3 6.306367727459145e-05
W;4;4 0.0004974883142599943
W;4;5 0.0021555744534149527
W;5;0 0.0
W;5;1 0.00042270650201508896
W;5;2 3.6036387014052253e-05
W;5;3 6.306367727459145e-05
W;5;4 0.0005377784490423638
W;5;5 0.0
W;6;0 0.0012012975331624502
W;6;1 0.001919500306029005
W;6;2 2.702729026053919e-05
W;6;3 1.8018193507026127e-05
W;6;4 0.0
W;6;5 0.0
W;7;0 0.0
W;7;1 0.0002487441571299971
W;7;2 0.0
W;7;3 0.00011711825779566983
W;7;4 0.0
W;7;5 0.0
W;8;0 0.0
W;8;1 0.00017925948301412124
W;8;2 0.0005863022215455473
W;8;3 0.0012547738206614533
W;8;4 0.0
W;8;5 0.0
W;9;0 0.004568066706542002
W;9;1 0.0
W;9;2 0.0
W;9;3 0.0
W;9;4 0.0006491079446028723
W;9;5 0.0
W;10;0 0.004311148906829905
W;10;1 0.0
W;10;2 4.6052232229207936e-05
W;10;3 0.0001304203281662469
W;10;4 0.0012437207856499856
W;10;5 0.005153177613120528
W;11;0 0.0
W;11;1 0.0
W;11;2 0.0
W;11;3 0.0001086999331820291
W;11;4 0.0005006448836907751
W;11;5 0.0
W;12;0 0.0
W;12;1 0.0
W;12;2 0.00014493324424270546
W;12;3 3.6036387014052253e-05
W;12;4 0.0007102606277597423
W;12;5 0.0
W;13;0 0.0
W;13;1 0.000605350130012162
W;13;2 7.246662212135273e-05
W;13;3 5.405458052107838e-05
W;13;4 0.00031465678549928694
W;13;5 0.0
W;14;0 0.0
W;14;1 0.0
W;14;2 0.0
W;14;3 0.0
W;14;4 0.0007827294699428732
W;14;5 0.0
W;15;0 0.0
W;15;1 0.0012982158892057445
W;15;2 6.306367727459145e-05
W;15;3 0.0
W;15;4 0.0007462324713899914
W;15;5 0.0
W;16;0 0.0
W;16;1 0.0
W;16;2 9.058327765169091e-05
W;16;3 6.306367727459145e-05
W;16;4 0.0007827294699428732
W;16;5 0.0
W;17;0 0.0
W;17;1 0.0002487441571299971
W;17;2 0.0001086999331820291
W;17;3 4.504548376756532e-05
W;17;4 0.00020178337667072069
W;17;5 0.00487193596786526
W;18;0 0.0
W;18;1 0.00015732839274964347
W;18;2 0.0
W;18;3 0.0
W;18;4 0.001026028887704708
W;18;5 0.0
W;19;0 0.0
W;19;1 0.0003792183743729471
W;19;2 9.058327765169091e-05
W;19;3 0.0
W;19;4 0.0005377784490423638
W;19;5 0.0
