X;0;0 0.0
X;0;1 0.0003297545683911831
X;0;2 0.0
X;0;3 0.0
X;0;4 0.00036311609391058485
X;0;5 0.0
X;1;0 0.0
X;1;1 0.0
X;1;2 2.0903833304236367e-05
X;1;3 0.00010395111638668921
X;1;4 0.0003137531551658356
X;1;5 0.0
X;2;0 0.0
X;2;1 0.0
X;2;2 1.039511163866892e-05
X;2;3 5.1975558193344604e-05
X;2;4 0.0012707293260548127
X;2;5 0.0
X;3;0 0.0
X;3;1 0.0
X;3;2 6.237066983201352e-05
X;3;3 5.1975558193344604e-05
X;3;4 0.0003382512816608927
X;3;5 0.0
X;4;0 0.0
X;4;1 0.0
X;4;2 3.118533491600676e-05
X;4;3 9.355600474802028e-05
X;4;4 0.0001568765775829178
X;4;5 0.0
X;5;0 0.0
X;5;1 0.0
X;5;2 7.276578147068243e-05
X;5;3 5.1975558193344604e-05
X;5;4 0.00019410207006435078
X;5;5 0.0
X;6;0 0.0
X;6;1 0.0003297545683911831
X;6;2 0.0002656859551685073
X;6;3 4.158044655467568e-05
X;6;4 0.0002594660672969411
X;6;5 0.0
X;7;0 0.0
X;7;1 0.0
X;7;2 0.00013283686392386268
X;7;3 9.458602737401242e-05
X;7;4 0.001195531775314764
X;7;5 0.0
X;8;0 0.0
X;8;1 0.001195531775314764
X;8;2 0.0
X;8;3 0.0
X;8;4 0.0006765025633217854
X;8;5 0.0
X;9;0 0.0
X;9;1 0.0
X;9;2 6.237066983201352e-05
X;9;3 0.0
X;9;4 0.0003137531551658356
X;9;5 0.0
X;10;0 0.0
X;10;1 0.0
X;10;2 0.0001261147031653499
X;10;3 0.0
X;10;4 0.0
X;10;5 0.0
X;11;0 0.0
X;11;1 0.0
X;11;2 0.0
X;11;3 2.079022327733784e-05
X;11;4 0.0007053895379667246
X;11;5 0.0
X;12;0 0.0
X;12;1 0.0
X;12;2 6.237066983201352e-05
X;12;3 0.00010451916652118183
X;12;4 0.0004394892306713197
X;12;5 0.0
X;13;0 0.0
X;13;1 0.0007261310434598929
X;13;2 4.158044655467568e-05
X;13;3 8.361533321694547e-05
X;13;4 0.00021974461533565986
X;13;5 0.0
X;14;0 0.0
X;14;1 0.0
X;14;2 6.237066983201352e-05
X;14;3 7.276578147068243e-05
X;14;4 0.0
X;14;5 0.0
X;15;0 0.0
X;15;1 0.0
X;15;2 0.00010451916652118183
X;15;3 6.237066983201352e-05
X;15;4 0.00036306552172994644
X;15;5 0.0
X;16;0 0.0
X;16;1 0.00021974461533565986
X;16;2 6.27114999127091e-05
X;16;3 9.355600474802028e-05
X;16;4 0.0
X;16;5 0.0
X;17;0 0.0
X;17;1 0.0008195314935689335
X;17;2 0.00010451916652118183
X;17;3 4.158044655467568e-05
X;17;4 0.00024608978282423144
X;17;5 0.0
X;18;0 0.0
X;18;1 0.0
X;18;2 0.0001261147031653499
X;18;3 3.118533491600676e-05
X;18;4 0.0005791263787668247
X;18;5 0.004974402584803737
X;19;0 0.0
X;19;1 0.0006205135950488812
X;19;2 6.237066983201352e-05
X;19;3 3.118533491600676e-05
X;19;4 0.00021974461533565986
X;19;5 0.0
Y;0;0 0.0
Y;0;1 0.00036306552172994644
Y;0;2 0.0
Y;0;3 0.0
Y;0;4 0.0
Y;0;5 0.0
Y;1;0 0.0
Y;1;1 0.00019410207006435078
Y;1;2 0.00010395111638668921
Y;1;3 0.0
Y;1;4 0.0
Y;1;5 0.0
Y;2;0 0.0
Y;2;1 0.0
Y;2;2 0.0
Y;2;3 9.355600474802028e-05
Y;2;4 0.0004394892306713197
Y;2;5 0.0
Y;3;0 0.0
Y;3;1 0.00013283686392386268
Y;3;2 0.0
Y;3;3 0.0
Y;3;4 0.0002595380924153275
Y;3;5 0.0
Y;4;0 0.0
Y;4;1 0.0007382693484726943
Y;4;2 0.0
Y;4;3 0.0
Y;4;4 0.0003382512816608927
Y;4;5 0.0
Y;5;0 0.0
Y;5;1 0.0
Y;5;2 0.0
Y;5;3 0.0
Y;5;4 0.0006205135950488812
Y;5;5 0.0
Y;6;0 0.0
Y;6;1 0.00014478159469170617
Y;6;2 0.0
Y;6;3 0.00016908893623506234
Y;6;4 0.0006984809192448024
Y;6;5 0.0
Y;7;0 0.0
Y;7;1 0.0
Y;7;2 0.0
Y;7;3 3.118533491600676e-05
Y;7;4 0.0
Y;7;5 0.0
Y;8;0 0.0
Y;8;1 0.00024608978282423144
Y;8;2 8.316089310935136e-05
Y;8;3 4.1807666608472735e-05
Y;8;4 0.00046565394616320156
Y;8;5 0.0
Y;9;0 0.0
Y;9;1 0.00016912564083044636
Y;9;2 8.316089310935136e-05
Y;9;3 0.0
Y;9;4 0.0005740249779923011
Y;9;5 0.0
Y;10;0 0.0
Y;10;1 0.0
Y;10;2 0.0
Y;10;3 0.00039147190119208613
Y;10;4 0.0
Y;10;5 0.0
Y;11;0 0.0
Y;11;1 0.0007417301706343207
Y;11;2 0.0
Y;11;3 0.0
Y;11;4 0.0
Y;11;5 0.0
Y;12;0 0.0
Y;12;1 0.0
Y;12;2 0.0
Y;12;3 0.00012474133966402704
Y;12;4 0.0
Y;12;5 0.0
Y;13;0 0.0
Y;13;1 0.0005445982825949197
Y;13;2 4.158044655467568e-05
Y;13;3 0.0
Y;13;4 0.00020683786501629375
Y;13;5 0.0
Y;14;0 0.0
Y;14;1 0.0
Y;14;2 0.0
Y;14;3 0.0
Y;14;4 8.648868909898037e-05
Y;14;5 0.0
Y;15;0 0.0
Y;15;1 0.0
Y;15;2 0.0001254229998254182
Y;15;3 5.1975558193344604e-05
Y;15;4 0.0005740249779923011
Y;15;5 0.0
Y;16;0 0.0
Y;16;1 0.0
Y;16;2 0.0
Y;16;3 8.316089310935136e-05
Y;16;4 0.0
Y;16;5 0.0
Y;17;0 0.0
Y;17;1 0.0007186854034492002
Y;17;2 3.118533491600676e-05
Y;17;3 0.0
Y;17;4 0.0002536334043525935
Y;17;5 0.0
Y;18;0 0.0
Y;18;1 0.0005791263787668247
Y;18;2 8.361533321694547e-05
Y;18;3 5.1975558193344604e-05
Y;18;4 0.0
Y;18;5 0.0
Y;19;0 0.0
Y;19;1 0.00038820414012870157
Y;19;2 0.0
Y;19;3 6.27114999127091e-05
Y;19;4 0.00028701248899615055
Y;19;5 0.0
Z;0;0 0.0
Z;0;1 0.0
Z;0;2 6.305735158267495e-05
Z;0;3 2.079022327733784e-05
Z;0;4 0.0009844518925095401
Z;0;5 0.0
Z;1;0 0.0
Z;1;1 0.0011480499559846022
Z;1;2 4.158044655467568e-05
Z;1;3 0.0
Z;1;4 0.0005463543290459556
Z;1;5 0.0
Z;2;0 0.0
Z;2;1 0.0
Z;2;2 0.0
Z;2;3 0.0
Z;2;4 0.001639062987137867
Z;2;5 0.0
Z;3;0 0.0
Z;3;1 0.00028956318938341233
Z;3;2 0.0
Z;3;3 0.0
Z;3;4 0.0
Z;3;5 0.0
Z;4;0 0.0
Z;4;1 0.0004343447840751185
Z;4;2 0.0
Z;4;3 0.0
Z;4;4 0.0007786142772459824
Z;4;5 0.0
Z;5;0 0.0
Z;5;1 0.0003152950709252788
Z;5;2 8.316089310935136e-05
Z;5;3 0.0
Z;5;4 0.00013283686392386268
Z;5;5 0.0
Z;6;0 0.0
Z;6;1 0.0
Z;6;2 0.00012681670217629676
Z;6;3 4.158044655467568e-05
Z;6;4 0.0014765386969453887
Z;6;5 0.0
Z;7;0 0.0
Z;7;1 0.001848401524161431
Z;7;2 0.0003381778724701247
Z;7;3 2.079022327733784e-05
Z;7;4 0.0
Z;7;5 0.0
Z;8;0 0.0
Z;8;1 0.0
Z;8;2 6.237066983201352e-05
Z;8;3 6.27114999127091e-05
Z;8;4 0.0009843591312969258
Z;8;5 0.0
Z;9;0 0.0
Z;9;1 0.0003281506308365134
Z;9;2 5.1975558193344604e-05
Z;9;3 0.0
Z;9;4 0.0
Z;9;5 0.0
Z;10;0 0.0
Z;10;1 0.0
Z;10;2 4.2272234058765585e-05
Z;10;3 6.305735158267495e-05
Z;10;4 0.0029264296293352314
Z;10;5 0.009948805169607474
Z;11;0 0.0
Z;11;1 0.0
Z;11;2 0.0
Z;11;3 0.00027174983295507276
Z;11;4 0.0
Z;11;5 0.0
Z;12;0 0.0
Z;12;1 0.0
Z;12;2 0.0
Z;12;3 0.0
Z;12;4 0.0006161338413871437
Z;12;5 0.0
Z;13;0 0.0
Z;13;1 0.00016912564083044636
Z;13;2 0.0
Z;13;3 6.27114999127091e-05
Z;13;4 0.0006765025633217854
Z;13;5 0.0
Z;14;0 0.0
Z;14;1 0.0
Z;14;2 0.0
Z;14;3 0.0
Z;14;4 0.0
Z;14;5 0.0
Z;15;0 0.0
Z;15;1 0.0008195314935689335
Z;15;2 0.0
Z;15;3 8.361533321694547e-05
Z;15;4 0.0014979414106220128
Z;15;5 0.0
Z;16;0 0.0
Z;16;1 0.0
Z;16;2 0.0
Z;16;3 0.0
Z;16;4 0.0
Z;16;5 0.0
Z;17;0 0.0
Z;17;1 0.0
Z;17;2 5.1975558193344604e-05
Z;17;3 0.0
Z;17;4 0.0005872078517881291
Z;17;5 0.0
Z;18;0 0.0
Z;18;1 0.0001568765775829178
Z;18;2 0.0
Z;18;3 0.00010395111638668921
Z;18;4 0.0
Z;18;5 0.0
Z;19;0 0.0
Z;19;1 0.0004394892306713197
Z;19;2 0.0
Z;19;3 5.1975558193344604e-05
Z;19;4 0.0013190182735647324
Z;19;5 0.0
W;0;0 0.0
W;0;1 0.00021974461533565986
W;0;2 9.355600474802028e-05
W;0;3 0.0
W;0;4 0.00010938354361217111
W;0;5 0.0
W;1;0 0.0
W;1;1 0.0008610374669884516
W;1;2 0.0
W;1;3 0.0
W;1;4 0.0002595380924153275
W;1;5 0.0
W;2;0 0.0
W;2;1 0.0
W;2;2 0.0
W;2;3 0.0
W;2;4 0.000519076184830655
W;2;5 0.0
W;3;0 0.0
W;3;1 0.00023282697308160078
W;3;2 0.0
W;3;3 0.0
W;3;4 0.00028956318938341233
W;3;5 0.0
W;4;0 0.0
W;4;1 0.00020683786501629375
W;4;2 7.276578147068243e-05
W;4;3 5.1975558193344604e-05
W;4;4 0.0
W;4;5 0.0
W;5;0 0.0
W;5;1 0.0
W;5;2 3.118533491600676e-05
W;5;3 8.316089310935136e-05
W;5;4 0.0004136757300325875
W;5;5 0.0
W;6;0 0.0
W;6;1 0.0014765386969453887
W;6;2 4.158044655467568e-05
W;6;3 3.118533491600676e-05
W;6;4 0.0
W;6;5 0.0
W;7;0 0.0
W;7;1 0.0
W;7;2 0.0
W;7;3 5.1975558193344604e-05
W;7;4 0.0034660030409361356
W;7;5 0.0
W;8;0 0.0
W;8;1 0.000827351460065175
W;8;2 0.0
W;8;3 0.0
W;8;4 0.00010938354361217111
W;8;5 0.009513558670376362
W;9;0 0.0
W;9;1 0.0002731771645229778
W;9;2 0.0
W;9;3 0.0
W;9;4 0.0007489707053110064
W;9;5 0.0
W;10;0 0.009948805169607474
W;10;1 0.0023392217775471025
W;10;2 0.00010627438206740292
W;10;3 7.52424970189886e-05
W;10;4 0.0
W;10;5 0.0
W;11;0 0.0
W;11;1 0.0
W;11;2 0.0
W;11;3 4.1807666608472735e-05
W;11;4 0.0
W;11;5 0.0
W;12;0 0.0
W;12;1 0.0004394892306713197
W;12;2 0.00010451916652118183
W;12;3 6.237066983201352e-05
W;12;4 0.0
W;12;5 0.0
W;13;0 0.0
W;13;1 0.00023282697308160078
W;13;2 8.361533321694547e-05
W;13;3 4.158044655467568e-05
W;13;4 0.0007261310434598929
W;13;5 0.0
W;14;0 0.0
W;14;1 0.00026567372784772536
W;14;2 0.0
W;14;3 0.0
W;14;4 0.0006020995922637486
W;14;5 0.0
W;15;0 0.0
W;15;1 0.0014979414106220128
W;15;2 5.1975558193344604e-05
W;15;3 0.0
W;15;4 0.0008610374669884516
W;15;5 0.0
W;16;0 0.0
W;16;1 0.0002595380924153275
W;16;2 6.27114999127091e-05
W;16;3 9.355600474802028e-05
W;16;4 0.0
W;16;5 0.0
W;17;0 0.0
W;17;1 0.0008610374669884516
W;17;2 0.00010451916652118183
W;17;3 4.158044655467568e-05
W;17;4 0.00023282697308160078
W;17;5 0.0
W;18;0 0.0
W;18;1 0.00036306552172994644
W;18;2 0.0
W;18;3 0.0
W;18;4 0.000507376922491339
W;18;5 0.0
W;19;0 0.0
W;19;1 0.0017502386509520636
W;19;2 0.00010451916652118183
W;19;3 0.0
W;19;4 0.0004136757300325875
W;19;5 0.0
