X;0;0 0.0
X;0;1 0.0
X;0;2 0.0
X;0;3 0.0
X;0;4 0.0002622505122687557
X;0;5 0.0
X;1;0 0.0
X;1;1 0.00039332098187410867
X;1;2 9.058327765169091e-05
X;1;3 3.378411282567399e-05
X;1;4 0.0005098488771444828
X;1;5 0.0
X;2;0 0.0
X;2;1 0.0001630254102078086
X;2;2 3.378411282567399e-05
X;2;3 4.504548376756532e-05
X;2;4 0.000589981472811163
X;2;5 0.0
X;3;0 0.0
X;3;1 0.0002522292208384008
X;3;2 0.00011261370941891329
X;3;3 1.126137094189133e-05
X;3;4 0.0
X;3;5 0.0
X;4;0 0.0
X;4;1 0.0
X;4;2 1.126137094189133e-05
X;4;3 9.009096753513064e-05
X;4;4 0.0005098488771444828
X;4;5 0.0
X;5;0 0.0
X;5;1 0.0009836593387642428
X;5;2 9.009096753513064e-05
X;5;3 2.252274188378266e-05
X;5;4 0.0
X;5;5 0.0
X;6;0 0.0
X;6;1 0.0
X;6;2 0.00017269587085952975
X;6;3 7.88295965932393e-05
X;6;4 0.00018739215971445746
X;6;5 0.0
X;7;0 0.0
X;7;1 0.0
X;7;2 0.00014390660258418455
X;7;3 3.4156065440615596e-05
X;7;4 0.0014390660258418455
X;7;5 0.0
X;8;0 0.0032774011792014225
X;8;1 0.0004317198077525537
X;8;2 0.0
X;8;3 0.0
X;8;4 0.0014657555538638682
X;8;5 0.0
X;9;0 0.0
X;9;1 0.0005857370620845146
X;9;2 4.504548376756532e-05
X;9;3 0.0
X;9;4 0.0001699496257148276
X;9;5 0.0
X;10;0 0.0
X;10;1 0.0
X;10;2 0.00013662426176246238
X;10;3 0.0
X;10;4 0.00011513058057301983
X;10;5 0.0
X;11;0 0.0
X;11;1 0.0
X;11;2 0.00018321944423298352
X;11;3 3.378411282567399e-05
X;11;4 0.0005557614541556011
X;11;5 0.0
X;12;0 0.0
X;12;1 0.0
X;12;2 5.6306854709456645e-05
X;12;3 0.0001585207358904591
X;12;4 0.0
X;12;5 0.0
X;13;0 0.0
X;13;1 0.0007866419637482173
X;13;2 1.126137094189133e-05
X;13;3 0.00013587491647753638
X;13;4 0.00023805666661363148
X;13;5 0.0
X;14;0 0.0
X;14;1 0.0
X;14;2 2.252274188378266e-05
X;14;3 0.00010135233847702197
X;14;4 0.0003261372791428638
X;14;5 0.0
X;15;0 0.0
X;15;1 0.001405831333916357
X;15;2 6.793745823876819e-05
X;15;3 4.504548376756532e-05
X;15;4 0.0
X;15;5 0.0
X;16;0 0.0
X;16;1 0.0009522266664545259
X;16;2 0.0
X;16;3 9.009096753513064e-05
X;16;4 0.0
X;16;5 0.0
X;17;0 0.0
X;17;1 0.00029594192823322594
X;17;2 0.00013587491647753638
X;17;3 2.252274188378266e-05
X;17;4 0.0007997917941787522
X;17;5 0.0
X;18;0 0.0
X;18;1 0.0
X;18;2 0.00010246819632184678
X;18;3 7.88295965932393e-05
X;18;4 0.00031369345516536333
X;18;5 0.0
X;19;0 0.0
X;19;1 0.0008962974150706061
X;19;2 4.504548376756532e-05
X;19;3 2.252274188378266e-05
X;19;4 0.00047611333322726296
X;19;5 0.0
Y;0;0 0.0
Y;0;1 0.00039332098187410867
Y;0;2 0.0
Y;0;3 0.0
Y;0;4 0.00047611333322726296
Y;0;5 0.0
Y;1;0 0.0
Y;1;1 0.0004205544851394267
Y;1;2 3.378411282567399e-05
Y;1;3 0.0
Y;1;4 0.00013894036353890029
Y;1;5 0.0
Y;2;0 0.0
Y;2;1 0.00011513058057301983
Y;2;2 0.0
Y;2;3 3.378411282567399e-05
Y;2;4 0.00047611333322726296
Y;2;5 0.0
Y;3;0 0.0
Y;3;1 0.00014390660258418455
Y;3;2 0.0
Y;3;3 0.0
Y;3;4 0.0
Y;3;5 0.0
Y;4;0 0.0
Y;4;1 0.0002665972647262507
Y;4;2 0.0
Y;4;3 0.0
Y;4;4 0.0007328777769319341
Y;4;5 0.0
Y;5;0 0.0
Y;5;1 0.0008447189752253425
Y;5;2 0.0
Y;5;3 0.0
Y;5;4 0.0
Y;5;5 0.0
Y;6;0 0.0
Y;6;1 0.0007842336379134084
Y;6;2 0.0
Y;6;3 9.158984046065876e-05
Y;6;4 0.0002522292208384008
Y;6;5 0.0
Y;7;0 0.0
Y;7;1 0.0
Y;7;2 0.0
Y;7;3 4.504548376756532e-05
Y;7;4 0.0
Y;7;5 0.0
Y;8;0 0.0
Y;8;1 0.0
Y;8;2 4.504548376756532e-05
Y;8;3 9.058327765169091e-05
Y;8;4 0.0010089168833536033
Y;8;5 0.0
Y;9;0 0.0
Y;9;1 0.00036643888846596705
Y;9;2 5.6306854709456645e-05
Y;9;3 0.0
Y;9;4 0.0
Y;9;5 0.0
Y;10;0 0.0
Y;10;1 0.0
Y;10;2 0.0
Y;10;3 0.00010602363990618998
Y;10;4 0.00019666049093705433
Y;10;5 0.0
Y;11;0 0.0
Y;11;1 0.0008035410181871807
Y;11;2 0.0
Y;11;3 0.0
Y;11;4 0.0006055789318456548
Y;11;5 0.0
Y;12;0 0.0
Y;12;1 0.0
Y;12;2 0.0
Y;12;3 9.009096753513064e-05
Y;12;4 0.0005857370620845146
Y;12;5 0.0
Y;13;0 0.0
Y;13;1 0.0
Y;13;2 6.756822565134798e-05
Y;13;3 0.0
Y;13;4 0.0008962974150706061
Y;13;5 0.0
Y;14;0 0.0
Y;14;1 0.00035723411575711505
Y;14;2 0.0
Y;14;3 0.0
Y;14;4 0.00018739215971445746
Y;14;5 0.0
Y;15;0 0.0
Y;15;1 0.0010513862128485665
Y;15;2 6.793745823876819e-05
Y;15;3 2.252274188378266e-05
Y;15;4 0.0006218603928249928
Y;15;5 0.0
Y;16;0 0.0
Y;16;1 0.0
Y;16;2 0.0
Y;16;3 6.756822565134798e-05
Y;16;4 0.0006464338413803229
Y;16;5 0.0
Y;17;0 0.0
Y;17;1 0.0
Y;17;2 7.88295965932393e-05
Y;17;3 0.0
Y;17;4 9.158984046065876e-05
Y;17;5 0.0
Y;18;0 0.0
Y;18;1 0.00015684672758268167
Y;18;2 9.058327765169091e-05
Y;18;3 5.6306854709456645e-05
Y;18;4 0.0006522745582857276
Y;18;5 0.0
Y;19;0 0.0
Y;19;1 0.0008411089702788534
Y;19;2 0.0
Y;19;3 4.529163882584546e-05
Y;19;4 0.0006218603928249928
Y;19;5 0.0
Z;0;0 0.0
Z;0;1 0.0
Z;0;2 0.00017078032720307796
Z;0;3 5.6306854709456645e-05
Z;0;4 0.00023699767782637074
Z;0;5 0.0
Z;1;0 0.0
Z;1;1 0.0006218603928249928
Z;1;2 3.378411282567399e-05
Z;1;3 0.0
Z;1;4 0.00029594192823322594
Z;1;5 0.0
Z;2;0 0.0
Z;2;1 0.00044814870753530307
Z;2;2 0.0
Z;2;3 0.0
Z;2;4 0.00029594192823322594
Z;2;5 0.0
Z;3;0 0.0
Z;3;1 0.00031369345516536333
Z;3;2 0.0
Z;3;3 0.0
Z;3;4 0.00023805666661363148
Z;3;5 0.0
Z;4;0 0.0
Z;4;1 0.0006273869103307267
Z;4;2 0.0
Z;4;3 0.0
Z;4;4 0.0002811662667832714
Z;4;5 0.0
Z;5;0 0.0
Z;5;1 0.000341569660169052
Z;5;2 3.378411282567399e-05
Z;5;3 0.0
Z;5;4 0.00014390660258418455
Z;5;5 0.0
Z;6;0 0.0
Z;6;1 0.0
Z;6;2 4.579492023032938e-05
Z;6;3 0.00012387508036080462
Z;6;4 0.0
Z;6;5 0.0
Z;7;0 0.0
Z;7;1 0.0
Z;7;2 4.579492023032938e-05
Z;7;3 0.00012387508036080462
Z;7;4 0.0
Z;7;5 0.0
Z;8;0 0.0
Z;8;1 0.0
Z;8;2 3.378411282567399e-05
Z;8;3 6.793745823876819e-05
Z;8;4 0.0013329863236312535
Z;8;5 0.0035770700046720274
Z;9;0 0.0
Z;9;1 0.00035549651673955616
Z;9;2 6.756822565134798e-05
Z;9;3 0.0
Z;9;4 0.0
Z;9;5 0.0
Z;10;0 0.0
Z;10;1 0.0
Z;10;2 0.0
Z;10;3 3.4156065440615596e-05
Z;10;4 0.0010567662550377223
Z;10;5 0.024250212600918215
Z;11;0 0.0
Z;11;1 0.0
Z;11;2 0.0004579492023032938
Z;11;3 4.529163882584546e-05
Z;11;4 0.0
Z;11;5 0.0
Z;12;0 0.0
Z;12;1 0.0005857370620845146
Z;12;2 0.0
Z;12;3 0.0
Z;12;4 0.0
Z;12;5 0.0
Z;13;0 0.0
Z;13;1 0.0
Z;13;2 0.0
Z;13;3 0.00018116655530338183
Z;13;4 0.0
Z;13;5 0.0
Z;14;0 0.0
Z;14;1 0.00021027724256971335
Z;14;2 0.0
Z;14;3 0.0
Z;14;4 0.0
Z;14;5 0.0
Z;15;0 0.0030449599799157873
Z;15;1 0.0005918838564664519
Z;15;2 0.0
Z;15;3 6.793745823876819e-05
Z;15;4 0.00040569246537679513
Z;15;5 0.0
Z;16;0 0.0
Z;16;1 0.0006889567523389219
Z;16;2 0.0
Z;16;3 0.0
Z;16;4 0.0005662660901968559
Z;16;5 0.0
Z;17;0 0.0
Z;17;1 0.0007144682315142301
Z;17;2 5.6306854709456645e-05
Z;17;3 0.0
Z;17;4 0.0
Z;17;5 0.0
Z;18;0 0.0
Z;18;1 0.0003398992514296552
Z;18;2 0.0
Z;18;3 3.378411282567399e-05
Z;18;4 0.0
Z;18;5 0.0
Z;19;0 0.0028550416915887507
Z;19;1 0.00023805666661363148
Z;19;2 0.0
Z;19;3 3.378411282567399e-05
Z;19;4 0.0007144682315142301
Z;19;5 0.0
W;0;0 0.0
W;0;1 0.00047611333322726296
W;0;2 5.6306854709456645e-05
W;0;3 0.0
W;0;4 0.00011849883891318537
W;0;5 0.0
W;1;0 0.0
W;1;1 0.0006218603928249928
W;1;2 0.0
W;1;3 0.0
W;1;4 0.0
W;1;5 0.0
W;2;0 0.0
W;2;1 0.00037313773256001965
W;2;2 0.0
W;2;3 0.0
W;2;4 0.0005623325335665428
W;2;5 0.0
W;3;0 0.0
W;3;1 0.0002522292208384008
W;3;2 0.0
W;3;3 0.0
W;3;4 0.00031369345516536333
W;3;5 0.0
W;4;0 0.0
W;4;1 0.0006722230613029547
W;4;2 7.88295965932393e-05
W;4;3 2.252274188378266e-05
W;4;4 0.0
W;4;5 0.0
W;5;0 0.0
W;5;1 0.0
W;5;2 1.126137094189133e-05
W;5;3 0.00011261370941891329
W;5;4 0.00022407435376765154
W;5;5 0.0
W;6;0 0.0
W;6;1 0.0
W;6;2 0.00012387508036080462
W;6;3 1.126137094189133e-05
W;6;4 0.0
W;6;5 0.0
W;7;0 0.0
W;7;1 0.0
W;7;2 0.0
W;7;3 1.126137094189133e-05
W;7;4 0.0
W;7;5 0.0
W;8;0 0.002322931666832511
W;8;1 0.001568520476373561
W;8;2 0.0
W;8;3 0.0
W;8;4 0.00035549651673955616
W;8;5 0.001288294403280132
W;9;0 0.0
W;9;1 0.00029594192823322594
W;9;2 0.0
W;9;3 0.0
W;9;4 0.00040569246537679513
W;9;5 0.0
W;10;0 0.026944680667686904
W;10;1 0.00042235948761267124
W;10;2 5.756529028650991e-05
W;10;3 0.0
W;10;4 0.0
W;10;5 0.0
W;11;0 0.0
W;11;1 0.0022650643607874236
W;11;2 0.0
W;11;3 4.529163882584546e-05
W;11;4 0.0
W;11;5 0.0
W;12;0 0.0
W;12;1 0.0
W;12;2 0.0001585207358904591
W;12;3 5.6306854709456645e-05
W;12;4 0.0
W;12;5 0.0
W;13;0 0.0
W;13;1 0.0002522292208384008
W;13;2 0.00013587491647753638
W;13;3 2.252274188378266e-05
W;13;4 0.000589981472811163
W;13;5 0.0
W;14;0 0.0
W;14;1 0.0002878132051683691
W;14;2 0.0
W;14;3 0.0
W;14;4 0.0
W;14;5 0.0
W;15;0 0.0
W;15;1 0.00040569246537679513
W;15;2 3.378411282567399e-05
W;15;3 0.0
W;15;4 0.0006218603928249928
W;15;5 0.0030449599799157873
W;16;0 0.0
W;16;1 0.0011246650671330855
W;16;2 0.0
W;16;3 9.009096753513064e-05
W;16;4 0.0
W;16;5 0.0
W;17;0 0.0
W;17;1 0.0003109301964124964
W;17;2 0.00013587491647753638
W;17;3 2.252274188378266e-05
W;17;4 0.0007566876625152026
W;17;5 0.0
W;18;0 0.003999429492284698
W;18;1 0.0007866419637482173
W;18;2 0.0
W;18;3 0.0
W;18;4 0.0
W;18;5 0.0
W;19;0 0.0
W;19;1 0.0009480459359323677
W;19;2 6.793745823876819e-05
W;19;3 0.0
W;19;4 0.00022407435376765154
W;19;5 0.0024326822039760798
