X;0;0 0.0
X;0;1 0.0
X;0;2 0.0
X;0;3 0.0
X;0;4 0.00031470061472250684
X;0;5 0.0
X;1;0 0.0
X;1;1 0.0004719851782489304
X;1;2 0.0001086999331820291
X;1;3 4.0540935390808783e-05
X;1;4 0.00020393955085779312
X;1;5 0.0
X;2;0 0.0
X;2;1 0.0002934457383740555
X;2;2 4.0540935390808783e-05
X;2;3 4.0540935390808783e-05
X;2;4 0.0002359925891244652
X;2;5 0.0
X;3;0 0.0
X;3;1 0.0
X;3;2 5.405458052107838e-05
X;3;3 6.756822565134798e-05
X;3;4 0.00021986333307958024
X;3;5 0.0
X;4;0 0.0
X;4;1 0.0
X;4;2 2.702729026053919e-05
X;4;3 5.405458052107838e-05
X;4;4 0.0008157582034311725
X;4;5 0.0
X;5;0 0.0
X;5;1 0.0011803912065170914
X;5;2 5.405458052107838e-05
X;5;3 4.0540935390808783e-05
X;5;4 0.000252332691083656
X;5;5 0.0
X;6;0 0.0
X;6;1 0.0
X;6;2 0.00048354843840668334
X;6;3 2.702729026053919e-05
X;6;4 0.00011243529582867448
X;6;5 0.0
X;7;0 0.0
X;7;1 0.0
X;7;2 0.0
X;7;3 8.197455705747743e-05
X;7;4 0.0008634396155051074
X;7;5 0.005079546235519913
X;8;0 0.0
X;8;1 0.0010361275386061288
X;8;2 0.0005687944267832898
X;8;3 0.0
X;8;4 0.0
X;8;5 0.0
X;9;0 0.0
X;9;1 0.0
X;9;2 2.702729026053919e-05
X;9;3 0.0
X;9;4 0.00020393955085779312
X;9;5 0.0
X;10;0 0.0
X;10;1 0.000302675065006081
X;10;2 0.00024592367117243224
X;10;3 0.0
X;10;4 6.90783483438119e-05
X;10;5 0.0
X;11;0 0.0
X;11;1 0.0
X;11;2 0.00021986333307958024
X;11;3 5.405458052107838e-05
X;11;4 0.00041682109061670094
X;11;5 0.0
X;12;0 0.0
X;12;1 0.0007102606277597423
X;12;2 4.0540935390808783e-05
X;12;3 0.0001086999331820291
X;12;4 0.0002856679999363578
X;12;5 0.0
X;13;0 0.0
X;13;1 0.0002359925891244652
X;13;2 0.00010810916104215676
X;13;3 2.7174983295507274e-05
X;13;4 0.0
X;13;5 0.0
X;14;0 0.0
X;14;1 0.0
X;14;2 1.3513645130269595e-05
X;14;3 0.00010810916104215676
X;14;4 0.0
X;14;5 0.003066447439341775
X;15;0 0.0
X;15;1 0.0003373995201399257
X;15;2 0.0002173998663640582
X;15;3 1.3513645130269595e-05
X;15;4 0.0
X;15;5 0.0
X;16;0 0.0
X;16;1 0.0002856679999363578
X;16;2 0.00013587491647753638
X;16;3 5.405458052107838e-05
X;16;4 0.0
X;16;5 0.0
X;17;0 0.0
X;17;1 0.0
X;17;2 0.00013587491647753638
X;17;3 5.405458052107838e-05
X;17;4 0.00031991671767150085
X;17;5 0.0
X;18;0 0.0
X;18;1 0.0
X;18;2 0.00016394911411495486
X;18;3 6.756822565134798e-05
X;18;4 0.000188216073099218
X;18;5 0.0
X;19;0 0.0
X;19;1 0.0005377784490423638
X;19;2 5.405458052107838e-05
X;19;3 5.405458052107838e-05
X;19;4 0.0
X;19;5 0.0
Y;0;0 0.0
Y;0;1 0.0007079777673733956
Y;0;2 0.0
Y;0;3 0.0
Y;0;4 0.0002856679999363578
Y;0;5 0.0
Y;1;0 0.0
Y;1;1 0.000252332691083656
Y;1;2 2.702729026053919e-05
Y;1;3 0.0
Y;1;4 0.00016672843624668035
Y;1;5 0.0
Y;2;0 0.0
Y;2;1 0.0002072350450314357
Y;2;2 0.0
Y;2;3 4.0540935390808783e-05
Y;2;4 0.0002856679999363578
Y;2;5 0.0
Y;3;0 0.0
Y;3;1 0.0
Y;3;2 0.0
Y;3;3 0.0
Y;3;4 0.0
Y;3;5 0.0
Y;4;0 0.0
Y;4;1 0.0
Y;4;2 0.0
Y;4;3 0.0
Y;4;4 0.0006595899992387407
Y;4;5 0.0
Y;5;0 0.0
Y;5;1 0.001013662770270411
Y;5;2 0.0
Y;5;3 0.0
Y;5;4 0.0
Y;5;5 0.0
Y;6;0 0.0
Y;6;1 0.00094108036549609
Y;6;2 0.0
Y;6;3 0.0001099078085527905
Y;6;4 0.0
Y;6;5 0.0
Y;7;0 0.0
Y;7;1 0.0
Y;7;2 0.0
Y;7;3 8.108187078161757e-05
Y;7;4 0.0
Y;7;5 0.0
Y;8;0 0.0
Y;8;1 0.0015995835883575043
Y;8;2 5.405458052107838e-05
Y;8;3 2.7174983295507274e-05
Y;8;4 0.0
Y;8;5 0.0
Y;9;0 0.0
Y;9;1 0.0
Y;9;2 8.108187078161757e-05
Y;9;3 0.0
Y;9;4 0.0
Y;9;5 0.0
Y;10;0 0.0
Y;10;1 0.0
Y;10;2 0.0
Y;10;3 0.000254456735774856
Y;10;4 0.0
Y;10;5 0.0
Y;11;0 0.0
Y;11;1 0.0
Y;11;2 0.0
Y;11;3 0.0
Y;11;4 0.0007266947182147858
Y;11;5 0.0
Y;12;0 0.0
Y;12;1 0.0
Y;12;2 0.0
Y;12;3 4.0540935390808783e-05
Y;12;4 0.0
Y;12;5 0.0
Y;13;0 0.0
Y;13;1 0.0
Y;13;2 1.3513645130269595e-05
Y;13;3 0.0
Y;13;4 0.0002688892245211819
Y;13;5 0.0
Y;14;0 0.0
Y;14;1 0.000428680938908538
Y;14;2 0.0
Y;14;3 0.0
Y;14;4 0.0
Y;14;5 0.0
Y;15;0 0.0
Y;15;1 0.000252332691083656
Y;15;2 0.0002173998663640582
Y;15;3 1.3513645130269595e-05
Y;15;4 0.0
Y;15;5 0.0
Y;16;0 0.0
Y;16;1 0.0
Y;16;2 0.0
Y;16;3 1.3513645130269595e-05
Y;16;4 0.0007757206096563875
Y;16;5 0.0
Y;17;0 0.0
Y;17;1 0.0
Y;17;2 4.0540935390808783e-05
Y;17;3 0.0
Y;17;4 0.0001099078085527905
Y;17;5 0.0
Y;18;0 0.0
Y;18;1 0.000188216073099218
Y;18;2 0.0002173998663640582
Y;18;3 1.3513645130269595e-05
Y;18;4 0.0
Y;18;5 0.0
Y;19;0 0.0
Y;19;1 0.000252332691083656
Y;19;2 0.0
Y;19;3 8.152494988652182e-05
Y;19;4 0.0
Y;19;5 0.0
Z;0;0 0.0
Z;0;1 0.0
Z;0;2 0.00016394911411495486
Z;0;3 5.405458052107838e-05
Z;0;4 0.0002843972133916449
Z;0;5 0.0
Z;1;0 0.0
Z;1;1 0.0003731162356949957
Z;1;2 9.459551591188717e-05
Z;1;3 0.0
Z;1;4 0.0
Z;1;5 0.0
Z;2;0 0.0
Z;2;1 0.0
Z;2;2 0.0
Z;2;3 0.0
Z;2;4 0.0
Z;2;5 0.0
Z;3;0 0.0
Z;3;1 0.000188216073099218
Z;3;2 0.0
Z;3;3 0.0
Z;3;4 0.0002856679999363578
Z;3;5 0.0
Z;4;0 0.0
Z;4;1 0.000752864292396872
Z;4;2 0.0
Z;4;3 0.0
Z;4;4 0.0
Z;4;5 0.0
Z;5;0 0.0
Z;5;1 0.00040988359220286237
Z;5;2 6.756822565134798e-05
Z;5;3 0.0
Z;5;4 0.00017268792310102147
Z;5;5 0.0
Z;6;0 0.0
Z;6;1 0.0
Z;6;2 5.495390427639525e-05
Z;6;3 1.3513645130269595e-05
Z;6;4 0.0009597501530145025
Z;6;5 0.009926003212417597
Z;7;0 0.0
Z;7;1 0.0
Z;7;2 0.0001099078085527905
Z;7;3 0.00010810916104215676
Z;7;4 0.0
Z;7;5 0.0
Z;8;0 0.003066447439341775
Z;8;1 0.0017756515693993558
Z;8;2 4.0540935390808783e-05
Z;8;3 2.7174983295507274e-05
Z;8;4 0.0
Z;8;5 0.0
Z;9;0 0.0
Z;9;1 0.0
Z;9;2 8.108187078161757e-05
Z;9;3 0.0
Z;9;4 0.0
Z;9;5 0.0
Z;10;0 0.0
Z;10;1 0.0
Z;10;2 0.0
Z;10;3 0.00040987278528738713
Z;10;4 0.0
Z;10;5 0.0
Z;11;0 0.0
Z;11;1 0.0
Z;11;2 0.0001099078085527905
Z;11;3 0.00019022488306855094
Z;11;4 0.0007266947182147858
Z;11;5 0.0
Z;12;0 0.0
Z;12;1 0.0
Z;12;2 0.0
Z;12;3 0.0
Z;12;4 0.0
Z;12;5 0.0
Z;13;0 0.0
Z;13;1 0.000879453332318321
Z;13;2 0.0
Z;13;3 2.7174983295507274e-05
Z;13;4 0.0
Z;13;5 0.0
Z;14;0 0.0
Z;14;1 0.00126166345541828
Z;14;2 0.0
Z;14;3 0.0
Z;14;4 0.0
Z;14;5 0.0
Z;15;0 0.0
Z;15;1 0.0
Z;15;2 0.0
Z;15;3 0.00013587491647753638
Z;15;4 0.0
Z;15;5 0.0
Z;16;0 0.0
Z;16;1 0.0008267481028067063
Z;16;2 0.0
Z;16;3 0.0
Z;16;4 0.0
Z;16;5 0.0
Z;17;0 0.0
Z;17;1 0.0
Z;17;2 1.3513645130269595e-05
Z;17;3 0.0
Z;17;4 0.000127228367887428
Z;17;5 0.0
Z;18;0 0.0
Z;18;1 0.00020393955085779312
Z;18;2 0.0
Z;18;3 8.108187078161757e-05
Z;18;4 0.0002688892245211819
Z;18;5 0.0
Z;19;0 0.0
Z;19;1 0.0002856679999363578
Z;19;2 0.0
Z;19;3 8.108187078161757e-05
Z;19;4 0.0
Z;19;5 0.0
W;0;0 0.0
W;0;1 0.0002856679999363578
W;0;2 2.702729026053919e-05
W;0;3 0.0
W;0;4 0.0004265958200874673
W;0;5 0.0
W;1;0 0.0
W;1;1 0.0003731162356949957
W;1;2 0.0
W;1;3 0.0
W;1;4 0.0
W;1;5 0.0
W;2;0 0.0
W;2;1 0.0
W;2;2 0.0
W;2;3 0.0
W;2;4 0.0006747990402798514
W;2;5 0.0
W;3;0 0.0
W;3;1 0.0
W;3;2 0.0
W;3;3 0.0
W;3;4 0.000188216073099218
W;3;5 0.0
W;4;0 0.0
W;4;1 0.0005377784490423638
W;4;2 8.108187078161757e-05
W;4;3 2.702729026053919e-05
W;4;4 0.0
W;4;5 0.0
W;5;0 0.0
W;5;1 0.0
W;5;2 2.702729026053919e-05
W;5;3 6.756822565134798e-05
W;5;4 0.0008066676735635455
W;5;5 0.0
W;6;0 0.009009731498718377
W;6;1 0.0009597501530145025
W;6;2 1.3513645130269595e-05
W;6;3 1.3513645130269595e-05
W;6;4 0.0
W;6;5 0.0
W;7;0 0.0
W;7;1 0.0
W;7;2 0.0
W;7;3 2.702729026053919e-05
W;7;4 0.0
W;7;5 0.0
W;8;0 0.0
W;8;1 0.0
W;8;2 0.0
W;8;3 0.000188216073099218
W;8;4 0.0011375888535665795
W;8;5 0.0015459532839361587
W;9;0 0.0
W;9;1 0.0
W;9;2 0.0
W;9;3 0.0
W;9;4 0.0009736619169043084
W;9;5 0.0
W;10;0 0.0
W;10;1 0.0
W;10;2 0.000690783483438119
W;10;3 0.0
W;10;4 0.0
W;10;5 0.0
W;11;0 0.0
W;11;1 0.0
W;11;2 0.0
W;11;3 5.434996659101455e-05
W;11;4 0.0
W;11;5 0.0
W;12;0 0.0
W;12;1 0.0002856679999363578
W;12;2 0.0001086999331820291
W;12;3 4.0540935390808783e-05
W;12;4 0.0007102606277597423
W;12;5 0.0
W;13;0 0.0
W;13;1 0.0
W;13;2 5.434996659101455e-05
W;13;3 9.459551591188717e-05
W;13;4 0.0002359925891244652
W;13;5 0.0
W;14;0 0.0
W;14;1 0.00034537584620204293
W;14;2 0.0
W;14;3 0.0
W;14;4 0.0003913647349714366
W;14;5 0.0
W;15;0 0.0
W;15;1 0.0
W;15;2 6.756822565134798e-05
W;15;3 0.0
W;15;4 0.0
W;15;5 0.0
W;16;0 0.0
W;16;1 0.0003373995201399257
W;16;2 0.00013587491647753638
W;16;3 5.405458052107838e-05
W;16;4 0.0
W;16;5 0.0
W;17;0 0.0
W;17;1 0.0
W;17;2 2.7174983295507274e-05
W;17;3 9.459551591188717e-05
W;17;4 0.000605350130012162
W;17;5 0.0
W;18;0 0.0
W;18;1 0.0002359925891244652
W;18;2 0.0
W;18;3 0.0
W;18;4 0.00021986333307958024
W;18;5 0.0
W;19;0 0.0
W;19;1 0.0
W;19;2 0.00016304989977304363
W;19;3 0.0
W;19;4 0.0002688892245211819
W;19;5 0.0
