X;0;0 0.0
X;0;1 0.0009892637051735493
X;0;2 0.0
X;0;3 0.0
X;0;4 0.00012103869797019495
X;0;5 0.0
X;1;0 0.0
X;1;1 0.00027229914129745983
X;1;2 0.0001776825830860091
X;1;3 2.5987779096672302e-05
X;1;4 7.84382887914589e-05
X;1;5 0.0
X;2;0 0.0
X;2;1 0.0002257274910569658
X;2;2 6.756822565134798e-05
X;2;3 2.5987779096672302e-05
X;2;4 0.00018153276086497322
X;2;5 0.0
X;3;0 0.0030252933961859283
X;3;1 0.00046565394616320156
X;3;2 2.5987779096672302e-05
X;3;3 6.756822565134798e-05
X;3;4 0.00016912564083044636
X;3;5 0.0
X;4;0 0.0011227764018351138
X;4;1 0.00047294260638791814
X;4;2 2.079022327733784e-05
X;4;3 5.1975558193344604e-05
X;4;4 0.0006275063103316712
X;4;5 0.0
X;5;0 0.0
X;5;1 0.00022699830894559451
X;5;2 1.039511163866892e-05
X;5;3 9.875356056735474e-05
X;5;4 0.00029115310509652615
X;5;5 0.001317711549964039
X;6;0 0.0
X;6;1 0.0003297545683911831
X;6;2 0.00013284297758425366
X;6;3 1.039511163866892e-05
X;6;4 0.0006054208236928626
X;6;5 0.0018382254160554433
X;7;0 0.0
X;7;1 0.0
X;7;2 0.0
X;7;3 4.729301368700621e-05
X;7;4 0.0011291133433528327
X;7;5 0.003907343258092242
X;8;0 0.0
X;8;1 0.0
X;8;2 0.0003281506308365134
X;8;3 0.0007059445991231301
X;8;4 0.0007610653837370085
X;8;5 0.001891971284318961
X;9;0 0.0
X;9;1 0.00027034018250054527
X;9;2 2.079022327733784e-05
X;9;3 0.0
X;9;4 7.84382887914589e-05
X;9;5 0.0
X;10;0 0.0
X;10;1 0.00046565394616320156
X;10;2 4.729301368700621e-05
X;10;3 0.0
X;10;4 0.00029225455068535803
X;10;5 0.00221558072237748
X;11;0 0.0
X;11;1 0.0
X;11;2 8.456282041522318e-05
X;11;3 3.638289073534122e-05
X;11;4 0.0005771368947000475
X;11;5 0.0
X;12;0 0.0
X;12;1 0.0001365885822614889
X;12;2 8.835844892868582e-05
X;12;3 7.316341656482729e-05
X;12;4 0.00010987230766782993
X;12;5 0.0
X;13;0 0.0
X;13;1 0.00036306552172994644
X;13;2 4.677800237401014e-05
X;13;3 0.0001254229998254182
X;13;4 0.00010987230766782993
X;13;5 0.0
X;14;0 0.0
X;14;1 9.705103503217539e-05
X;14;2 9.875356056735474e-05
X;14;3 3.118533491600676e-05
X;14;4 0.0
X;14;5 0.0
X;15;0 0.0012436006462009342
X;15;1 0.000519076184830655
X;15;2 0.00014632683312965457
X;15;3 2.079022327733784e-05
X;15;4 0.00027229914129745983
X;15;5 0.0
X;16;0 0.0
X;16;1 0.0004394892306713197
X;16;2 0.0001254229998254182
X;16;3 3.638289073534122e-05
X;16;4 0.0004515746941978115
X;16;5 0.0
X;17;0 0.0
X;17;1 0.0002731771645229778
X;17;2 0.00011497108317330001
X;17;3 5.717311401267906e-05
X;17;4 0.00024608978282423144
X;17;5 0.0
X;18;0 0.0
X;18;1 0.0004515746941978115
X;18;2 0.00015764337895668735
X;18;3 6.237066983201352e-05
X;18;4 7.239079734585308e-05
X;18;5 0.0
X;19;0 0.0
X;19;1 0.00010341893250814688
X;19;2 1.559266745800338e-05
X;19;3 3.638289073534122e-05
X;19;4 0.001538212307349619
X;19;5 0.001317711549964039
Y;0;0 0.0
Y;0;1 0.00018153276086497322
Y;0;2 0.0
Y;0;3 0.0
Y;0;4 0.00010987230766782993
Y;0;5 0.0
Y;1;0 0.0
Y;1;1 9.705103503217539e-05
Y;1;2 2.5987779096672302e-05
Y;1;3 0.0
Y;1;4 9.61894824500079e-05
Y;1;5 0.0
Y;2;0 0.0014053661445765173
Y;2;1 0.00013284297758425366
Y;2;2 0.0
Y;2;3 1.559266745800338e-05
Y;2;4 0.00021974461533565986
Y;2;5 0.0
Y;3;0 0.0
Y;3;1 6.641843196193134e-05
Y;3;2 0.0
Y;3;3 0.0
Y;3;4 0.00012976904620766374
Y;3;5 0.0
Y;4;0 0.0
Y;4;1 0.00012304489141211572
Y;4;2 0.0
Y;4;3 0.0
Y;4;4 0.0003382512816608927
Y;4;5 0.0
Y;5;0 0.0
Y;5;1 0.0001949351481289252
Y;5;2 0.0
Y;5;3 0.0
Y;5;4 0.0006205135950488812
Y;5;5 0.0
Y;6;0 0.0
Y;6;1 0.00028956318938341233
Y;6;2 0.0
Y;6;3 0.00016908893623506234
Y;6;4 0.001164134865408004
Y;6;5 0.0
Y;7;0 0.0
Y;7;1 0.0
Y;7;2 0.0
Y;7;3 8.835844892868582e-05
Y;7;4 0.00026135358009085657
Y;7;5 0.0
Y;8;0 0.0
Y;8;1 0.00036913467423634717
Y;8;2 4.677800237401014e-05
Y;8;3 0.0001254229998254182
Y;8;4 0.00023282697308160078
Y;8;5 0.0
Y;9;0 0.0
Y;9;1 8.456282041522318e-05
Y;9;2 3.118533491600676e-05
Y;9;3 0.0
Y;9;4 0.00014350624449807527
Y;9;5 0.0
Y;10;0 0.0016509553867717051
Y;10;1 0.0
Y;10;2 0.0
Y;10;3 0.00029360392589406457
Y;10;4 0.0008168974238923796
Y;10;5 0.0035382085838558943
Y;11;0 0.0
Y;11;1 0.0
Y;11;2 0.0
Y;11;3 0.0
Y;11;4 0.0
Y;11;5 0.0
Y;12;0 0.0
Y;12;1 0.0003179800395410409
Y;12;2 0.0
Y;12;3 9.355600474802028e-05
Y;12;4 0.00027034018250054527
Y;12;5 0.0
Y;13;0 0.0
Y;13;1 0.00018153276086497322
Y;13;2 8.835844892868582e-05
Y;13;3 0.0
Y;13;4 0.00020683786501629375
Y;13;5 0.0
Y;14;0 0.0
Y;14;1 0.00016487728419559155
Y;14;2 0.0
Y;14;3 0.0
Y;14;4 8.648868909898037e-05
Y;14;5 0.0
Y;15;0 0.0011794028612852983
Y;15;1 0.00038820414012870157
Y;15;2 0.00014632683312965457
Y;15;3 2.079022327733784e-05
Y;15;4 0.0004305187334942258
Y;15;5 0.0
Y;16;0 0.0
Y;16;1 0.0003490081747033348
Y;16;2 0.0
Y;16;3 9.355600474802028e-05
Y;16;4 0.0
Y;16;5 0.0
Y;17;0 0.0
Y;17;1 0.0008983567543115002
Y;17;2 6.756822565134798e-05
Y;17;3 0.0
Y;17;4 6.340835108814838e-05
Y;17;5 0.0
Y;18;0 0.0
Y;18;1 0.0
Y;18;2 0.0001254229998254182
Y;18;3 5.717311401267906e-05
Y;18;4 0.0004515746941978115
Y;18;5 0.0
Y;19;0 0.0
Y;19;1 9.705103503217539e-05
Y;19;2 0.0
Y;19;3 0.00014632683312965457
Y;19;4 0.0007175312224903764
Y;19;5 0.0014053661445765173
Z;0;0 0.0
Z;0;1 0.0011234560579665095
Z;0;2 0.00014187904106101863
Z;0;3 5.1975558193344604e-05
Z;0;4 5.4691771806085556e-05
Z;0;5 0.0
Z;1;0 0.0
Z;1;1 0.00028701248899615055
Z;1;2 5.1975558193344604e-05
Z;1;3 0.0
Z;1;4 0.0
Z;1;5 0.0
Z;2;0 0.001317711549964039
Z;2;1 0.0005170946625407344
Z;2;2 0.0
Z;2;3 0.0
Z;2;4 0.00040976574678446676
Z;2;5 0.0
Z;3;0 0.0
Z;3;1 0.00021717239203755925
Z;3;2 0.0
Z;3;3 0.0
Z;3;4 0.0007691061536748095
Z;3;5 0.0
Z;4;0 0.0
Z;4;1 0.00028956318938341233
Z;4;2 0.0
Z;4;3 0.0
Z;4;4 0.00012976904620766374
Z;4;5 0.0
Z;5;0 0.0
Z;5;1 0.0001576475354626394
Z;5;2 3.638289073534122e-05
Z;5;3 0.0
Z;5;4 0.0004649290237335194
Z;5;5 0.0
Z;6;0 0.0
Z;6;1 0.0006320984580737817
Z;6;2 0.00012681670217629676
Z;6;3 4.677800237401014e-05
Z;6;4 0.0007382693484726943
Z;6;5 0.001527077417295015
Z;7;0 0.0
Z;7;1 0.0
Z;7;2 0.0
Z;7;3 0.0001299388954833615
Z;7;4 0.00030806692069357185
Z;7;5 0.0
Z;8;0 0.0
Z;8;1 0.00040976574678446676
Z;8;2 4.677800237401014e-05
Z;8;3 0.0001254229998254182
Z;8;4 0.00024608978282423144
Z;8;5 0.0
Z;9;0 0.0012436006462009342
Z;9;1 0.0002734588590304278
Z;9;2 4.158044655467568e-05
Z;9;3 0.0
Z;9;4 0.00016487728419559155
Z;9;5 0.0
Z;10;0 0.008316675229586195
Z;10;1 0.0
Z;10;2 4.2272234058765585e-05
Z;10;3 0.00011035036526968116
Z;10;4 0.0012193456788896796
Z;10;5 0.0
Z;11;0 0.0
Z;11;1 0.0
Z;11;2 4.2272234058765585e-05
Z;11;3 7.316341656482729e-05
Z;11;4 0.004751465465250523
Z;11;5 0.0
Z;12;0 0.0
Z;12;1 0.0
Z;12;2 0.0
Z;12;3 0.0
Z;12;4 0.0
Z;12;5 0.0
Z;13;0 0.0
Z;13;1 0.00016912564083044636
Z;13;2 0.0
Z;13;3 0.00013587491647753638
Z;13;4 0.000507376922491339
Z;13;5 0.0
Z;14;0 0.0
Z;14;1 0.00029115310509652615
Z;14;2 0.0
Z;14;3 0.0
Z;14;4 0.00040976574678446676
Z;14;5 0.0
Z;15;0 0.0
Z;15;1 0.00040976574678446676
Z;15;2 0.0
Z;15;3 0.00013587491647753638
Z;15;4 0.0003744853526555032
Z;15;5 0.0
Z;16;0 0.0
Z;16;1 0.0009539401186231226
Z;16;2 0.0
Z;16;3 0.0
Z;16;4 0.0
Z;16;5 0.0
Z;17;0 0.0
Z;17;1 0.0009892637051735493
Z;17;2 6.237066983201352e-05
Z;17;3 0.0
Z;17;4 0.00014680196294703229
Z;17;5 0.0
Z;18;0 0.0
Z;18;1 0.0003137531551658356
Z;18;2 0.0
Z;18;3 5.1975558193344604e-05
Z;18;4 0.0004136757300325875
Z;18;5 0.0
Z;19;0 0.0
Z;19;1 0.0
Z;19;2 0.0
Z;19;3 8.316089310935136e-05
Z;19;4 0.0008243864209779578
Z;19;5 0.0
W;0;0 0.0
W;0;1 0.0004394892306713197
W;0;2 7.276578147068243e-05
W;0;3 0.0
W;0;4 0.00010938354361217111
W;0;5 0.0
W;1;0 0.0
W;1;1 0.0005740249779923011
W;1;2 0.0
W;1;3 0.0
W;1;4 0.000519076184830655
W;1;5 0.0
W;2;0 0.0
W;2;1 0.0008610870751385069
W;2;2 0.0
W;2;3 0.0
W;2;4 0.00012976904620766374
W;2;5 0.0
W;3;0 0.005621464578306069
W;3;1 0.0003492404596224012
W;3;2 0.0
W;3;3 0.0
W;3;4 0.00021717239203755925
W;3;5 0.0
W;4;0 0.0
W;4;1 0.000827351460065175
W;4;2 5.1975558193344604e-05
W;4;3 2.079022327733784e-05
W;4;4 0.0005740249779923011
W;4;5 0.0
W;5;0 0.0
W;5;1 0.0
W;5;2 4.677800237401014e-05
W;5;3 7.276578147068243e-05
W;5;4 0.0003102567975244406
W;5;5 0.0
W;6;0 0.0013861125382643657
W;6;1 0.0007382693484726943
W;6;2 3.118533491600676e-05
W;6;3 4.677800237401014e-05
W;6;4 0.0004946318525867747
W;6;5 0.0
W;7;0 0.0
W;7;1 0.0008610374669884516
W;7;2 0.0
W;7;3 5.19755581933446e-06
W;7;4 0.0
W;7;5 0.0
W;8;0 0.0
W;8;1 0.0
W;8;2 0.000507376922491339
W;8;3 0.0006515171761126777
W;8;4 0.0004922259462547701
W;8;5 0.0011891948337970453
W;9;0 0.002635423099928078
W;9;1 0.0006829429113074445
W;9;2 0.0
W;9;3 0.0
W;9;4 0.0007489707053110064
W;9;5 0.0
W;10;0 0.0
W;10;1 0.0001949351481289252
W;10;2 0.0003188231462022088
W;10;3 3.76212485094943e-05
W;10;4 0.0
W;10;5 0.007135169002782271
W;11;0 0.0
W;11;1 0.00026135358009085657
W;11;2 0.0
W;11;3 0.00015677874978177274
W;11;4 0.0008665007602340339
W;11;5 0.0
W;12;0 0.0
W;12;1 0.00010987230766782993
W;12;2 7.316341656482729e-05
W;12;3 8.835844892868582e-05
W;12;4 0.0001365885822614889
W;12;5 0.0
W;13;0 0.0
W;13;1 0.0
W;13;2 9.406724986906365e-05
W;13;3 8.835844892868582e-05
W;13;4 0.0
W;13;5 0.0
W;14;0 0.0
W;14;1 0.00019925529588579402
W;14;2 0.0
W;14;3 0.0
W;14;4 0.0003010497961318743
W;14;5 0.0
W;15;0 0.0
W;15;1 0.0003744853526555032
W;15;2 6.237066983201352e-05
W;15;3 0.0
W;15;4 0.0004305187334942258
W;15;5 0.0
W;16;0 0.0015126466980929642
W;16;1 0.0003893071386229912
W;16;2 0.0001254229998254182
W;16;3 3.638289073534122e-05
W;16;4 0.0004515746941978115
W;16;5 0.0
W;17;0 0.0
W;17;1 0.0004305187334942258
W;17;2 0.00011497108317330001
W;17;3 4.677800237401014e-05
W;17;4 0.00023282697308160078
W;17;5 0.0014053661445765173
W;18;0 0.0
W;18;1 0.0004538319021624331
W;18;2 0.0
W;18;3 0.0
W;18;4 0.0004228141020761159
W;18;5 0.0
W;19;0 0.0
W;19;1 0.0010938991568450397
W;19;2 0.00014632683312965457
W;19;3 0.0
W;19;4 0.00010341893250814688
W;19;5 0.0
