X;0;0 0.0
X;0;1 0.00023815607717141002
X;0;2 0.0
X;0;3 0.0
X;0;4 8.741683742291857e-05
X;0;5 0.0
X;1;0 0.0
X;1;1 0.00039332098187410867
X;1;2 0.00012077770353558789
X;1;3 3.7537903139637766e-05
X;1;4 0.00022659950095310348
X;1;5 0.0
X;2;0 0.0
X;2;1 0.00027170901701301434
X;2;2 4.504548376756532e-05
X;2;3 3.7537903139637766e-05
X;2;4 0.0002622139879160724
X;2;5 0.0
X;3;0 0.0
X;3;1 0.00033630562778453444
X;3;2 3.0030322511710215e-05
X;3;3 6.756822565134798e-05
X;3;4 0.00036643888846596705
X;3;5 0.0
X;4;0 0.0
X;4;1 0.0
X;4;2 3.7537903139637766e-05
X;4;3 9.009096753513064e-05
X;4;4 0.00011329975047655174
X;4;5 0.0
X;5;0 0.0
X;5;1 0.0
X;5;2 1.5015161255855107e-05
X;5;3 0.00012012129004684086
X;5;4 0.0
X;5;5 0.0
X;6;0 0.0
X;6;1 0.00023815607717141002
X;6;2 3.837686019100661e-05
X;6;3 0.00010510612879098575
X;6;4 6.246405323815248e-05
X;6;5 0.0008850714966192874
X;7;0 0.0
X;7;1 0.001955439157400447
X;7;2 0.0006715641453928613
X;7;3 0.00013662426176246238
X;7;4 9.593773505612304e-05
X;7;5 0.0
X;8;0 0.0
X;8;1 9.593773505612304e-05
X;8;2 0.00023699767782637074
X;8;3 0.0014728967561951725
X;8;4 0.00012214629615532236
X;8;5 0.0
X;9;0 0.0
X;9;1 0.0003904913747230098
X;9;2 5.2553064395492875e-05
X;9;3 0.0
X;9;4 0.00022659950095310348
X;9;5 0.0
X;10;0 0.0
X;10;1 0.00016815281389226722
X;10;2 2.277071029374373e-05
X;10;3 0.0
X;10;4 0.0003070148815280529
X;10;5 0.0012801133062625438
X;11;0 0.0
X;11;1 0.0
X;11;2 0.0004885851846212894
X;11;3 9.009096753513064e-05
X;11;4 9.262690902593354e-05
X;11;5 0.0
X;12;0 0.0
X;12;1 0.0
X;12;2 2.252274188378266e-05
X;12;3 0.00018116655530338183
X;12;4 0.00047611333322726296
X;12;5 0.0
X;13;0 0.0
X;13;1 0.00039332098187410867
X;13;2 4.504548376756532e-05
X;13;3 0.00010568049059363941
X;13;4 0.00031740888881817534
X;13;5 0.0
X;14;0 0.0
X;14;1 0.0004205544851394267
X;14;2 6.006064502342043e-05
X;14;3 5.2553064395492875e-05
X;14;4 0.0
X;14;5 0.0
X;15;0 0.0
X;15;1 0.0007497767114220571
X;15;2 0.00010568049059363941
X;15;3 4.504548376756532e-05
X;15;4 0.0001311069939580362
X;15;5 0.0
X;16;0 0.0
X;16;1 0.00031740888881817534
X;16;2 3.019442588389697e-05
X;16;3 0.00010510612879098575
X;16;4 0.0
X;16;5 0.0
X;17;0 0.0
X;17;1 0.0007891784752886026
X;17;2 0.00018116655530338183
X;17;3 1.5015161255855107e-05
X;17;4 0.0
X;17;5 0.0
X;18;0 0.0
X;18;1 0.0002174248527619092
X;18;2 6.831213088123119e-05
X;18;3 8.258338690720309e-05
X;18;4 0.00031369345516536333
X;18;5 0.0
X;19;0 0.0014220089190036497
X;19;1 0.0017925948301412123
X;19;2 7.507580627927554e-06
X;19;3 7.507580627927554e-06
X;19;4 0.00031740888881817534
X;19;5 0.001903361127725834
Y;0;0 0.0
Y;0;1 0.0002622139879160724
Y;0;2 0.0
Y;0;3 0.0
Y;0;4 0.00047611333322726296
Y;0;5 0.0
Y;1;0 0.0
Y;1;1 0.0002803696567596178
Y;1;2 2.252274188378266e-05
Y;1;3 0.0
Y;1;4 0.00018525381805186707
Y;1;5 0.0
Y;2;0 0.0
Y;2;1 0.00019188430095503305
Y;2;2 0.0
Y;2;3 3.0030322511710215e-05
Y;2;4 0.00031740888881817534
Y;2;5 0.0
Y;3;0 0.0
Y;3;1 0.00019187547011224608
Y;3;2 0.0
Y;3;3 0.0
Y;3;4 0.00018744417785551427
Y;3;5 0.0
Y;4;0 0.0
Y;4;1 0.00017773150981750048
Y;4;2 0.0
Y;4;3 0.0
Y;4;4 0.00012214629615532236
Y;4;5 0.0
Y;5;0 0.0
Y;5;1 0.0
Y;5;2 0.0
Y;5;3 0.0
Y;5;4 0.0005975316100470708
Y;5;5 0.0
Y;6;0 0.0
Y;6;1 0.00010456448505512112
Y;6;2 0.0
Y;6;3 0.0003968893086628546
Y;6;4 0.00033630562778453444
Y;6;5 0.0
Y;7;0 0.0
Y;7;1 0.002843549547679989
Y;7;2 0.0
Y;7;3 6.006064502342043e-05
Y;7;4 0.00037751072679790393
Y;7;5 0.0
Y;8;0 0.0
Y;8;1 0.00017773150981750048
Y;8;2 6.756822565134798e-05
Y;8;3 0.00012077770353558789
Y;8;4 0.0
Y;8;5 0.0
Y;9;0 0.0
Y;9;1 0.0002442925923106447
Y;9;2 5.2553064395492875e-05
Y;9;3 0.0
Y;9;4 0.0004145735952166619
Y;9;5 0.0
Y;10;0 0.0
Y;10;1 0.0
Y;10;2 0.0
Y;10;3 7.068242660412666e-05
Y;10;4 0.0001311069939580362
Y;10;5 0.0
Y;11;0 0.0
Y;11;1 0.0
Y;11;2 0.0
Y;11;3 0.0
Y;11;4 0.0
Y;11;5 0.0
Y;12;0 0.0
Y;12;1 0.0
Y;12;2 0.0
Y;12;3 2.252274188378266e-05
Y;12;4 0.0
Y;12;5 0.0
Y;13;0 0.0
Y;13;1 0.0001311069939580362
Y;13;2 4.504548376756532e-05
Y;13;3 0.0
Y;13;4 0.0005975316100470708
Y;13;5 0.0
Y;14;0 0.0
Y;14;1 0.0
Y;14;2 0.0
Y;14;3 0.0
Y;14;4 0.00037478431942891493
Y;14;5 0.0
Y;15;0 0.0
Y;15;1 0.0007009241418990444
Y;15;2 0.00013587491647753638
Y;15;3 3.0030322511710215e-05
Y;15;4 0.0
Y;15;5 0.0
Y;16;0 0.0
Y;16;1 0.0
Y;16;2 0.0
Y;16;3 9.759854816305818e-05
Y;16;4 0.0004309558942535486
Y;16;5 0.0
Y;17;0 0.0
Y;17;1 0.0
Y;17;2 4.504548376756532e-05
Y;17;3 0.0
Y;17;4 0.00012211978728087836
Y;17;5 0.0
Y;18;0 0.0
Y;18;1 0.00020912897011024224
Y;18;2 0.00010568049059363941
Y;18;3 6.006064502342043e-05
Y;18;4 0.0002174248527619092
Y;18;5 0.0
Y;19;0 0.0014220089190036497
Y;19;1 0.0016822179405577068
Y;19;2 0.0
Y;19;3 3.019442588389697e-05
Y;19;4 0.0004145735952166619
Y;19;5 0.0
Z;0;0 0.0
Z;0;1 0.00027046164358453007
Z;0;2 4.554142058748746e-05
Z;0;3 0.00010510612879098575
Z;0;4 7.899922594212358e-05
Z;0;5 0.0
Z;1;0 0.0
Z;1;1 0.00020728679760833094
Z;1;2 2.252274188378266e-05
Z;1;3 0.0
Z;1;4 0.0003945892376443013
Z;1;5 0.0
Z;2;0 0.0
Z;2;1 0.0001493829025117677
Z;2;2 0.0
Z;2;3 0.0
Z;2;4 0.0007891784752886026
Z;2;5 0.0
Z;3;0 0.0
Z;3;1 0.00020912897011024224
Z;3;2 0.0
Z;3;3 0.0
Z;3;4 0.00015870444440908767
Z;3;5 0.0
Z;4;0 0.0
Z;4;1 0.00010456448505512112
Z;4;2 0.0
Z;4;3 0.0
Z;4;4 0.00018744417785551427
Z;4;5 0.0
Z;5;0 0.0
Z;5;1 0.0
Z;5;2 1.5015161255855107e-05
Z;5;3 0.0
Z;5;4 0.0006715641453928613
Z;5;5 0.001903361127725834
Z;6;0 0.0
Z;6;1 0.0006086874040710491
Z;6;2 0.0002747695213819763
Z;6;3 4.504548376756532e-05
Z;6;4 0.00017773150981750048
Z;6;5 0.0
Z;7;0 0.0
Z;7;1 0.0017799422084517483
Z;7;2 0.00012211978728087836
Z;7;3 6.756822565134798e-05
Z;7;4 0.0004449855521129371
Z;7;5 0.0
Z;8;0 0.0
Z;8;1 0.00019729461882215065
Z;8;2 6.756822565134798e-05
Z;8;3 0.00012077770353558789
Z;8;4 0.0
Z;8;5 0.0
Z;9;0 0.0
Z;9;1 0.00015799845188424716
Z;9;2 6.006064502342043e-05
Z;9;3 0.0
Z;9;4 0.0
Z;9;5 0.0
Z;10;0 0.0
Z;10;1 0.0
Z;10;2 0.0004579492023032938
Z;10;3 6.831213088123119e-05
Z;10;4 0.0
Z;10;5 0.0
Z;11;0 0.0
Z;11;1 0.0
Z;11;2 0.00012211978728087836
Z;11;3 0.00018116655530338183
Z;11;4 0.0008074385757942064
Z;11;5 0.0
Z;12;0 0.0
Z;12;1 0.0
Z;12;2 0.0
Z;12;3 0.0
Z;12;4 0.0
Z;12;5 0.0
Z;13;0 0.0
Z;13;1 0.0004885851846212894
Z;13;2 0.0
Z;13;3 7.548606470974242e-05
Z;13;4 0.00012214629615532236
Z;13;5 0.0
Z;14;0 0.0
Z;14;1 0.0001401848283798089
Z;14;2 0.0
Z;14;3 0.0
Z;14;4 0.0
Z;14;5 0.0
Z;15;0 0.0
Z;15;1 0.0
Z;15;2 0.0
Z;15;3 0.00010568049059363941
Z;15;4 0.0005409232871690601
Z;15;5 0.0
Z;16;0 0.0
Z;16;1 0.0
Z;16;2 0.0
Z;16;3 0.0
Z;16;4 0.0
Z;16;5 0.0
Z;17;0 0.0
Z;17;1 0.0
Z;17;2 5.2553064395492875e-05
Z;17;3 0.0
Z;17;4 0.0002827297064165066
Z;17;5 0.0
Z;18;0 0.0
Z;18;1 0.0003398992514296552
Z;18;2 0.0
Z;18;3 6.006064502342043e-05
Z;18;4 0.0001493829025117677
Z;18;5 0.0
Z;19;0 0.001903361127725834
Z;19;1 0.0006348177776363507
Z;19;2 0.0
Z;19;3 6.006064502342043e-05
Z;19;4 0.00023815607717141002
Z;19;5 0.0
W;0;0 0.0
W;0;1 0.0
W;0;2 5.2553064395492875e-05
W;0;3 0.0
W;0;4 0.00023699767782637074
W;0;5 0.0017035819107454307
W;1;0 0.0
W;1;1 0.00020728679760833094
W;1;2 0.0
W;1;3 0.0
W;1;4 0.0005623325335665428
W;1;5 0.0
W;2;0 0.0
W;2;1 0.0004975169767466929
W;2;2 0.0
W;2;3 0.0
W;2;4 0.0005623325335665428
W;2;5 0.0
W;3;0 0.0
W;3;1 0.0
W;3;2 0.0
W;3;3 0.0
W;3;4 0.00010456448505512112
W;3;5 0.0023847133364480184
W;4;0 0.0
W;4;1 0.0001493829025117677
W;4;2 9.009096753513064e-05
W;4;3 3.7537903139637766e-05
W;4;4 0.0
W;4;5 0.0
W;5;0 0.0
W;5;1 0.0
W;5;2 3.0030322511710215e-05
W;5;3 8.258338690720309e-05
W;5;4 0.00044814870753530307
W;5;5 0.0
W;6;0 0.0
W;6;1 0.00017773150981750048
W;6;2 4.504548376756532e-05
W;6;3 3.0030322511710215e-05
W;6;4 0.00166709254019987
W;6;5 0.0
W;7;0 0.0
W;7;1 0.0008291471904333238
W;7;2 0.0
W;7;3 3.0030322511710215e-05
W;7;4 0.0008344081394846252
W;7;5 0.0
W;8;0 0.0
W;8;1 0.0001493829025117677
W;8;2 0.00036643888846596705
W;8;3 0.0013593383057165743
W;8;4 7.899922594212358e-05
W;8;5 0.0
W;9;0 0.001903361127725834
W;9;1 0.0003945892376443013
W;9;2 0.0
W;9;3 0.0
W;9;4 0.0
W;9;5 0.0
W;10;0 0.0
W;10;1 0.0
W;10;2 0.00019188430095503305
W;10;3 0.00027170901701301434
W;10;4 0.0016582943808666475
W;10;5 0.0
W;11;0 0.0
W;11;1 0.0011325321803937118
W;11;2 0.0
W;11;3 7.548606470974242e-05
W;11;4 0.0004172040697423126
W;11;5 0.0
W;12;0 0.0
W;12;1 0.00047611333322726296
W;12;2 0.00018116655530338183
W;12;3 2.252274188378266e-05
W;12;4 0.0
W;12;5 0.0
W;13;0 0.0
W;13;1 0.00016815281389226722
W;13;2 0.00013587491647753638
W;13;3 4.504548376756532e-05
W;13;4 0.0002622139879160724
W;13;5 0.0
W;14;0 0.0
W;14;1 9.593773505612304e-05
W;14;2 0.0
W;14;3 0.0
W;14;4 0.0
W;14;5 0.0
W;15;0 0.0
W;15;1 0.0013523082179226504
W;15;2 6.756822565134798e-05
W;15;3 0.0
W;15;4 0.0
W;15;5 0.0
W;16;0 0.0
W;16;1 0.00037488835571102854
W;16;2 3.019442588389697e-05
W;16;3 0.00010510612879098575
W;16;4 0.0
W;16;5 0.0
W;17;0 0.0
W;17;1 0.00020728679760833094
W;17;2 9.058327765169091e-05
W;17;3 6.006064502342043e-05
W;17;4 0.0005044584416768016
W;17;5 0.0
W;18;0 0.0
W;18;1 0.0001311069939580362
W;18;2 0.0
W;18;3 0.0
W;18;4 0.0002442925923106447
W;18;5 0.0017963120445124603
W;19;0 0.0
W;19;1 0.0006320306239549118
W;19;2 3.019442588389697e-05
W;19;3 0.0
W;19;4 0.0010456803175823738
W;19;5 0.0032435762719681066
