X;0;0 0.0
X;0;1 0.0004946318525867747
X;0;2 0.0
X;0;3 0.0
X;0;4 0.00036311609391058485
X;0;5 0.0015126466980929642
X;1;0 0.0
X;1;1 0.00018153276086497322
X;1;2 0.00010451916652118183
X;1;3 5.1975558193344604e-05
X;1;4 0.0003137531551658356
X;1;5 0.0
X;2;0 0.0
X;2;1 7.52424970189886e-05
X;2;2 4.158044655467568e-05
X;2;3 6.237066983201352e-05
X;2;4 0.00036306552172994644
X;2;5 0.0
X;3;0 0.0
X;3;1 0.00023282697308160078
X;3;2 5.717311401267906e-05
X;3;3 1.559266745800338e-05
X;3;4 0.0008456282041522318
X;3;5 0.0
X;4;0 0.0
X;4;1 0.0006305901418505576
X;4;2 6.237066983201352e-05
X;4;3 4.677800237401014e-05
X;4;4 7.84382887914589e-05
X;4;5 0.0
X;5;0 0.0
X;5;1 0.0
X;5;2 1.559266745800338e-05
X;5;3 8.316089310935136e-05
X;5;4 0.0006793572452252277
X;5;5 0.0
X;6;0 0.0
X;6;1 0.0004946318525867747
X;6;2 0.00013284297758425366
X;6;3 1.039511163866892e-05
X;6;4 0.0006054208236928626
X;6;5 0.0012254836107036288
X;7;0 0.0
X;7;1 0.0
X;7;2 0.0
X;7;3 3.1528675791337475e-05
X;7;4 0.0005313474556954507
X;7;5 0.010419582021579311
X;8;0 0.0
X;8;1 6.641843196193134e-05
X;8;2 0.0003281506308365134
X;8;3 0.0011765743318718834
X;8;4 0.0002536884612456695
X;8;5 0.0009459856421594805
X;9;0 0.0
X;9;1 0.0008110205475016358
X;9;2 2.5987779096672302e-05
X;9;3 0.0
X;9;4 0.0010196977542889657
X;9;5 0.0
X;10;0 0.0
X;10;1 0.00046565394616320156
X;10;2 6.305735158267495e-05
X;10;3 0.0
X;10;4 0.0003188231462022088
X;10;5 0.0017724645779019837
X;11;0 0.0
X;11;1 0.0
X;11;2 0.0
X;11;3 5.19755581933446e-06
X;11;4 0.000320631608166693
X;11;5 0.008403632186298908
X;12;0 0.0
X;12;1 0.0001365885822614889
X;12;2 4.158044655467568e-05
X;12;3 0.00015677874978177274
X;12;4 0.00021974461533565986
X;12;5 0.0
X;13;0 0.0
X;13;1 0.00036306552172994644
X;13;2 6.237066983201352e-05
X;13;3 4.1807666608472735e-05
X;13;4 0.0006592338460069795
X;13;5 0.0
X;14;0 0.0
X;14;1 9.705103503217539e-05
X;14;2 9.875356056735474e-05
X;14;3 3.118533491600676e-05
X;14;4 0.0
X;14;5 0.0
X;15;0 0.0024872012924018684
X;15;1 0.001816766646907292
X;15;2 8.361533321694547e-05
X;15;3 1.039511163866892e-05
X;15;4 0.0
X;15;5 0.0
X;16;0 0.0
X;16;1 0.0
X;16;2 9.406724986906365e-05
X;16;3 8.316089310935136e-05
X;16;4 0.00015052489806593715
X;16;5 0.0
X;17;0 0.0
X;17;1 0.0010927086580919112
X;17;2 8.361533321694547e-05
X;17;3 4.158044655467568e-05
X;17;4 0.00024608978282423144
X;17;5 0.0
X;18;0 0.0
X;18;1 0.0004515746941978115
X;18;2 9.458602737401242e-05
X;18;3 7.79633372900169e-05
X;18;4 0.00014478159469170617
X;18;5 0.0
X;19;0 0.0
X;19;1 0.00020683786501629375
X;19;2 3.118533491600676e-05
X;19;3 2.5987779096672302e-05
X;19;4 0.001428339999681789
X;19;5 0.0
Y;0;0 0.0
Y;0;1 0.0005445982825949197
Y;0;2 0.0
Y;0;3 0.0
Y;0;4 0.00032961692300348974
Y;0;5 0.0
Y;1;0 0.0
Y;1;1 0.00029115310509652615
Y;1;2 5.717311401267906e-05
Y;1;3 0.0
Y;1;4 6.41263216333386e-05
Y;1;5 0.0
Y;2;0 0.0
Y;2;1 5.313719103370146e-05
Y;2;2 0.0
Y;2;3 5.717311401267906e-05
Y;2;4 0.00032961692300348974
Y;2;5 0.0
Y;3;0 0.0
Y;3;1 0.00013283686392386268
Y;3;2 0.0
Y;3;3 0.0
Y;3;4 0.0012976904620766374
Y;3;5 0.0
Y;4;0 0.0
Y;4;1 0.0004921795656484629
Y;4;2 0.0
Y;4;3 0.0
Y;4;4 8.456282041522318e-05
Y;4;5 0.0
Y;5;0 0.0
Y;5;1 0.0001949351481289252
Y;5;2 0.0
Y;5;3 0.0
Y;5;4 0.0010341893250814687
Y;5;5 0.0
Y;6;0 0.0
Y;6;1 0.00036195398672926544
Y;6;2 0.0
Y;6;3 0.00010568058514691396
Y;6;4 0.0015133753250304051
Y;6;5 0.0
Y;7;0 0.0
Y;7;1 0.0
Y;7;2 0.0
Y;7;3 2.079022327733784e-05
Y;7;4 0.0
Y;7;5 0.0
Y;8;0 0.0
Y;8;1 0.0
Y;8;2 3.118533491600676e-05
Y;8;3 0.00016723066643389094
Y;8;4 0.00046565394616320156
Y;8;5 0.0
Y;9;0 0.0
Y;9;1 8.456282041522318e-05
Y;9;2 3.638289073534122e-05
Y;9;3 0.0
Y;9;4 0.00028701248899615055
Y;9;5 0.0
Y;10;0 0.0
Y;10;1 0.0
Y;10;2 0.0
Y;10;3 0.00014680196294703229
Y;10;4 0.0012707293260548127
Y;10;5 0.0011794028612852983
Y;11;0 0.0
Y;11;1 0.0
Y;11;2 0.0
Y;11;3 0.0
Y;11;4 0.0
Y;11;5 0.0
Y;12;0 0.0
Y;12;1 0.0003179800395410409
Y;12;2 0.0
Y;12;3 6.237066983201352e-05
Y;12;4 0.0008110205475016358
Y;12;5 0.0
Y;13;0 0.0
Y;13;1 9.076638043248661e-05
Y;13;2 6.237066983201352e-05
Y;13;3 0.0
Y;13;4 0.0003102567975244406
Y;13;5 0.0
Y;14;0 0.0030252933961859283
Y;14;1 0.00016487728419559155
Y;14;2 0.0
Y;14;3 0.0
Y;14;4 0.0002594660672969411
Y;14;5 0.0
Y;15;0 0.0023588057225705965
Y;15;1 0.0015528165605148063
Y;15;2 6.27114999127091e-05
Y;15;3 1.039511163866892e-05
Y;15;4 0.0
Y;15;5 0.0
Y;16;0 0.0
Y;16;1 0.0003490081747033348
Y;16;2 0.0
Y;16;3 2.5987779096672302e-05
Y;16;4 0.0
Y;16;5 0.0
Y;17;0 0.0
Y;17;1 0.00017967135086230005
Y;17;2 2.079022327733784e-05
Y;17;3 0.0
Y;17;4 0.00016908893623506234
Y;17;5 0.0
Y;18;0 0.0
Y;18;1 0.00014478159469170617
Y;18;2 0.0001254229998254182
Y;18;3 4.677800237401014e-05
Y;18;4 0.0004515746941978115
Y;18;5 0.0
Y;19;0 0.0
Y;19;1 0.00019410207006435078
Y;19;2 0.0
Y;19;3 3.135574995635455e-05
Y;19;4 0.001578568689478828
Y;19;5 0.0
Z;0;0 0.0
Z;0;1 0.0003744853526555032
Z;0;2 0.0001261147031653499
Z;0;3 4.158044655467568e-05
Z;0;4 0.0003281506308365134
Z;0;5 0.0020526002118796977
Z;1;0 0.0
Z;1;1 0.0004305187334942258
Z;1;2 8.316089310935136e-05
Z;1;3 0.0
Z;1;4 0.00040976574678446676
Z;1;5 0.0
Z;2;0 0.0
Z;2;1 0.00020683786501629375
Z;2;2 0.0
Z;2;3 0.0
Z;2;4 0.0005463543290459556
Z;2;5 0.0
Z;3;0 0.0
Z;3;1 0.0007239079734585309
Z;3;2 0.0
Z;3;3 0.0
Z;3;4 0.00021974461533565986
Z;3;5 0.0
Z;4;0 0.0
Z;4;1 7.239079734585308e-05
Z;4;2 0.0
Z;4;3 0.0
Z;4;4 0.0003893071386229912
Z;4;5 0.0
Z;5;0 0.0
Z;5;1 0.0
Z;5;2 5.717311401267906e-05
Z;5;3 0.0
Z;5;4 0.0005313474556954507
Z;5;5 0.005270846199856156
Z;6;0 0.0
Z;6;1 0.0002106994860245939
Z;6;2 0.00021136117029382792
Z;6;3 3.638289073534122e-05
Z;6;4 0.0004921795656484629
Z;6;5 0.00305415483459003
Z;7;0 0.0
Z;7;1 0.0
Z;7;2 2.1136117029382793e-05
Z;7;3 0.0001299388954833615
Z;7;4 0.0
Z;7;5 0.0
Z;8;0 0.0
Z;8;1 0.0
Z;8;2 3.118533491600676e-05
Z;8;3 0.00016723066643389094
Z;8;4 0.0004921795656484629
Z;8;5 0.0
Z;9;0 0.0
Z;9;1 0.0007656848052851979
Z;9;2 1.039511163866892e-05
Z;9;3 0.0
Z;9;4 0.0006595091367823662
Z;9;5 0.0
Z;10;0 0.0020791688073965487
Z;10;1 0.0008110108249614321
Z;10;2 8.454446811753117e-05
Z;10;3 0.00011035036526968116
Z;10;4 0.0017070839504455516
Z;10;5 0.0012436006462009342
Z;11;0 0.0
Z;11;1 0.0
Z;11;2 2.1136117029382793e-05
Z;11;3 0.0002612979163029546
Z;11;4 0.0
Z;11;5 0.0
Z;12;0 0.0
Z;12;1 0.00027034018250054527
Z;12;2 0.0
Z;12;3 0.0
Z;12;4 0.0
Z;12;5 0.0
Z;13;0 0.0
Z;13;1 0.0003382512816608927
Z;13;2 0.0
Z;13;3 0.00011497108317330001
Z;13;4 0.0
Z;13;5 0.0
Z;14;0 0.0012436006462009342
Z;14;1 0.0006793572452252277
Z;14;2 0.0
Z;14;3 0.0
Z;14;4 0.00040976574678446676
Z;14;5 0.0
Z;15;0 0.0
Z;15;1 0.0
Z;15;2 0.0
Z;15;3 0.00020903833304236367
Z;15;4 0.0007489707053110064
Z;15;5 0.0
Z;16;0 0.0
Z;16;1 0.0
Z;16;2 0.0
Z;16;3 0.0
Z;16;4 0.0005227071601817131
Z;16;5 0.0
Z;17;0 0.0
Z;17;1 0.00016487728419559155
Z;17;2 2.079022327733784e-05
Z;17;3 0.0
Z;17;4 0.00034253791354307535
Z;17;5 0.0
Z;18;0 0.0
Z;18;1 0.0
Z;18;2 0.0
Z;18;3 3.118533491600676e-05
Z;18;4 0.0004136757300325875
Z;18;5 0.0
Z;19;0 0.0
Z;19;1 0.00010987230766782993
Z;19;2 0.0
Z;19;3 5.717311401267906e-05
Z;19;4 0.0006595091367823662
Z;19;5 0.0
W;0;0 0.0
W;0;1 0.00032961692300348974
W;0;2 7.79633372900169e-05
W;0;3 0.0
W;0;4 5.4691771806085556e-05
W;0;5 0.0
W;1;0 0.0
W;1;1 0.0004305187334942258
W;1;2 0.0
W;1;3 0.0
W;1;4 0.00012976904620766374
W;1;5 0.0
W;2;0 0.0
W;2;1 0.0003444348300554028
W;2;2 0.0
W;2;3 0.0
W;2;4 0.00012976904620766374
W;2;5 0.0
W;3;0 0.0
W;3;1 0.00023282697308160078
W;3;2 0.0
W;3;3 0.0
W;3;4 0.0005067355814209716
W;3;5 0.0033019107735434102
W;4;0 0.0
W;4;1 0.00010341893250814688
W;4;2 4.677800237401014e-05
W;4;3 6.237066983201352e-05
W;4;4 0.0005740249779923011
W;4;5 0.0
W;5;0 0.0
W;5;1 0.0
W;5;2 2.079022327733784e-05
W;5;3 0.00011434622802535812
W;5;4 0.0
W;5;5 0.0
W;6;0 0.0027722250765287314
W;6;1 0.00036913467423634717
W;6;2 2.079022327733784e-05
W;6;3 7.276578147068243e-05
W;6;4 0.00016487728419559155
W;6;5 0.0
W;7;0 0.0
W;7;1 0.0
W;7;2 0.0
W;7;3 0.0
W;7;4 0.0
W;7;5 0.0
W;8;0 0.0
W;8;1 0.00010341893250814688
W;8;2 0.000507376922491339
W;8;3 0.0010858619601877963
W;8;4 0.0001640753154182567
W;8;5 0.0005945974168985226
W;9;0 0.0
W;9;1 0.0
W;9;2 0.0
W;9;3 0.0
W;9;4 0.0001872426763277516
W;9;5 0.0
W;10;0 0.0012436006462009342
W;10;1 0.001949351481289252
W;10;2 0.00013284297758425366
W;10;3 0.0001128637455284829
W;10;4 0.0005740249779923011
W;10;5 0.0017837922506955678
W;11;0 0.0
W;11;1 0.0
W;11;2 0.0
W;11;3 4.1807666608472735e-05
W;11;4 0.0
W;11;5 0.0
W;12;0 0.0
W;12;1 0.00021974461533565986
W;12;2 0.00015677874978177274
W;12;3 4.158044655467568e-05
W;12;4 0.0001365885822614889
W;12;5 0.0
W;13;0 0.0
W;13;1 0.000582067432704002
W;13;2 5.2259583260590916e-05
W;13;3 6.237066983201352e-05
W;13;4 0.00036306552172994644
W;13;5 0.0
W;14;0 0.001317711549964039
W;14;1 0.0005313474556954507
W;14;2 0.0
W;14;3 0.0
W;14;4 0.0003010497961318743
W;14;5 0.0
W;15;0 0.0015126466980929642
W;15;1 0.0031831254975717774
W;15;2 3.118533491600676e-05
W;15;3 0.0
W;15;4 0.0
W;15;5 0.0
W;16;0 0.0
W;16;1 0.0
W;16;2 9.406724986906365e-05
W;16;3 8.316089310935136e-05
W;16;4 0.00015052489806593715
W;16;5 0.0
W;17;0 0.0
W;17;1 0.0011480499559846022
W;17;2 6.27114999127091e-05
W;17;3 4.677800237401014e-05
W;17;4 0.0003492404596224012
W;17;5 0.0
W;18;0 0.0
W;18;1 0.0
W;18;2 0.0
W;18;3 0.0
W;18;4 0.0003382512816608927
W;18;5 0.0
W;19;0 0.00184589053490063
W;19;1 0.0015314588195830556
W;19;2 6.27114999127091e-05
W;19;3 0.0
W;19;4 0.00020683786501629375
W;19;5 0.0
