X;0;0 0.0
X;0;1 0.0
X;0;2 0.0
X;0;3 0.0
X;0;4 0.0004291372018943275
X;0;5 0.0
X;1;0 0.0
X;1;1 0.0006436161521576323
X;1;2 9.88181210745719e-05
X;1;3 3.685539580982617e-05
X;1;4 0.00018539959168890283
X;1;5 0.0
X;2;0 0.0
X;2;1 0.0001778459020448821
X;2;2 4.914052774643489e-05
X;2;3 3.685539580982617e-05
X;2;4 0.0004290774347717549
X;2;5 0.0
X;3;0 0.0
X;3;1 0.0
X;3;2 3.685539580982617e-05
X;3;3 3.685539580982617e-05
X;3;4 0.0009993787867253647
X;3;5 0.0
X;4;0 0.0
X;4;1 0.0
X;4;2 3.685539580982617e-05
X;4;3 6.142565968304361e-05
X;4;4 0.0005561987750667084
X;4;5 0.0
X;5;0 0.0
X;5;1 0.0
X;5;2 2.4570263873217446e-05
X;5;3 9.828105549286978e-05
X;5;4 0.00022939335553059635
X;5;5 0.0
X;6;0 0.0
X;6;1 0.0007794198889246145
X;6;2 0.0001255969969887489
X;6;3 6.142565968304361e-05
X;6;4 0.00020442781059758995
X;6;5 0.0
X;7;0 0.0
X;7;1 0.0007999523825729101
X;7;2 0.0012559121680074288
X;7;3 7.452232459770675e-05
X;7;4 0.0
X;7;5 0.0
X;8;0 0.0
X;8;1 0.0012559121680074288
X;8;2 0.00012927146063256587
X;8;3 0.0
X;8;4 0.00039975151469014587
X;8;5 0.0
X;9;0 0.0
X;9;1 0.0
X;9;2 6.142565968304361e-05
X;9;3 0.0
X;9;4 0.00037079918337780567
X;9;5 0.0
X;10;0 0.0
X;10;1 0.0
X;10;2 0.0002608281360919736
X;10;3 0.0
X;10;4 6.279849849437445e-05
X;10;5 0.0
X;11;0 0.0
X;11;1 0.0
X;11;2 0.00019987575734507293
X;11;3 6.142565968304361e-05
X;11;4 0.0003789282641970008
X;11;5 0.0
X;12;0 0.0
X;12;1 0.0009685372196723758
X;12;2 1.2285131936608723e-05
X;12;3 7.411359080592893e-05
X;12;4 0.001038792727041301
X;12;5 0.0
X;13;0 0.0
X;13;1 0.00021453871738587744
X;13;2 3.685539580982617e-05
X;13;3 0.00014822718161185787
X;13;4 0.00025969818176032526
X;13;5 0.0
X;14;0 0.0
X;14;1 0.0011469667776529819
X;14;2 4.914052774643489e-05
X;14;3 1.2285131936608723e-05
X;14;4 0.00035578612270130596
X;14;5 0.0
X;15;0 0.0
X;15;1 0.0
X;15;2 0.0001235226513432149
X;15;3 4.914052774643489e-05
X;15;4 0.0004290774347717549
X;15;5 0.0
X;16;0 0.0
X;16;1 0.0007790945452809757
X;16;2 2.4704530268642976e-05
X;16;3 4.914052774643489e-05
X;16;4 0.0010673583681039178
X;16;5 0.0
X;17;0 0.0
X;17;1 0.00032284573989079196
X;17;2 0.00014822718161185787
X;17;3 4.914052774643489e-05
X;17;4 0.0
X;17;5 0.0
X;18;0 0.0
X;18;1 0.00035578612270130596
X;18;2 0.0
X;18;3 0.00011056618742947851
X;18;4 0.0
X;18;5 0.002939419709202208
X;19;0 0.0
X;19;1 0.000977778998258843
X;19;2 3.685539580982617e-05
X;19;3 3.685539580982617e-05
X;19;4 0.00025969818176032526
X;19;5 0.0
Y;0;0 0.0
Y;0;1 0.00021453871738587744
Y;0;2 0.0
Y;0;3 0.0
Y;0;4 0.0
Y;0;5 0.0
Y;1;0 0.0
Y;1;1 0.0006881800665917891
Y;1;2 4.914052774643489e-05
Y;1;3 0.0
Y;1;4 0.0001515713056788003
Y;1;5 0.0
Y;2;0 0.0
Y;2;1 0.00018839549548312336
Y;2;2 0.0
Y;2;3 4.914052774643489e-05
Y;2;4 0.00025969818176032526
Y;2;5 0.0
Y;3;0 0.0
Y;3;1 0.0
Y;3;2 0.0
Y;3;3 0.0
Y;3;4 0.0
Y;3;5 0.0
Y;4;0 0.0
Y;4;1 0.0008725001391040932
Y;4;2 0.0
Y;4;3 0.0
Y;4;4 0.0
Y;4;5 0.0
Y;5;0 0.0
Y;5;1 0.0
Y;5;2 0.0
Y;5;3 0.0
Y;5;4 0.0002444447495647108
Y;5;5 0.0
Y;6;0 0.0
Y;6;1 0.0
Y;6;2 0.0
Y;6;3 0.0002497904739836148
Y;6;4 0.0005503183000110563
Y;6;5 0.0
Y;7;0 0.0
Y;7;1 0.0
Y;7;2 0.0
Y;7;3 8.599592355626106e-05
Y;7;4 0.0018532344770078918
Y;7;5 0.0
Y;8;0 0.0
Y;8;1 0.0005816667594027288
Y;8;2 8.599592355626106e-05
Y;8;3 2.4704530268642976e-05
Y;8;4 0.00027515915000552815
Y;8;5 0.0
Y;9;0 0.0
Y;9;1 0.00039975151469014587
Y;9;2 7.371079161965234e-05
Y;9;3 0.0
Y;9;4 0.0003391965779045415
Y;9;5 0.0
Y;10;0 0.0
Y;10;1 0.0
Y;10;2 0.0
Y;10;3 0.00023132430524986904
Y;10;4 0.00021453871738587744
Y;10;5 0.0
Y;11;0 0.0
Y;11;1 0.0
Y;11;2 0.0
Y;11;3 0.0
Y;11;4 0.0006606315620134416
Y;11;5 0.0
Y;12;0 0.0
Y;12;1 0.0
Y;12;2 0.0
Y;12;3 6.142565968304361e-05
Y;12;4 0.0
Y;12;5 0.0
Y;13;0 0.0
Y;13;1 0.0008581548695435098
Y;13;2 6.142565968304361e-05
Y;13;3 0.0
Y;13;4 0.0002444447495647108
Y;13;5 0.0
Y;14;0 0.0
Y;14;1 0.0
Y;14;2 0.0
Y;14;3 0.0
Y;14;4 0.0003066417158963849
Y;14;5 0.003114590936278637
Y;15;0 0.0
Y;15;1 0.0
Y;15;2 0.0001235226513432149
Y;15;3 4.914052774643489e-05
Y;15;4 0.000678393155809083
Y;15;5 0.0
Y;16;0 0.0
Y;16;1 0.0
Y;16;2 0.0
Y;16;3 9.828105549286978e-05
Y;16;4 0.0007052005542330795
Y;16;5 0.0
Y;17;0 0.0
Y;17;1 0.0012740332152054
Y;17;2 4.914052774643489e-05
Y;17;3 0.0
Y;17;4 4.995809479672296e-05
Y;17;5 0.0
Y;18;0 0.0
Y;18;1 0.00017110552099928908
Y;18;2 0.0001976362421491438
Y;18;3 1.2285131936608723e-05
Y;18;4 0.00035578612270130596
Y;18;5 0.0
Y;19;0 0.0
Y;19;1 0.0006881800665917891
Y;19;2 0.0
Y;19;3 9.88181210745719e-05
Y;19;4 0.0003391965779045415
Y;19;5 0.0
Z;0;0 0.0
Z;0;1 0.0
Z;0;2 3.7261162298853374e-05
Z;0;3 4.914052774643489e-05
Z;0;4 0.0006463573031628293
Z;0;5 0.002425800250403279
Z;1;0 0.0
Z;1;1 0.0010175897337136245
Z;1;2 4.914052774643489e-05
Z;1;3 0.0
Z;1;4 0.00032284573989079196
Z;1;5 0.0
Z;2;0 0.0
Z;2;1 0.0
Z;2;2 0.0
Z;2;3 0.0
Z;2;4 0.0006456914797815839
Z;2;5 0.0
Z;3;0 0.0
Z;3;1 0.00034221104199857815
Z;3;2 0.0
Z;3;3 0.0
Z;3;4 0.0005193963635206505
Z;3;5 0.0
Z;4;0 0.0
Z;4;1 0.00017110552099928908
Z;4;2 0.0
Z;4;3 0.0
Z;4;4 0.0009201805094725245
Z;4;5 0.0
Z;5;0 0.0
Z;5;1 0.0
Z;5;2 2.4570263873217446e-05
Z;5;3 0.0
Z;5;4 0.0003139780420018572
Z;5;5 0.0
Z;6;0 0.0
Z;6;1 0.0004980169669672219
Z;6;2 0.0003996647583737837
Z;6;3 2.4570263873217446e-05
Z;6;4 0.0
Z;6;5 0.0
Z;7;0 0.0
Z;7;1 0.0
Z;7;2 9.991618959344592e-05
Z;7;3 9.828105549286978e-05
Z;7;4 0.000728158176184806
Z;7;5 0.0
Z;8;0 0.0027876794903107043
Z;8;1 0.00032284573989079196
Z;8;2 8.599592355626106e-05
Z;8;3 0.0
Z;8;4 0.0005816667594027288
Z;8;5 0.0
Z;9;0 0.0
Z;9;1 0.00038781438189769754
Z;9;2 3.685539580982617e-05
Z;9;3 0.0
Z;9;4 0.0
Z;9;5 0.0
Z;10;0 0.0
Z;10;1 0.0
Z;10;2 4.995809479672296e-05
Z;10;3 7.452232459770675e-05
Z;10;4 0.0028820897864665156
Z;10;5 0.008818259127606623
Z;11;0 0.0
Z;11;1 0.001917545543271181
Z;11;2 0.0003497066635770607
Z;11;3 4.940906053728595e-05
Z;11;4 0.0
Z;11;5 0.0
Z;12;0 0.0043630139915833074
Z;12;1 0.0006389858859103796
Z;12;2 0.0
Z;12;3 0.0
Z;12;4 0.001456316352369612
Z;12;5 0.0
Z;13;0 0.0
Z;13;1 0.00019987575734507293
Z;13;2 0.0
Z;13;3 0.0001235226513432149
Z;13;4 0.0005996272720352188
Z;13;5 0.0
Z;14;0 0.0
Z;14;1 0.00022939335553059635
Z;14;2 0.0
Z;14;3 0.0
Z;14;4 0.0
Z;14;5 0.0
Z;15;0 0.0
Z;15;1 0.0
Z;15;2 0.0
Z;15;3 0.00014822718161185787
Z;15;4 0.0008851471971857347
Z;15;5 0.0
Z;16;0 0.0
Z;16;1 0.0007515891843697329
Z;16;2 0.0
Z;16;3 0.0
Z;16;4 0.0
Z;16;5 0.0
Z;17;0 0.0
Z;17;1 0.001558839777849229
Z;17;2 4.914052774643489e-05
Z;17;3 0.0
Z;17;4 0.00011566215262493452
Z;17;5 0.0
Z;18;0 0.0
Z;18;1 0.0005561987750667084
Z;18;2 0.0
Z;18;3 6.142565968304361e-05
Z;18;4 0.0
Z;18;5 0.0
Z;19;0 0.0
Z;19;1 0.00025969818176032526
Z;19;2 0.0
Z;19;3 4.914052774643489e-05
Z;19;4 0.0011691298333869218
Z;19;5 0.0
W;0;0 0.003114590936278637
W;0;1 0.00025969818176032526
W;0;2 7.371079161965234e-05
W;0;3 0.0
W;0;4 0.0
W;0;5 0.0027876794903107043
W;1;0 0.0
W;1;1 0.0010175897337136245
W;1;2 0.0
W;1;3 0.0
W;1;4 0.0009201805094725245
W;1;5 0.0
W;2;0 0.0
W;2;1 0.0
W;2;2 0.0
W;2;3 0.0
W;2;4 0.000613453672981683
W;2;5 0.0
W;3;0 0.0
W;3;1 0.0
W;3;2 0.0
W;3;3 0.0
W;3;4 0.0005133165629978673
W;3;5 0.0
W;4;0 0.0
W;4;1 0.0
W;4;2 8.599592355626106e-05
W;4;3 4.914052774643489e-05
W;4;4 0.0
W;4;5 0.0
W;5;0 0.0
W;5;1 0.0
W;5;2 6.142565968304361e-05
W;5;3 4.914052774643489e-05
W;5;4 0.0004888894991294216
W;5;5 0.0
W;6;0 0.0
W;6;1 0.0
W;6;2 2.4570263873217446e-05
W;6;3 9.828105549286978e-05
W;6;4 0.00038970994446230726
W;6;5 0.0
W;7;0 0.0
W;7;1 0.0
W;7;2 0.0
W;7;3 9.828105549286978e-05
W;7;4 0.0013653951373384775
W;7;5 0.0
W;8;0 0.0
W;8;1 0.0004888894991294216
W;8;2 0.0
W;8;3 0.00017110552099928908
W;8;4 0.0006463573031628293
W;8;5 0.004216236228916796
W;9;0 0.0
W;9;1 0.00032284573989079196
W;9;2 0.0
W;9;3 0.0
W;9;4 0.0008851471971857347
W;9;5 0.0
W;10;0 0.008818259127606623
W;10;1 0.0023037790233418434
W;10;2 0.0001255969969887489
W;10;3 8.892295102244106e-05
W;10;4 0.0
W;10;5 0.0
W;11;0 0.0
W;11;1 0.0
W;11;2 0.0
W;11;3 4.940906053728595e-05
W;11;4 0.0
W;11;5 0.0
W;12;0 0.0
W;12;1 0.0012984909088016264
W;12;2 4.940906053728595e-05
W;12;3 1.2285131936608723e-05
W;12;4 0.0009685372196723758
W;12;5 0.0
W;13;0 0.0
W;13;1 0.0
W;13;2 0.0001729317118805008
W;13;3 4.914052774643489e-05
W;13;4 0.0
W;13;5 0.0
W;14;0 0.0
W;14;1 0.0003139780420018572
W;14;2 0.0
W;14;3 0.0
W;14;4 0.0
W;14;5 0.0
W;15;0 0.0
W;15;1 0.0008851471971857347
W;15;2 7.371079161965234e-05
W;15;3 0.0
W;15;4 0.0
W;15;5 0.0
W;16;0 0.0
W;16;1 0.0009201805094725245
W;16;2 2.4704530268642976e-05
W;16;3 4.914052774643489e-05
W;16;4 0.0010673583681039178
W;16;5 0.0
W;17;0 0.0
W;17;1 0.0003391965779045415
W;17;2 0.00014822718161185787
W;17;3 3.685539580982617e-05
W;17;4 0.00027515915000552815
W;17;5 0.0
W;18;0 0.0
W;18;1 0.0006436161521576323
W;18;2 0.0
W;18;3 0.0
W;18;4 0.0
W;18;5 0.0
W;19;0 0.0
W;19;1 0.0015513478951620563
W;19;2 9.88181210745719e-05
W;19;3 0.0
W;19;4 0.0002444447495647108
W;19;5 0.0
