X;0;0 0.0
X;0;1 0.0
X;0;2 0.0
X;0;3 0.0
X;0;4 0.00015735030736125342
X;0;5 0.0
X;1;0 0.0
X;1;1 0.0009439703564978608
X;1;2 0.0001086999331820291
X;1;3 1.3513645130269595e-05
X;1;4 0.00020393955085779312
X;1;5 0.0
X;2;0 0.0
X;2;1 0.000586891476748111
X;2;2 2.702729026053919e-05
X;2;3 1.3513645130269595e-05
X;2;4 0.0002359925891244652
X;2;5 0.0
X;3;0 0.0
X;3;1 0.000302675065006081
X;3;2 4.7297757955943585e-05
X;3;3 6.756822565134798e-05
X;3;4 0.00010993166653979012
X;3;5 0.0
X;4;0 0.0
X;4;1 0.00020494179610143118
X;4;2 8.783869334675238e-05
X;4;3 3.378411282567399e-05
X;4;4 0.00010196977542889656
X;4;5 0.0
X;5;0 0.0
X;5;1 0.0
X;5;2 2.0270467695404392e-05
X;5;3 6.756822565134798e-05
X;5;4 0.0008831644187927961
X;5;5 0.0
X;6;0 0.0
X;6;1 0.0
X;6;2 0.0002072350450314357
X;6;3 8.108187078161757e-05
X;6;4 0.00011243529582867448
X;6;5 0.0
X;7;0 0.0
X;7;1 0.0
X;7;2 0.00034537584620204293
X;7;3 0.0001844427533793242
X;7;4 0.0005180637693030644
X;7;5 0.000846591039253319
X;8;0 0.0
X;8;1 0.0
X;8;2 0.00021329791004373366
X;8;3 0.0015295466314334484
X;8;4 0.00010993166653979012
X;8;5 0.0012297813348073245
X;9;0 0.0
X;9;1 0.0003514422372507088
X;9;2 6.756822565134798e-05
X;9;3 0.0
X;9;4 0.00010196977542889656
X;9;5 0.0
X;10;0 0.0
X;10;1 0.0001513375325030405
X;10;2 4.0987278528738714e-05
X;10;3 0.0
X;10;4 0.00024177421920334167
X;10;5 0.0011521019756362894
X;11;0 0.0
X;11;1 0.0
X;11;2 0.00010993166653979012
X;11;3 7.432504821648277e-05
X;11;4 0.0003334568724933607
X;11;5 0.0
X;12;0 0.0
X;12;1 0.00017756515693993557
X;12;2 4.0540935390808783e-05
X;12;3 0.0001086999331820291
X;12;4 0.0007141699998408945
X;12;5 0.0
X;13;0 0.0
X;13;1 0.000589981472811163
X;13;2 4.7297757955943585e-05
X;13;3 9.511244153427547e-05
X;13;4 0.0001428339999681789
X;13;5 0.0
X;14;0 0.0
X;14;1 0.0008831644187927961
X;14;2 6.0811403086213175e-05
X;14;3 1.3513645130269595e-05
X;14;4 0.0003913647349714366
X;14;5 0.0
X;15;0 0.0
X;15;1 0.0003373995201399257
X;15;2 4.076247494326091e-05
X;15;3 7.432504821648277e-05
X;15;4 0.0003539888836866978
X;15;5 0.0017130250149532506
X;16;0 0.0
X;16;1 0.0005713359998727156
X;16;2 5.434996659101455e-05
X;16;3 6.756822565134798e-05
X;16;4 0.0003913647349714366
X;16;5 0.0
X;17;0 0.0
X;17;1 0.00035513031387987115
X;17;2 0.00013587491647753638
X;17;3 4.7297757955943585e-05
X;17;4 0.00015995835883575042
X;17;5 0.0
X;18;0 0.0
X;18;1 0.0001956823674857183
X;18;2 0.00014345547485058552
X;18;3 7.432504821648277e-05
X;18;4 9.4108036549609e-05
X;18;5 0.0
X;19;0 0.0
X;19;1 0.00013444461226059094
X;19;2 4.0540935390808783e-05
X;19;3 4.7297757955943585e-05
X;19;4 0.0007141699998408945
X;19;5 0.0017130250149532506
Y;0;0 0.0
Y;0;1 0.0001179962945622326
Y;0;2 0.0
Y;0;3 0.0
Y;0;4 0.0008570039998090733
Y;0;5 0.0
Y;1;0 0.0
Y;1;1 0.000252332691083656
Y;1;2 1.3513645130269595e-05
Y;1;3 0.0
Y;1;4 0.0003751389815550308
Y;1;5 0.0015332237196708876
Y;2;0 0.0
Y;2;1 0.0004144700900628714
Y;2;2 0.0
Y;2;3 1.3513645130269595e-05
Y;2;4 0.0002856679999363578
Y;2;5 0.0
Y;3;0 0.0
Y;3;1 0.0002590318846515322
Y;3;2 0.0
Y;3;3 0.0
Y;3;4 0.00016869976006996285
Y;3;5 0.0
Y;4;0 0.0
Y;4;1 0.00015995835883575042
Y;4;2 0.0
Y;4;3 0.0
Y;4;4 0.00010993166653979012
Y;4;5 0.0
Y;5;0 0.0
Y;5;1 0.0
Y;5;2 0.0
Y;5;3 0.0
Y;5;4 0.0005377784490423638
Y;5;5 0.0
Y;6;0 0.0
Y;6;1 0.0
Y;6;2 0.0
Y;6;3 0.0004121542820729644
Y;6;4 0.0001513375325030405
Y;6;5 0.0
Y;7;0 0.0
Y;7;1 0.0004265324321519984
Y;7;2 0.0
Y;7;3 7.432504821648277e-05
Y;7;4 0.00033975965411811354
Y;7;5 0.0
Y;8;0 0.0
Y;8;1 0.00031991671767150085
Y;8;2 6.0811403086213175e-05
Y;8;3 0.00012228742482978274
Y;8;4 0.0
Y;8;5 0.0
Y;9;0 0.0
Y;9;1 0.00021986333307958024
Y;9;2 6.0811403086213175e-05
Y;9;3 0.0
Y;9;4 0.0003731162356949957
Y;9;5 0.0
Y;10;0 0.0
Y;10;1 0.0
Y;10;2 0.0
Y;10;3 0.000127228367887428
Y;10;4 0.0001179962945622326
Y;10;5 0.0
Y;11;0 0.0
Y;11;1 0.0
Y;11;2 0.0
Y;11;3 0.0
Y;11;4 0.0003633473591073929
Y;11;5 0.0
Y;12;0 0.0
Y;12;1 0.0
Y;12;2 0.0
Y;12;3 8.783869334675238e-05
Y;12;4 0.0
Y;12;5 0.0
Y;13;0 0.0
Y;13;1 0.0002359925891244652
Y;13;2 1.3513645130269595e-05
Y;13;3 0.0
Y;13;4 0.0006722230613029547
Y;13;5 0.0016166808400612143
Y;14;0 0.0
Y;14;1 0.000428680938908538
Y;14;2 0.0
Y;14;3 0.0
Y;14;4 0.0003373058874860234
Y;14;5 0.0
Y;15;0 0.0
Y;15;1 0.000252332691083656
Y;15;2 4.076247494326091e-05
Y;15;3 7.432504821648277e-05
Y;15;4 0.0005596743535424935
Y;15;5 0.0018269759879494724
Y;16;0 0.0
Y;16;1 0.0
Y;16;2 0.0
Y;16;3 0.00010810916104215676
Y;16;4 0.00038786030482819374
Y;16;5 0.0
Y;17;0 0.0
Y;17;1 0.0004671455122419801
Y;17;2 4.0540935390808783e-05
Y;17;3 0.0
Y;17;4 8.243085641459288e-05
Y;17;5 0.0
Y;18;0 0.0
Y;18;1 9.4108036549609e-05
Y;18;2 0.00013587491647753638
Y;18;3 4.7297757955943585e-05
Y;18;4 0.0003913647349714366
Y;18;5 0.0
Y;19;0 0.0
Y;19;1 0.000252332691083656
Y;19;2 0.0
Y;19;3 9.511244153427547e-05
Y;19;4 0.001119348707084987
Y;19;5 0.0
Z;0;0 0.0
Z;0;1 0.0007302464376782312
Z;0;2 0.00028691094970117103
Z;0;3 2.0270467695404392e-05
Z;0;4 0.0
Z;0;5 0.0
Z;1;0 0.0
Z;1;1 0.00018655811784749784
Z;1;2 1.3513645130269595e-05
Z;1;3 0.0
Z;1;4 0.0005326954708198067
Z;1;5 0.0
Z;2;0 0.0
Z;2;1 0.00013444461226059094
Z;2;2 0.0
Z;2;3 0.0
Z;2;4 0.0007102606277597423
Z;2;5 0.0
Z;3;0 0.0
Z;3;1 0.0006587562558472631
Z;3;2 0.0
Z;3;3 0.0
Z;3;4 0.0002856679999363578
Z;3;5 0.0
Z;4;0 0.0
Z;4;1 9.4108036549609e-05
Z;4;2 0.0
Z;4;3 0.0
Z;4;4 0.0003373995201399257
Z;4;5 0.0
Z;5;0 0.0
Z;5;1 0.0
Z;5;2 6.7568225651347975e-06
Z;5;3 0.0
Z;5;4 0.0002590318846515322
Z;5;5 0.0
Z;6;0 0.0021462420028032165
Z;6;1 0.0005478186636639442
Z;6;2 0.0003022464735201739
Z;6;3 4.0540935390808783e-05
Z;6;4 0.0
Z;6;5 0.0
Z;7;0 0.0
Z;7;1 0.0
Z;7;2 0.00013738476069098814
Z;7;3 9.459551591188717e-05
Z;7;4 0.00040048699690164335
Z;7;5 0.0
Z;8;0 0.0
Z;8;1 0.00035513031387987115
Z;8;2 6.0811403086213175e-05
Z;8;3 0.00012228742482978274
Z;8;4 0.0
Z;8;5 0.0
Z;9;0 0.0
Z;9;1 0.0002843972133916449
Z;9;2 4.0540935390808783e-05
Z;9;3 0.0
Z;9;4 0.0
Z;9;5 0.0
Z;10;0 0.0
Z;10;1 0.0
Z;10;2 0.000522062090625755
Z;10;3 2.0493639264369357e-05
Z;10;4 0.0
Z;10;5 0.0
Z;11;0 0.0
Z;11;1 0.0
Z;11;2 0.000219815617105581
Z;11;3 0.00016304989977304363
Z;11;4 0.0
Z;11;5 0.0
Z;12;0 0.0
Z;12;1 0.0
Z;12;2 0.0
Z;12;3 0.0
Z;12;4 0.0008009739938032867
Z;12;5 0.0
Z;13;0 0.0018269759879494724
Z;13;1 0.0005496583326989506
Z;13;2 0.0
Z;13;3 5.434996659101455e-05
Z;13;4 0.00021986333307958024
Z;13;5 0.0
Z;14;0 0.0
Z;14;1 0.00037849903662548397
Z;14;2 0.0
Z;14;3 0.0
Z;14;4 0.00017756515693993557
Z;14;5 0.0
Z;15;0 0.0
Z;15;1 0.0012429560985795492
Z;15;2 0.0
Z;15;3 5.434996659101455e-05
Z;15;4 0.0
Z;15;5 0.0
Z;16;0 0.0
Z;16;1 0.0
Z;16;2 0.0
Z;16;3 0.0
Z;16;4 0.0
Z;16;5 0.0
Z;17;0 0.0
Z;17;1 0.000428680938908538
Z;17;2 4.0540935390808783e-05
Z;17;3 0.0
Z;17;4 0.00019084255183114197
Z;17;5 0.0
Z;18;0 0.0
Z;18;1 0.00010196977542889656
Z;18;2 0.0
Z;18;3 8.108187078161757e-05
Z;18;4 0.00040333383678177275
Z;18;5 0.0
Z;19;0 0.0
Z;19;1 0.0009998379997772523
Z;19;2 0.0
Z;19;3 2.702729026053919e-05
Z;19;4 0.0
Z;19;5 0.0
W;0;0 0.0
W;0;1 0.0001428339999681789
W;0;2 4.7297757955943585e-05
W;0;3 0.0
W;0;4 0.00035549651673955616
W;0;5 0.0
W;1;0 0.0
W;1;1 0.00018655811784749784
W;1;2 0.0
W;1;3 0.0
W;1;4 0.0
W;1;5 0.0
W;2;0 0.0
W;2;1 0.0
W;2;2 0.0
W;2;3 0.0
W;2;4 0.00016869976006996285
W;2;5 0.0
W;3;0 0.0
W;3;1 0.000302675065006081
W;3;2 0.0
W;3;3 0.0
W;3;4 9.4108036549609e-05
W;3;5 0.0
W;4;0 0.0
W;4;1 0.0
W;4;2 4.0540935390808783e-05
W;4;3 8.783869334675238e-05
W;4;4 0.00018655811784749784
W;4;5 0.0
W;5;0 0.0
W;5;1 0.0
W;5;2 0.00011486598360729157
W;5;3 1.3513645130269595e-05
W;5;4 0.00013444461226059094
W;5;5 0.0
W;6;0 0.0
W;6;1 0.0
W;6;2 2.702729026053919e-05
W;6;3 3.378411282567399e-05
W;6;4 0.0023577451639969593
W;6;5 0.0
W;7;0 0.0
W;7;1 0.00018655811784749784
W;7;2 0.0
W;7;3 4.7297757955943585e-05
W;7;4 0.001126450988304244
W;7;5 0.0
W;8;0 0.0
W;8;1 0.0
W;8;2 0.00032979499961937036
W;8;3 0.001411620548244135
W;8;4 7.109930334791122e-05
W;8;5 0.0007729766419680794
W;9;0 0.0
W;9;1 0.0005326954708198067
W;9;2 0.0
W;9;3 0.0
W;9;4 0.0
W;9;5 0.0
W;10;0 0.0
W;10;1 0.00025341569256760277
W;10;2 0.0001381566966876238
W;10;3 0.0002445381153117129
W;10;4 0.0018655811784749786
W;10;5 0.0
W;11;0 0.0
W;11;1 0.00033975965411811354
W;11;2 0.0
W;11;3 0.0001086999331820291
W;11;4 0.0
W;11;5 0.0
W;12;0 0.0
W;12;1 0.0007141699998408945
W;12;2 0.0001086999331820291
W;12;3 4.0540935390808783e-05
W;12;4 0.00017756515693993557
W;12;5 0.0
W;13;0 0.0
W;13;1 0.0
W;13;2 0.0001086999331820291
W;13;3 4.7297757955943585e-05
W;13;4 0.000589981472811163
W;13;5 0.0
W;14;0 0.0
W;14;1 8.634396155051073e-05
W;14;2 0.0
W;14;3 0.0
W;14;4 0.0001956823674857183
W;14;5 0.0
W;15;0 0.0
W;15;1 0.0
W;15;2 2.702729026053919e-05
W;15;3 0.0
W;15;4 0.001305906824932485
W;15;5 0.0
W;16;0 0.0
W;16;1 0.0006747990402798514
W;16;2 5.434996659101455e-05
W;16;3 6.756822565134798e-05
W;16;4 0.0003913647349714366
W;16;5 0.0
W;17;0 0.0
W;17;1 0.0
W;17;2 6.793745823876819e-05
W;17;3 0.00010135233847702197
W;17;4 0.0
W;17;5 0.0
W;18;0 0.0
W;18;1 0.0001179962945622326
W;18;2 0.0
W;18;3 0.0
W;18;4 0.00032979499961937036
W;18;5 0.0
W;19;0 0.0
W;19;1 0.0
W;19;2 5.434996659101455e-05
W;19;3 0.0
W;19;4 0.0009411122858241366
W;19;5 0.0
