X;0;0 0.0
X;0;1 0.0019785274103470986
X;0;2 0.0
X;0;3 0.0
X;0;4 6.0519348985097474e-05
X;0;5 0.0
X;1;0 0.0
X;1;1 0.00027229914129745983
X;1;2 0.00015677874978177274
X;1;3 3.118533491600676e-05
X;1;4 0.0001568765775829178
X;1;5 0.0
X;2;0 0.0
X;2;1 0.0003009699880759544
X;2;2 5.1975558193344604e-05
X;2;3 2.5987779096672302e-05
X;2;4 0.00027229914129745983
X;2;5 0.0
X;3;0 0.0
X;3;1 0.00011641348654080039
X;3;2 2.5987779096672302e-05
X;3;3 4.677800237401014e-05
X;3;4 0.0009301910245674549
X;3;5 0.0
X;4;0 0.0011227764018351138
X;4;1 0.0011035327482384757
X;4;2 3.118533491600676e-05
X;4;3 5.717311401267906e-05
X;4;4 7.84382887914589e-05
X;4;5 0.0
X;5;0 0.0
X;5;1 0.00022699830894559451
X;5;2 2.5987779096672302e-05
X;5;3 7.276578147068243e-05
X;5;4 0.00048525517516087693
X;5;5 0.001317711549964039
X;6;0 0.0
X;6;1 0.0
X;6;2 2.656859551685073e-05
X;6;3 5.19755581933446e-06
X;6;4 0.0009081312355392939
X;6;5 0.0018382254160554433
X;7;0 0.0
X;7;1 0.0
X;7;2 0.0004649290237335194
X;7;3 0.0002522294063306998
X;7;4 0.00019925529588579402
X;7;5 0.0
X;8;0 0.0
X;8;1 0.0012619502072766953
X;8;2 5.4691771806085556e-05
X;8;3 0.0
X;8;4 0.0004228141020761159
X;8;5 0.0009459856421594805
X;9;0 0.0
X;9;1 0.0
X;9;2 3.118533491600676e-05
X;9;3 0.0
X;9;4 0.0004706297327487534
X;9;5 0.001317711549964039
X;10;0 0.0
X;10;1 0.0
X;10;2 3.1528675791337475e-05
X;10;3 0.0
X;10;4 0.0004250975282696117
X;10;5 0.0008862322889509919
X;11;0 0.0
X;11;1 0.0
X;11;2 0.0
X;11;3 1.039511163866892e-05
X;11;4 0.0002565052865333544
X;11;5 0.008963874332052169
X;12;0 0.0
X;12;1 0.00040976574678446676
X;12;2 4.158044655467568e-05
X;12;3 9.406724986906365e-05
X;12;4 0.0006592338460069795
X;12;5 0.0
X;13;0 0.0
X;13;1 0.00027229914129745983
X;13;2 8.316089310935136e-05
X;13;3 6.27114999127091e-05
X;13;4 0.00010987230766782993
X;13;5 0.0
X;14;0 0.0
X;14;1 9.705103503217539e-05
X;14;2 5.1975558193344604e-05
X;14;3 6.756822565134798e-05
X;14;4 0.0003010497961318743
X;14;5 0.0
X;15;0 0.0
X;15;1 0.0002595380924153275
X;15;2 0.0001254229998254182
X;15;3 4.158044655467568e-05
X;15;4 0.00036306552172994644
X;15;5 0.0
X;16;0 0.0
X;16;1 0.0
X;16;2 0.00016723066643389094
X;16;3 5.1975558193344604e-05
X;16;4 0.0
X;16;5 0.0
X;17;0 0.0
X;17;1 0.0001365885822614889
X;17;2 0.00011497108317330001
X;17;3 5.1975558193344604e-05
X;17;4 0.0004921795656484629
X;17;5 0.0
X;18;0 0.0
X;18;1 0.0004515746941978115
X;18;2 6.305735158267495e-05
X;18;3 5.717311401267906e-05
X;18;4 0.0005067355814209716
X;18;5 0.0012436006462009342
X;19;0 0.0
X;19;1 0.00010341893250814688
X;19;2 2.079022327733784e-05
X;19;3 3.118533491600676e-05
X;19;4 0.0016480846150174488
X;19;5 0.0
Y;0;0 0.0
Y;0;1 0.00018153276086497322
Y;0;2 0.0
Y;0;3 0.0
Y;0;4 0.0004394892306713197
Y;0;5 0.0
Y;1;0 0.0
Y;1;1 0.00019410207006435078
Y;1;2 2.5987779096672302e-05
Y;1;3 0.0
Y;1;4 0.000320631608166693
Y;1;5 0.0
Y;2;0 0.0
Y;2;1 0.00023911735965165658
Y;2;2 0.0
Y;2;3 2.5987779096672302e-05
Y;2;4 0.00021974461533565986
Y;2;5 0.0
Y;3;0 0.0
Y;3;1 0.00019925529588579402
Y;3;2 0.0
Y;3;3 0.0
Y;3;4 0.0003893071386229912
Y;3;5 0.005621464578306069
Y;4;0 0.0
Y;4;1 0.00012304489141211572
Y;4;2 0.0
Y;4;3 0.0
Y;4;4 8.456282041522318e-05
Y;4;5 0.0
Y;5;0 0.0
Y;5;1 0.0001949351481289252
Y;5;2 0.0
Y;5;3 0.0
Y;5;4 0.0003102567975244406
Y;5;5 0.0
Y;6;0 0.0
Y;6;1 0.0
Y;6;2 0.0
Y;6;3 0.0002324972873232107
Y;6;4 0.0015133753250304051
Y;6;5 0.0012436006462009342
Y;7;0 0.0
Y;7;1 0.0009843056126584578
Y;7;2 0.0
Y;7;3 4.158044655467568e-05
Y;7;4 0.0
Y;7;5 0.0
Y;8;0 0.0
Y;8;1 0.00036913467423634717
Y;8;2 7.276578147068243e-05
Y;8;3 8.361533321694547e-05
Y;8;4 0.00011641348654080039
Y;8;5 0.0
Y;9;0 0.0
Y;9;1 0.0002536884612456695
Y;9;2 2.079022327733784e-05
Y;9;3 0.0
Y;9;4 0.00028701248899615055
Y;9;5 0.0
Y;10;0 0.0
Y;10;1 0.0
Y;10;2 0.0
Y;10;3 4.8933987649010766e-05
Y;10;4 0.0
Y;10;5 0.0
Y;11;0 0.0
Y;11;1 0.0
Y;11;2 0.0
Y;11;3 0.0
Y;11;4 0.0
Y;11;5 0.0
Y;12;0 0.0
Y;12;1 0.0
Y;12;2 0.0
Y;12;3 9.875356056735474e-05
Y;12;4 0.0005406803650010905
Y;12;5 0.0
Y;13;0 0.0
Y;13;1 9.076638043248661e-05
Y;13;2 2.5987779096672302e-05
Y;13;3 0.0
Y;13;4 0.0006205135950488812
Y;13;5 0.0
Y;14;0 0.0
Y;14;1 0.00016487728419559155
Y;14;2 0.0
Y;14;3 0.0
Y;14;4 8.648868909898037e-05
Y;14;5 0.0
Y;15;0 0.0
Y;15;1 0.00019410207006435078
Y;15;2 0.0001254229998254182
Y;15;3 5.1975558193344604e-05
Y;15;4 0.00028701248899615055
Y;15;5 0.0
Y;16;0 0.0
Y;16;1 0.001745040873516674
Y;16;2 0.0
Y;16;3 6.756822565134798e-05
Y;16;4 0.0
Y;16;5 0.0
Y;17;0 0.0
Y;17;1 0.0003593427017246001
Y;17;2 8.316089310935136e-05
Y;17;3 0.0
Y;17;4 6.340835108814838e-05
Y;17;5 0.0
Y;18;0 0.00184589053490063
Y;18;1 0.00021717239203755925
Y;18;2 0.0001254229998254182
Y;18;3 3.118533491600676e-05
Y;18;4 0.0006020995922637486
Y;18;5 0.0
Y;19;0 0.0
Y;19;1 0.00019410207006435078
Y;19;2 0.0
Y;19;3 9.406724986906365e-05
Y;19;4 0.001578568689478828
Y;19;5 0.0
Z;0;0 0.0
Z;0;1 0.0
Z;0;2 6.305735158267495e-05
Z;0;3 0.00011434622802535812
Z;0;4 0.0
Z;0;5 0.0
Z;1;0 0.0
Z;1;1 0.00014350624449807527
Z;1;2 1.039511163866892e-05
Z;1;3 0.0
Z;1;4 0.00040976574678446676
Z;1;5 0.0
Z;2;0 0.001317711549964039
Z;2;1 0.00010341893250814688
Z;2;2 0.0
Z;2;3 0.0
Z;2;4 0.0001365885822614889
Z;2;5 0.0
Z;3;0 0.0
Z;3;1 0.00014478159469170617
Z;3;2 0.0
Z;3;3 0.0
Z;3;4 0.0
Z;3;5 0.0
Z;4;0 0.0
Z;4;1 7.239079734585308e-05
Z;4;2 0.0
Z;4;3 0.0
Z;4;4 0.00012976904620766374
Z;4;5 0.0
Z;5;0 0.0
Z;5;1 0.0001576475354626394
Z;5;2 2.079022327733784e-05
Z;5;3 0.0
Z;5;4 0.00019925529588579402
Z;5;5 0.0
Z;6;0 0.0
Z;6;1 0.0
Z;6;2 0.00031704175544074187
Z;6;3 5.1975558193344604e-05
Z;6;4 0.0
Z;6;5 0.0007635387086475074
Z;7;0 0.0
Z;7;1 0.0
Z;7;2 0.000507266808705187
Z;7;3 1.039511163866892e-05
Z;7;4 0.0
Z;7;5 0.0
Z;8;0 0.0
Z;8;1 0.00040976574678446676
Z;8;2 7.276578147068243e-05
Z;8;3 8.361533321694547e-05
Z;8;4 0.00012304489141211572
Z;8;5 0.0
Z;9;0 0.0
Z;9;1 5.4691771806085556e-05
Z;9;2 8.316089310935136e-05
Z;9;3 0.0
Z;9;4 0.0
Z;9;5 0.0
Z;10;0 0.0
Z;10;1 0.00020275270624035802
Z;10;2 0.0004438584576170386
Z;10;3 4.729301368700621e-05
Z;10;4 0.00024386913577793595
Z;10;5 0.0
Z;11;0 0.0
Z;11;1 0.0
Z;11;2 0.0005284029257345698
Z;11;3 1.0451916652118184e-05
Z;11;4 0.0
Z;11;5 0.0
Z;12;0 0.0
Z;12;1 0.0
Z;12;2 0.0
Z;12;3 0.0
Z;12;4 0.0
Z;12;5 0.0
Z;13;0 0.0014053661445765173
Z;13;1 0.000507376922491339
Z;13;2 0.0
Z;13;3 4.1807666608472735e-05
Z;13;4 8.456282041522318e-05
Z;13;5 0.0
Z;14;0 0.0
Z;14;1 9.705103503217539e-05
Z;14;2 0.0
Z;14;3 0.0
Z;14;4 0.0001365885822614889
Z;14;5 0.0
Z;15;0 0.0
Z;15;1 0.0001365885822614889
Z;15;2 0.0
Z;15;3 6.27114999127091e-05
Z;15;4 0.0003744853526555032
Z;15;5 0.0
Z;16;0 0.0
Z;16;1 0.0
Z;16;2 0.0
Z;16;3 0.0
Z;16;4 0.0
Z;16;5 0.0
Z;17;0 0.0
Z;17;1 0.0003297545683911831
Z;17;2 8.316089310935136e-05
Z;17;3 0.0
Z;17;4 0.00014680196294703229
Z;17;5 0.0
Z;18;0 0.0
Z;18;1 0.0003137531551658356
Z;18;2 0.0
Z;18;3 2.079022327733784e-05
Z;18;4 0.0003102567975244406
Z;18;5 0.0
Z;19;0 0.0
Z;19;1 0.00021974461533565986
Z;19;2 0.0
Z;19;3 7.79633372900169e-05
Z;19;4 0.0003297545683911831
Z;19;5 0.0
W;0;0 0.0
W;0;1 0.00010987230766782993
W;0;2 3.118533491600676e-05
W;0;3 0.0
W;0;4 0.00010938354361217111
W;0;5 0.0011794028612852983
W;1;0 0.0
W;1;1 0.00014350624449807527
W;1;2 0.0
W;1;3 0.0
W;1;4 0.0007786142772459824
W;1;5 0.0
W;2;0 0.0
W;2;1 0.0001722174150277014
W;2;2 0.0
W;2;3 0.0
W;2;4 0.00012976904620766374
W;2;5 0.0
W;3;0 0.0014053661445765173
W;3;1 0.00011641348654080039
W;3;2 0.0
W;3;3 0.0
W;3;4 7.239079734585308e-05
W;3;5 0.0
W;4;0 0.0
W;4;1 0.00010341893250814688
W;4;2 5.717311401267906e-05
W;4;3 3.118533491600676e-05
W;4;4 0.0011480499559846022
W;4;5 0.0
W;5;0 0.0
W;5;1 0.00024386913577793595
W;5;2 5.717311401267906e-05
W;5;3 6.237066983201352e-05
W;5;4 0.00020683786501629375
W;5;5 0.0
W;6;0 0.0006930562691321828
W;6;1 0.0
W;6;2 2.079022327733784e-05
W;6;3 7.276578147068243e-05
W;6;4 0.0009892637051735493
W;6;5 0.0016509553867717051
W;7;0 0.0
W;7;1 0.00014350624449807527
W;7;2 0.0
W;7;3 8.316089310935136e-05
W;7;4 0.0
W;7;5 0.0
W;8;0 0.004288489231075405
W;8;1 0.00020683786501629375
W;8;2 0.0
W;8;3 7.239079734585308e-05
W;8;4 0.0002734588590304278
W;8;5 0.008324363836579316
W;9;0 0.0
W;9;1 0.0010927086580919112
W;9;2 0.0
W;9;3 0.0
W;9;4 0.0
W;9;5 0.0
W;10;0 0.0
W;10;1 0.0
W;10;2 0.0001594115731011044
W;10;3 0.00033859123658544867
W;10;4 0.00014350624449807527
W;10;5 0.005945974168985226
W;11;0 0.0
W;11;1 0.00026135358009085657
W;11;2 0.0
W;11;3 2.0903833304236367e-05
W;11;4 0.0
W;11;5 0.0
W;12;0 0.0
W;12;1 0.0005493615383391496
W;12;2 9.406724986906365e-05
W;12;3 4.677800237401014e-05
W;12;4 0.00040976574678446676
W;12;5 0.0
W;13;0 0.0
W;13;1 0.00011641348654080039
W;13;2 0.00010451916652118183
W;13;3 6.237066983201352e-05
W;13;4 0.00027229914129745983
W;13;5 0.0
W;14;0 0.0
W;14;1 6.641843196193134e-05
W;14;2 0.0
W;14;3 0.0
W;14;4 0.0003010497961318743
W;14;5 0.0
W;15;0 0.0
W;15;1 0.0003744853526555032
W;15;2 3.118533491600676e-05
W;15;3 0.0
W;15;4 0.00014350624449807527
W;15;5 0.0
W;16;0 0.0
W;16;1 0.0
W;16;2 0.00016723066643389094
W;16;3 5.1975558193344604e-05
W;16;4 0.0
W;16;5 0.0
W;17;0 0.0
W;17;1 0.00014350624449807527
W;17;2 0.00011497108317330001
W;17;3 6.756822565134798e-05
W;17;4 0.00011641348654080039
W;17;5 0.0
W;18;0 0.0
W;18;1 0.00027229914129745983
W;18;2 0.0
W;18;3 0.0
W;18;4 0.0002536884612456695
W;18;5 0.0012436006462009342
W;19;0 0.0
W;19;1 0.0026253579764280955
W;19;2 6.27114999127091e-05
W;19;3 0.0
W;19;4 0.00020683786501629375
W;19;5 0.0
