X;0;0 0.0
X;0;1 0.000428680938908538
X;0;2 0.0
X;0;3 0.0
X;0;4 0.0006294012294450137
X;0;5 0.0
X;1;0 0.0
X;1;1 0.0004719851782489304
X;1;2 0.0001086999331820291
X;1;3 4.7297757955943585e-05
X;1;4 0.00010196977542889656
X;1;5 0.0
X;2;0 0.0
X;2;1 9.781524612468516e-05
X;2;2 6.756822565134798e-05
X;2;3 4.0540935390808783e-05
X;2;4 0.0002359925891244652
X;2;5 0.0
X;3;0 0.0
X;3;1 0.000302675065006081
X;3;2 2.702729026053919e-05
X;3;3 4.7297757955943585e-05
X;3;4 0.000769521665778531
X;3;5 0.0
X;4;0 0.0
X;4;1 0.00040988359220286237
X;4;2 4.7297757955943585e-05
X;4;3 6.0811403086213175e-05
X;4;4 0.00020393955085779312
X;4;5 0.0
X;5;0 0.0
X;5;1 0.0
X;5;2 6.0811403086213175e-05
X;5;3 6.0811403086213175e-05
X;5;4 0.000252332691083656
X;5;5 0.0
X;6;0 0.0
X;6;1 0.0
X;6;2 3.453917417190595e-05
X;6;3 4.0540935390808783e-05
X;6;4 0.0005059588312290351
X;6;5 0.003186257387829435
X;7;0 0.0
X;7;1 0.0
X;7;2 0.0
X;7;3 2.0493639264369357e-05
X;7;4 0.0006907516924040859
X;7;5 0.009312501431786508
X;8;0 0.0
X;8;1 0.00017268792310102147
X;8;2 0.0004265958200874673
X;8;3 0.000713788428002276
X;8;4 0.0004397266661591605
X;8;5 0.0012297813348073245
X;9;0 0.0
X;9;1 0.0
X;9;2 4.0540935390808783e-05
X;9;3 0.0
X;9;4 0.00040787910171558625
X;9;5 0.0034260500299065012
X;10;0 0.0
X;10;1 0.000302675065006081
X;10;2 8.197455705747743e-05
X;10;3 0.0
X;10;4 0.00017269587085952975
X;10;5 0.0028802549390907236
X;11;0 0.0
X;11;1 0.0
X;11;2 0.0
X;11;3 6.7568225651347975e-06
X;11;4 0.00016672843624668035
X;11;5 0.01092472184218858
X;12;0 0.0
X;12;1 0.00035513031387987115
X;12;2 2.0270467695404392e-05
X;12;3 0.00019022488306855094
X;12;4 0.0001428339999681789
X;12;5 0.0
X;13;0 0.0
X;13;1 0.0
X;13;2 1.3513645130269595e-05
X;13;3 0.00019022488306855094
X;13;4 0.00042850199990453663
X;13;5 0.0019664407075208534
X;14;0 0.0
X;14;1 0.000252332691083656
X;14;2 8.108187078161757e-05
X;14;3 4.0540935390808783e-05
X;14;4 0.0
X;14;5 0.0
X;15;0 0.0
X;15;1 0.0003373995201399257
X;15;2 0.00012228742482978274
X;15;3 5.405458052107838e-05
X;15;4 0.0001179962945622326
X;15;5 0.0
X;16;0 0.0
X;16;1 0.00042850199990453663
X;16;2 0.0002173998663640582
X;16;3 6.7568225651347975e-06
X;16;4 0.0
X;16;5 0.0
X;17;0 0.0
X;17;1 0.0
X;17;2 4.076247494326091e-05
X;17;3 0.00010810916104215676
X;17;4 0.00015995835883575042
X;17;5 0.0
X;18;0 0.0
X;18;1 0.0
X;18;2 4.0987278528738714e-05
X;18;3 9.459551591188717e-05
X;18;4 0.000376432146198436
X;18;5 0.0
X;19;0 0.0
X;19;1 0.0005377784490423638
X;19;2 7.432504821648277e-05
X;19;3 2.702729026053919e-05
X;19;4 0.0001428339999681789
X;19;5 0.0
Y;0;0 0.0
Y;0;1 0.0002359925891244652
Y;0;2 0.0
Y;0;3 0.0
Y;0;4 0.0
Y;0;5 0.0
Y;1;0 0.0
Y;1;1 0.000126166345541828
Y;1;2 4.7297757955943585e-05
Y;1;3 0.0
Y;1;4 0.00016672843624668035
Y;1;5 0.0
Y;2;0 0.0
Y;2;1 6.90783483438119e-05
Y;2;2 0.0
Y;2;3 4.0540935390808783e-05
Y;2;4 0.0002856679999363578
Y;2;5 0.0
Y;3;0 0.0
Y;3;1 0.00017268792310102147
Y;3;2 0.0
Y;3;3 0.0
Y;3;4 0.001012198560419777
Y;3;5 0.0
Y;4;0 0.0
Y;4;1 0.00047987507650725127
Y;4;2 0.0
Y;4;3 0.0
Y;4;4 0.00021986333307958024
Y;4;5 0.0
Y;5;0 0.0
Y;5;1 0.00025341569256760277
Y;5;2 0.0
Y;5;3 0.0
Y;5;4 0.0002688892245211819
Y;5;5 0.0
Y;6;0 0.0021462420028032165
Y;6;1 0.000376432146198436
Y;6;2 0.0
Y;6;3 0.0
Y;6;4 0.0
Y;6;5 0.0
Y;7;0 0.0
Y;7;1 0.0
Y;7;2 0.0
Y;7;3 8.783869334675238e-05
Y;7;4 0.0
Y;7;5 0.0
Y;8;0 0.0
Y;8;1 0.00015995835883575042
Y;8;2 6.0811403086213175e-05
Y;8;3 8.152494988652182e-05
Y;8;4 0.000605350130012162
Y;8;5 0.0
Y;9;0 0.0
Y;9;1 0.00032979499961937036
Y;9;2 2.702729026053919e-05
Y;9;3 0.0
Y;9;4 0.0007462324713899914
Y;9;5 0.003932881415041707
Y;10;0 0.0
Y;10;1 0.0
Y;10;2 0.0
Y;10;3 0.00031807091971856996
Y;10;4 0.0008259740619356282
Y;10;5 0.0015332237196708876
Y;11;0 0.0
Y;11;1 0.0
Y;11;2 0.0
Y;11;3 0.0
Y;11;4 0.0
Y;11;5 0.0
Y;12;0 0.0
Y;12;1 0.0
Y;12;2 0.0
Y;12;3 2.0270467695404392e-05
Y;12;4 0.0
Y;12;5 0.0
Y;13;0 0.0
Y;13;1 0.0003539888836866978
Y;13;2 4.0540935390808783e-05
Y;13;3 0.0
Y;13;4 0.00013444461226059094
Y;13;5 0.0
Y;14;0 0.0
Y;14;1 0.0
Y;14;2 0.0
Y;14;3 0.0
Y;14;4 0.0003373058874860234
Y;14;5 0.0
Y;15;0 0.0
Y;15;1 0.000252332691083656
Y;15;2 0.0001086999331820291
Y;15;3 6.0811403086213175e-05
Y;15;4 0.00018655811784749784
Y;15;5 0.0
Y;16;0 0.0
Y;16;1 0.0
Y;16;2 0.0
Y;16;3 8.108187078161757e-05
Y;16;4 0.0007757206096563875
Y;16;5 0.0
Y;17;0 0.0
Y;17;1 0.0011678637806049501
Y;17;2 6.0811403086213175e-05
Y;17;3 0.0
Y;17;4 5.495390427639525e-05
Y;17;5 0.0
Y;18;0 0.0
Y;18;1 0.000282324109648827
Y;18;2 0.00020381237471630455
Y;18;3 1.3513645130269595e-05
Y;18;4 0.0
Y;18;5 0.0
Y;19;0 0.0
Y;19;1 0.000504665382167312
Y;19;2 0.0
Y;19;3 5.434996659101455e-05
Y;19;4 0.00018655811784749784
Y;19;5 0.0
Z;0;0 0.0
Z;0;1 0.0004868309584521542
Z;0;2 6.148091779310806e-05
Z;0;3 5.405458052107838e-05
Z;0;4 0.0004976951234353786
Z;0;5 0.0
Z;1;0 0.0
Z;1;1 0.0
Z;1;2 9.459551591188717e-05
Z;1;3 0.0
Z;1;4 0.00017756515693993557
Z;1;5 0.0
Z;2;0 0.0
Z;2;1 0.00013444461226059094
Z;2;2 0.0
Z;2;3 0.0
Z;2;4 0.0
Z;2;5 0.0
Z;3;0 0.0
Z;3;1 0.0
Z;3;2 0.0
Z;3;3 0.0
Z;3;4 0.0008570039998090733
Z;3;5 0.0021462420028032165
Z;4;0 0.0
Z;4;1 0.000282324109648827
Z;4;2 0.0
Z;4;3 0.0
Z;4;4 0.0005060992802098885
Z;4;5 0.0
Z;5;0 0.0
Z;5;1 0.00040988359220286237
Z;5;2 3.378411282567399e-05
Z;5;3 0.0
Z;5;4 0.0002590318846515322
Z;5;5 0.0
Z;6;0 0.0
Z;6;1 0.0
Z;6;2 0.00016486171282918577
Z;6;3 5.405458052107838e-05
Z;6;4 0.0009597501530145025
Z;6;5 0.0
Z;7;0 0.0
Z;7;1 0.0
Z;7;2 2.7476952138197627e-05
Z;7;3 0.00012162280617242635
Z;7;4 0.00040048699690164335
Z;7;5 0.0
Z;8;0 0.0
Z;8;1 0.00017756515693993557
Z;8;2 6.756822565134798e-05
Z;8;3 6.793745823876819e-05
Z;8;4 0.0006398334353430017
Z;8;5 0.0
Z;9;0 0.0
Z;9;1 0.00035549651673955616
Z;9;2 2.0270467695404392e-05
Z;9;3 0.0
Z;9;4 0.000214340469454269
Z;9;5 0.0
Z;10;0 0.005405838899231025
Z;10;1 0.0007907355543373962
Z;10;2 8.243085641459288e-05
Z;10;3 6.148091779310806e-05
Z;10;4 0.001268119506045267
Z;10;5 0.0016166808400612143
Z;11;0 0.0
Z;11;1 0.0
Z;11;2 2.7476952138197627e-05
Z;11;3 0.0002581623413073191
Z;11;4 0.0
Z;11;5 0.0
Z;12;0 0.0
Z;12;1 0.0007028844745014176
Z;12;2 0.0
Z;12;3 0.0
Z;12;4 0.0
Z;12;5 0.0
Z;13;0 0.0
Z;13;1 0.00010993166653979012
Z;13;2 0.0
Z;13;3 8.152494988652182e-05
Z;13;4 0.0004397266661591605
Z;13;5 0.0
Z;14;0 0.0
Z;14;1 0.000504665382167312
Z;14;2 0.0
Z;14;3 0.0
Z;14;4 0.0007102606277597423
Z;14;5 0.0
Z;15;0 0.0
Z;15;1 0.00035513031387987115
Z;15;2 0.0
Z;15;3 0.00013587491647753638
Z;15;4 0.0007302464376782312
Z;15;5 0.0
Z;16;0 0.0
Z;16;1 0.0012401221542100594
Z;16;2 0.0
Z;16;3 0.0
Z;16;4 0.00033975965411811354
Z;16;5 0.0
Z;17;0 0.0
Z;17;1 0.0015003832861798833
Z;17;2 4.7297757955943585e-05
Z;17;3 0.0
Z;17;4 0.00019084255183114197
Z;17;5 0.0
Z;18;0 0.0
Z;18;1 0.0006118186525733793
Z;18;2 0.0
Z;18;3 1.3513645130269595e-05
Z;18;4 0.00013444461226059094
Z;18;5 0.0
Z;19;0 0.0
Z;19;1 0.0002856679999363578
Z;19;2 0.0
Z;19;3 4.0540935390808783e-05
Z;19;4 0.0015003832861798833
Z;19;5 0.0
W;0;0 0.0
W;0;1 0.0005713359998727156
W;0;2 4.7297757955943585e-05
W;0;3 0.0
W;0;4 7.109930334791122e-05
W;0;5 0.0
W;1;0 0.0
W;1;1 0.0
W;1;2 0.0
W;1;3 0.0
W;1;4 0.00016869976006996285
W;1;5 0.0
W;2;0 0.0
W;2;1 0.0002238826395360118
W;2;2 0.0
W;2;3 0.0
W;2;4 0.0003373995201399257
W;2;5 0.0
W;3;0 0.0
W;3;1 0.0010593627275212836
W;3;2 0.0
W;3;3 0.0
W;3;4 0.0
W;3;5 0.0
W;4;0 0.0
W;4;1 0.0002688892245211819
W;4;2 6.0811403086213175e-05
W;4;3 4.0540935390808783e-05
W;4;4 0.0005596743535424935
W;4;5 0.0
W;5;0 0.0
W;5;1 0.0
W;5;2 8.108187078161757e-05
W;5;3 5.405458052107838e-05
W;5;4 0.0
W;5;5 0.0
W;6;0 0.0
W;6;1 0.0009597501530145025
W;6;2 5.405458052107838e-05
W;6;3 3.378411282567399e-05
W;6;4 0.000214340469454269
W;6;5 0.0
W;7;0 0.0
W;7;1 0.00018655811784749784
W;7;2 0.0
W;7;3 6.7568225651347975e-06
W;7;4 0.0
W;7;5 0.0
W;8;0 0.0
W;8;1 0.0002688892245211819
W;8;2 0.0006595899992387407
W;8;3 0.0006587562558472631
W;8;4 0.0002843972133916449
W;8;5 0.0007729766419680794
W;9;0 0.0
W;9;1 0.00017756515693993557
W;9;2 0.0
W;9;3 0.0
W;9;4 0.0
W;9;5 0.0
W;10;0 0.0
W;10;1 0.0007602470777028082
W;10;2 0.00017269587085952975
W;10;3 0.00014672286918702775
W;10;4 0.0005596743535424935
W;10;5 0.004637859851808476
W;11;0 0.0
W;11;1 0.0
W;11;2 0.0
W;11;3 0.0
W;11;4 0.0
W;11;5 0.0
W;12;0 0.0
W;12;1 0.0001428339999681789
W;12;2 0.00019022488306855094
W;12;3 2.0270467695404392e-05
W;12;4 0.00035513031387987115
W;12;5 0.0
W;13;0 0.0
W;13;1 0.000605350130012162
W;13;2 6.793745823876819e-05
W;13;3 5.405458052107838e-05
W;13;4 0.0003539888836866978
W;13;5 0.0
W;14;0 0.0
W;14;1 0.00034537584620204293
W;14;2 0.0
W;14;3 0.0
W;14;4 0.0003913647349714366
W;14;5 0.0
W;15;0 0.0
W;15;1 0.0009736619169043084
W;15;2 6.0811403086213175e-05
W;15;3 0.0
W;15;4 0.0003731162356949957
W;15;5 0.0
W;16;0 0.0
W;16;1 0.0003373995201399257
W;16;2 0.00023098735801181186
W;16;3 6.7568225651347975e-06
W;16;4 0.0
W;16;5 0.0
W;17;0 0.0
W;17;1 0.00018655811784749784
W;17;2 8.152494988652182e-05
W;17;3 5.405458052107838e-05
W;17;4 0.000605350130012162
W;17;5 0.0018269759879494724
W;18;0 0.0
W;18;1 0.0003539888836866978
W;18;2 0.0
W;18;3 0.0
W;18;4 0.00021986333307958024
W;18;5 0.0
W;19;0 0.0
W;19;1 0.0019908964654579723
W;19;2 8.152494988652182e-05
W;19;3 0.0
W;19;4 0.0002688892245211819
W;19;5 0.0
