X;0;0 0.0
X;0;1 0.0006124013412979114
X;0;2 0.0
X;0;3 0.0
X;0;4 0.0
X;0;5 0.0
X;1;0 0.0
X;1;1 0.0
X;1;2 0.00019410702353933766
X;1;3 3.861041465791313e-05
X;1;4 0.0
X;1;5 0.0
X;2;0 0.0
X;2;1 0.00027947213178481473
X;2;2 5.7915621986869693e-05
X;2;3 3.861041465791313e-05
X;2;4 0.0
X;2;5 0.0
X;3;0 0.0
X;3;1 0.0008647859000173743
X;3;2 5.7915621986869693e-05
X;3;3 3.861041465791313e-05
X;3;4 0.0
X;3;5 0.0
X;4;0 0.0
X;4;1 0.0
X;4;2 5.7915621986869693e-05
X;4;3 3.861041465791313e-05
X;4;4 0.000582684431022266
X;4;5 0.0
X;5;0 0.0
X;5;1 0.0
X;5;2 9.652603664478282e-05
X;5;3 3.861041465791313e-05
X;5;4 0.0
X;5;5 0.0
X;6;0 0.0
X;6;1 0.0006124013412979114
X;6;2 0.00039473341910749657
X;6;3 3.861041465791313e-05
X;6;4 0.0
X;6;5 0.0
X;7;0 0.0
X;7;1 0.0
X;7;2 0.0007400910990043777
X;7;3 0.0001756597651231659
X;7;4 0.00024669703300145924
X;7;5 0.0
X;8;0 0.0
X;8;1 0.0007400910990043777
X;8;2 0.00040628173341663556
X;8;3 0.000582684431022266
X;8;4 0.0
X;8;5 0.0
X;9;0 0.0
X;9;1 0.0
X;9;2 9.652603664478282e-05
X;9;3 0.0
X;9;4 0.0
X;9;5 0.0
X;10;0 0.0
X;10;1 0.0008647859000173743
X;10;2 0.0001756597651231659
X;10;3 0.0
X;10;4 0.0
X;10;5 0.0
X;11;0 0.0
X;11;1 0.0
X;11;2 0.0006281809516559435
X;11;3 7.722082931582625e-05
X;11;4 0.00011909174017620025
X;11;5 0.0
X;12;0 0.0
X;12;1 0.0010146580396567747
X;12;2 7.722082931582625e-05
X;12;3 3.882140470786753e-05
X;12;4 0.0
X;12;5 0.0
X;13;0 0.0
X;13;1 0.0003371322701778074
X;13;2 7.722082931582625e-05
X;13;3 7.764280941573507e-05
X;13;4 0.0
X;13;5 0.0
X;14;0 0.011435915466186887
X;14;1 0.0
X;14;2 3.861041465791313e-05
X;14;3 3.861041465791313e-05
X;14;4 0.0
X;14;5 0.0
X;15;0 0.0
X;15;1 0.0
X;15;2 7.764280941573507e-05
X;15;3 7.722082931582625e-05
X;15;4 0.0003371322701778074
X;15;5 0.0
X;16;0 0.0
X;16;1 0.0
X;16;2 7.764280941573507e-05
X;16;3 5.7915621986869693e-05
X;16;4 0.0011181849570612472
X;16;5 0.0
X;17;0 0.0
X;17;1 0.0005073290198283874
X;17;2 3.882140470786753e-05
X;17;3 1.9305207328956563e-05
X;17;4 0.0018280955295514334
X;17;5 0.0
X;18;0 0.0
X;18;1 0.001677277435591871
X;18;2 0.00011710651008211061
X;18;3 3.861041465791313e-05
X;18;4 0.0
X;18;5 0.0
X;19;0 0.0
X;19;1 0.0
X;19;2 3.861041465791313e-05
X;19;3 1.9305207328956563e-05
X;19;4 0.0012242914282986762
X;19;5 0.004894357185580716
Y;0;0 0.0
Y;0;1 0.0
Y;0;2 0.0
Y;0;3 0.0
Y;0;4 0.0008161942855324508
Y;0;5 0.0
Y;1;0 0.0
Y;1;1 0.0
Y;1;2 3.861041465791313e-05
Y;1;3 0.0
Y;1;4 0.0
Y;1;5 0.0
Y;2;0 0.0
Y;2;1 0.00019736670955374828
Y;2;2 0.0
Y;2;3 3.861041465791313e-05
Y;2;4 0.0
Y;2;5 0.0
Y;3;0 0.004894357185580716
Y;3;1 0.0004933940660029185
Y;3;2 0.0
Y;3;3 0.0
Y;3;4 0.0
Y;3;5 0.0
Y;4;0 0.0
Y;4;1 0.00045702388238785834
Y;4;2 0.0
Y;4;3 0.0
Y;4;4 0.0
Y;4;5 0.0
Y;5;0 0.0
Y;5;1 0.0
Y;5;2 0.0
Y;5;3 0.0
Y;5;4 0.0011523823908050651
Y;5;5 0.0
Y;6;0 0.0
Y;6;1 0.0005377602088549086
Y;6;2 0.0
Y;6;3 0.000157011155075415
Y;6;4 0.0
Y;6;5 0.0
Y;7;0 0.0
Y;7;1 0.0
Y;7;2 0.0
Y;7;3 3.861041465791313e-05
Y;7;4 0.0
Y;7;5 0.0
Y;8;0 0.0
Y;8;1 0.0
Y;8;2 1.9305207328956563e-05
Y;8;3 0.00011646421412360261
Y;8;4 0.0012971788500260614
Y;8;5 0.0
Y;9;0 0.0
Y;9;1 0.0
Y;9;2 3.861041465791313e-05
Y;9;3 0.0
Y;9;4 0.0
Y;9;5 0.0
Y;10;0 0.0
Y;10;1 0.0
Y;10;2 0.0
Y;10;3 0.00036350962253550853
Y;10;4 0.0
Y;10;5 0.0
Y;11;0 0.0
Y;11;1 0.0
Y;11;2 0.0
Y;11;3 0.0
Y;11;4 0.0010381353117354082
Y;11;5 0.0
Y;12;0 0.0
Y;12;1 0.0
Y;12;2 0.0
Y;12;3 7.722082931582625e-05
Y;12;4 0.0
Y;12;5 0.0
Y;13;0 0.0
Y;13;1 0.0
Y;13;2 1.9305207328956563e-05
Y;13;3 0.0
Y;13;4 0.0007682549272033767
Y;13;5 0.0
Y;14;0 0.0
Y;14;1 0.0
Y;14;2 0.0
Y;14;3 0.0
Y;14;4 0.00048186555355146204
Y;14;5 0.0
Y;15;0 0.0
Y;15;1 0.0
Y;15;2 7.764280941573507e-05
Y;15;3 7.722082931582625e-05
Y;15;4 0.0005330231938499938
Y;15;5 0.0
Y;16;0 0.0
Y;16;1 0.0
Y;16;2 0.0
Y;16;3 5.7915621986869693e-05
Y;16;4 0.0
Y;16;5 0.0
Y;17;0 0.0
Y;17;1 0.0
Y;17;2 3.861041465791313e-05
Y;17;3 0.0
Y;17;4 0.000157011155075415
Y;17;5 0.0
Y;18;0 0.0
Y;18;1 0.0
Y;18;2 7.764280941573507e-05
Y;18;3 3.861041465791313e-05
Y;18;4 0.001677277435591871
Y;18;5 0.0
Y;19;0 0.0
Y;19;1 0.00036047527297665145
Y;19;2 0.0
Y;19;3 7.764280941573507e-05
Y;19;4 0.0015990695815499814
Y;19;5 0.0
Z;0;0 0.0
Z;0;1 0.0006954727977887916
Z;0;2 0.0001756597651231659
Z;0;3 5.7915621986869693e-05
Z;0;4 0.0
Z;0;5 0.0
Z;1;0 0.0
Z;1;1 0.0
Z;1;2 5.7915621986869693e-05
Z;1;3 0.0
Z;1;4 0.0
Z;1;5 0.0
Z;2;0 0.0
Z;2;1 0.0
Z;2;2 0.0
Z;2;3 0.0
Z;2;4 0.0
Z;2;5 0.0
Z;3;0 0.0
Z;3;1 0.0005377602088549086
Z;3;2 0.0
Z;3;3 0.0
Z;3;4 0.0
Z;3;5 0.0
Z;4;0 0.0
Z;4;1 0.0
Z;4;2 0.0
Z;4;3 0.0
Z;4;4 0.0004819993144856081
Z;4;5 0.0
Z;5;0 0.0
Z;5;1 0.0005855479888612319
Z;5;2 9.652603664478282e-05
Z;5;3 0.0
Z;5;4 0.0
Z;5;5 0.0
Z;6;0 0.0
Z;6;1 0.0
Z;6;2 7.85055775377075e-05
Z;6;3 1.9305207328956563e-05
Z;6;4 0.0018280955295514334
Z;6;5 0.0028360009178335986
Z;7;0 0.0
Z;7;1 0.0
Z;7;2 0.00023551673261312252
Z;7;3 7.722082931582625e-05
Z;7;4 0.0
Z;7;5 0.0
Z;8;0 0.0
Z;8;1 0.0
Z;8;2 1.9305207328956563e-05
Z;8;3 0.00011646421412360261
Z;8;4 0.001371071647163575
Z;8;5 0.0
Z;9;0 0.0
Z;9;1 0.00020314086670831778
Z;9;2 3.861041465791313e-05
Z;9;3 0.0
Z;9;4 0.0006124013412979114
Z;9;5 0.0
Z;10;0 0.0
Z;10;1 0.0022592444409639894
Z;10;2 0.00023551673261312252
Z;10;3 5.8553255041055305e-05
Z;10;4 0.0
Z;10;5 0.0
Z;11;0 0.0
Z;11;1 0.0
Z;11;2 0.00023551673261312252
Z;11;3 0.00011646421412360261
Z;11;4 0.0010381353117354082
Z;11;5 0.0
Z;12;0 0.0
Z;12;1 0.0
Z;12;2 0.0
Z;12;3 0.0
Z;12;4 0.0011442485625761238
Z;12;5 0.0
Z;13;0 0.0
Z;13;1 0.0006281809516559435
Z;13;2 0.0
Z;13;3 3.882140470786753e-05
Z;13;4 0.0
Z;13;5 0.0
Z;14;0 0.004619088114460612
Z;14;1 0.0007209505459533029
Z;14;2 0.0
Z;14;3 0.0
Z;14;4 0.0
Z;14;5 0.0
Z;15;0 0.0
Z;15;1 0.0
Z;15;2 0.0
Z;15;3 0.00011646421412360261
Z;15;4 0.0006954727977887916
Z;15;5 0.0
Z;16;0 0.0
Z;16;1 0.0
Z;16;2 0.0
Z;16;3 0.0
Z;16;4 0.0009707418689088958
Z;16;5 0.0
Z;17;0 0.0
Z;17;1 0.0
Z;17;2 3.861041465791313e-05
Z;17;3 0.0
Z;17;4 0.00036350962253550853
Z;17;5 0.0
Z;18;0 0.0
Z;18;1 0.0
Z;18;2 0.0
Z;18;3 3.861041465791313e-05
Z;18;4 0.0011523823908050651
Z;18;5 0.0
Z;19;0 0.0
Z;19;1 0.0004080971427662254
Z;19;2 0.0
Z;19;3 3.861041465791313e-05
Z;19;4 0.0012248026825958228
Z;19;5 0.0
W;0;0 0.0
W;0;1 0.0
W;0;2 3.861041465791313e-05
W;0;3 0.0
W;0;4 0.00020314086670831778
W;0;5 0.0
W;1;0 0.0
W;1;1 0.0
W;1;2 0.0
W;1;3 0.0
W;1;4 0.0
W;1;5 0.0
W;2;0 0.0
W;2;1 0.0
W;2;2 0.0
W;2;3 0.0
W;2;4 0.0
W;2;5 0.0
W;3;0 0.0
W;3;1 0.0
W;3;2 0.0
W;3;3 0.0
W;3;4 0.0008066403132823629
W;3;5 0.0
W;4;0 0.0
W;4;1 0.0007682549272033767
W;4;2 3.861041465791313e-05
W;4;3 5.7915621986869693e-05
W;4;4 0.0
W;4;5 0.0
W;5;0 0.0
W;5;1 0.0
W;5;2 1.9305207328956563e-05
W;5;3 9.652603664478282e-05
W;5;4 0.00038412746360168835
W;5;5 0.0
W;6;0 0.0
W;6;1 0.0022851194119392917
W;6;2 1.9305207328956563e-05
W;6;3 1.9305207328956563e-05
W;6;4 0.0
W;6;5 0.0
W;7;0 0.0
W;7;1 0.0005330231938499938
W;7;2 0.0
W;7;3 9.652603664478282e-05
W;7;4 0.0
W;7;5 0.0
W;8;0 0.0
W;8;1 0.0011523823908050651
W;8;2 0.0006281809516559435
W;8;3 0.0005377602088549086
W;8;4 0.0
W;8;5 0.0
W;9;0 0.0
W;9;1 0.0010146580396567747
W;9;2 0.0
W;9;3 0.0
W;9;4 0.0
W;9;5 0.0
W;10;0 0.0
W;10;1 0.0
W;10;2 9.868335477687414e-05
W;10;3 0.00041920819767722215
W;10;4 0.0015990695815499814
W;10;5 0.0
W;11;0 0.0
W;11;1 0.0
W;11;2 0.0
W;11;3 0.00011646421412360261
W;11;4 0.0010728104650516608
W;11;5 0.0
W;12;0 0.0
W;12;1 0.0
W;12;2 3.882140470786753e-05
W;12;3 7.722082931582625e-05
W;12;4 0.0010146580396567747
W;12;5 0.0
W;13;0 0.0
W;13;1 0.0
W;13;2 7.764280941573507e-05
W;13;3 9.652603664478282e-05
W;13;4 0.0
W;13;5 0.0
W;14;0 0.0
W;14;1 0.0004933940660029185
W;14;2 0.0
W;14;3 0.0
W;14;4 0.0
W;14;5 0.0
W;15;0 0.0
W;15;1 0.0013909455955775831
W;15;2 3.861041465791313e-05
W;15;3 0.0
W;15;4 0.0
W;15;5 0.0
W;16;0 0.0
W;16;1 0.0
W;16;2 7.764280941573507e-05
W;16;3 5.7915621986869693e-05
W;16;4 0.0011181849570612472
W;16;5 0.0
W;17;0 0.0
W;17;1 0.0005330231938499938
W;17;2 3.882140470786753e-05
W;17;3 3.861041465791313e-05
W;17;4 0.0012971788500260614
W;17;5 0.0
W;18;0 0.0
W;18;1 0.0
W;18;2 0.0
W;18;3 0.0
W;18;4 0.0009422714274839153
W;18;5 0.0
W;19;0 0.0
W;19;1 0.0016252216044554874
W;19;2 0.00011646421412360261
W;19;3 0.0
W;19;4 0.00038412746360168835
W;19;5 0.0
