0	|	89	|	0.1098904029299639
0	|	621	|	0.10955422681481485
0	|	622	|	0.10955422681481485
0	|	623	|	0.10955422681481485
0	|	624	|	0.10955422681481485
0	|	625	|	0.10955422681481485
0	|	626	|	0.10955422681481485
0	|	627	|	0.10955422681481485
0	|	628	|	0.10955422681481485
0	|	629	|	0.10955422681481485
0	|	630	|	0.10955422681481485
0	|	631	|	0.10955422681481485
0	|	632	|	0.10955422681481485
0	|	633	|	0.10955422681481485
0	|	634	|	0.10955422681481485
0	|	635	|	0.10955422681481485
0	|	636	|	0.10955422681481485
0	|	637	|	0.10955422681481485
0	|	638	|	0.10955422681481485
0	|	639	|	0.10955422681481485
0	|	640	|	0.10955422681481485
0	|	641	|	0.10955422681481485
0	|	642	|	0.10955422681481485
0	|	643	|	0.10955422681481485
0	|	644	|	0.10955422681481485
0	|	645	|	0.10955422681481485
0	|	646	|	0.10955422681481485
0	|	647	|	0.10955422681481485
0	|	648	|	0.10955422681481485
0	|	649	|	0.10955422681481485
0	|	650	|	0.10955422681481485
0	|	651	|	0.10955422681481485
0	|	76	|	0.10930886617383352
0	|	84	|	0.10873057270878546
0	|	81	|	0.1068685265518989
0	|	186	|	0.10659911010788212
0	|	182	|	0.10625517005886924
0	|	170	|	0.10573208784314996
0	|	86	|	0.10539981712060448
0	|	70	|	0.1045179612415366
0	|	91	|	0.1044268013870803
0	|	80	|	0.10433880624913873
0	|	77	|	0.10420120066539397
0	|	88	|	0.10411406070434578
0	|	178	|	0.10409227458112029
0	|	79	|	0.10407179003304966
0	|	72	|	0.10403717712033417
0	|	179	|	0.10387214565455818
0	|	85	|	0.10382779052293555
0	|	74	|	0.1034521279916956
0	|	159	|	0.10334144604412679
0	|	68	|	0.1029829096998763
0	|	69	|	0.10267424923808745
0	|	181	|	0.10254541017559897
0	|	93	|	0.1024244991981527
0	|	175	|	0.10203233273030896
0	|	66	|	0.10201224771429579
0	|	63	|	0.10173088138189201
0	|	73	|	0.1016166854923581
0	|	82	|	0.10134407451260868
0	|	87	|	0.10116852980023437
0	|	169	|	0.10096645293281438
0	|	163	|	0.10074027298529169
0	|	172	|	0.1006869633681871
0	|	64	|	0.10050548318161154
0	|	185	|	0.0999864243072515
0	|	162	|	0.09974728566792802
0	|	183	|	0.09968504416656768
0	|	171	|	0.09954656769113986
0	|	156	|	0.09941300223653914
0	|	65	|	0.09931863805036568
0	|	173	|	0.09924320004971264
0	|	78	|	0.09916846998021198
0	|	174	|	0.09883482391360954
0	|	157	|	0.09880465319847495
0	|	184	|	0.09866247802338446
0	|	177	|	0.09855766086910808
0	|	165	|	0.09794690938561602
0	|	180	|	0.0978595113263742
0	|	92	|	0.09779519610731323
0	|	158	|	0.09738360964727837
0	|	90	|	0.0961829219157777
0	|	75	|	0.09603254602734292
0	|	67	|	0.09588479645911974
0	|	168	|	0.09564313761562535
0	|	164	|	0.09516296489976431
0	|	166	|	0.09506045168226059
0	|	176	|	0.09464364605986188
0	|	161	|	0.09450103142088527
0	|	83	|	0.0931662413067005
0	|	167	|	0.09314311234631723
0	|	160	|	0.09264952568906752
0	|	71	|	0.0773382954645724
1	|	71	|	0.32542174562555076
1	|	176	|	0.17808299674788602
1	|	169	|	0.15996906563528696
1	|	164	|	0.1570227716896683
1	|	167	|	0.15587817801907644
1	|	185	|	0.15331415819358743
1	|	83	|	0.15161318570341717
1	|	180	|	0.14796862831056778
1	|	160	|	0.14682626668065996
1	|	184	|	0.14446435778739156
1	|	161	|	0.14112395157651308
1	|	92	|	0.13715870106788006
1	|	168	|	0.13626610486815202
1	|	158	|	0.13507978891766098
1	|	172	|	0.13298909334267692
1	|	183	|	0.12088932929272643
1	|	177	|	0.12041673183523917
1	|	621	|	0.1150712858872732
1	|	622	|	0.1150712858872732
1	|	623	|	0.1150712858872732
1	|	624	|	0.1150712858872732
1	|	625	|	0.1150712858872732
1	|	626	|	0.1150712858872732
1	|	627	|	0.1150712858872732
1	|	628	|	0.1150712858872732
1	|	629	|	0.1150712858872732
1	|	630	|	0.1150712858872732
1	|	631	|	0.1150712858872732
1	|	632	|	0.1150712858872732
1	|	633	|	0.1150712858872732
1	|	634	|	0.1150712858872732
1	|	635	|	0.1150712858872732
1	|	636	|	0.1150712858872732
1	|	637	|	0.1150712858872732
1	|	638	|	0.1150712858872732
1	|	639	|	0.1150712858872732
1	|	640	|	0.1150712858872732
1	|	641	|	0.1150712858872732
1	|	642	|	0.1150712858872732
1	|	643	|	0.1150712858872732
1	|	644	|	0.1150712858872732
1	|	645	|	0.1150712858872732
1	|	646	|	0.1150712858872732
1	|	647	|	0.1150712858872732
1	|	648	|	0.1150712858872732
1	|	649	|	0.1150712858872732
1	|	650	|	0.1150712858872732
1	|	651	|	0.11507128588727318
1	|	157	|	0.10789495945122837
1	|	179	|	0.10241566428114715
1	|	73	|	0.09721529918530929
1	|	166	|	0.08883614278812643
1	|	93	|	0.08745728821429032
1	|	156	|	0.08721477954149985
1	|	163	|	0.08299454651874728
1	|	165	|	0.0825200746706119
1	|	76	|	0.07823224328540286
1	|	90	|	0.07710269257370098
1	|	186	|	0.07472609686602319
1	|	77	|	0.0743817261508524
1	|	87	|	0.0717679824392357
1	|	75	|	0.07159631741367231
1	|	63	|	0.07068580867443125
1	|	85	|	0.06298728301510631
1	|	81	|	0.06184415085751191
1	|	162	|	0.060622768532385095
1	|	181	|	0.05732085429296188
1	|	69	|	0.048503368995169764
1	|	178	|	0.04575728252335176
1	|	159	|	0.045553192816592286
1	|	86	|	0.04483053808363493
1	|	79	|	0.043854357192619695
1	|	175	|	0.042632711920907694
1	|	91	|	0.041958240432686894
1	|	171	|	0.04045314969471512
1	|	173	|	0.0385161296010294
1	|	82	|	0.03388015578012493
1	|	174	|	0.03325680094237575
1	|	66	|	0.026012595307480943
1	|	80	|	0.024367871514434418
1	|	72	|	0.01703348995284197
1	|	88	|	0.016819885511776943
1	|	68	|	0.016707443450586806
1	|	89	|	0.015572192282310392
1	|	78	|	0.01544360650292972
1	|	170	|	0.01229926251089032
1	|	64	|	0.010390391449809593
1	|	67	|	0.009998583652983749
1	|	65	|	0.00889055852455436
1	|	70	|	0.007972360356966569
1	|	74	|	0.006348156003671023
1	|	182	|	0.003897544004648167
1	|	84	|	0.0004991176054112104
2	|	79	|	0.26442311305108945
2	|	186	|	0.25195891086656086
2	|	183	|	0.21686138941939853
2	|	86	|	0.20644237526298884
2	|	68	|	0.20302098252771922
2	|	169	|	0.19315658550743423
2	|	178	|	0.19088551475579024
2	|	69	|	0.1880528011878399
2	|	70	|	0.18554118298216174
2	|	85	|	0.17598844297733454
2	|	182	|	0.16862579470941486
2	|	91	|	0.16331436321505607
2	|	92	|	0.16204200393670506
2	|	185	|	0.15636862858540093
2	|	87	|	0.15560942724891305
2	|	176	|	0.1544778925684147
2	|	180	|	0.150399215357809
2	|	174	|	0.14957828668928302
2	|	162	|	0.14897703392210268
2	|	158	|	0.14113640813428047
2	|	89	|	0.13819242326663483
2	|	88	|	0.13679213819608277
2	|	90	|	0.1367833020709099
2	|	167	|	0.13371100370471892
2	|	76	|	0.12985892592426712
2	|	172	|	0.12959382083724008
2	|	66	|	0.12756257842828478
2	|	64	|	0.12070382365387704
2	|	71	|	0.11970370538637093
2	|	80	|	0.11790246561283918
2	|	65	|	0.11656781056624754
2	|	81	|	0.11634428965976365
2	|	74	|	0.10928823357013132
2	|	171	|	0.10301048590403131
2	|	168	|	0.09218035331277988
2	|	75	|	0.09182146054002961
2	|	77	|	0.09005450473100371
2	|	179	|	0.0887293022323353
2	|	181	|	0.08215016161853755
2	|	82	|	0.08040569141484426
2	|	173	|	0.07850939677673861
2	|	177	|	0.07738317324007558
2	|	165	|	0.07667986560163513
2	|	166	|	0.05746285635394563
2	|	164	|	0.0573105456915639
2	|	78	|	0.05625436984157207
2	|	93	|	0.05385557242105883
2	|	83	|	0.053184286290082636
2	|	63	|	0.04578776268067805
2	|	84	|	0.040487141359799105
2	|	72	|	0.03884077369283291
2	|	175	|	0.033708339659518326
2	|	161	|	0.031134827671937353
2	|	184	|	0.031127073331967833
2	|	67	|	0.02997221203847326
2	|	156	|	0.029379697065604567
2	|	163	|	0.024662319343757347
2	|	73	|	0.020142899330472693
2	|	651	|	0.019689357562112333
2	|	621	|	0.01968935756211233
2	|	622	|	0.01968935756211233
2	|	623	|	0.01968935756211233
2	|	624	|	0.01968935756211233
2	|	625	|	0.01968935756211233
2	|	626	|	0.01968935756211233
2	|	627	|	0.01968935756211233
2	|	628	|	0.01968935756211233
2	|	629	|	0.01968935756211233
2	|	630	|	0.01968935756211233
2	|	631	|	0.01968935756211233
2	|	632	|	0.01968935756211233
2	|	633	|	0.01968935756211233
2	|	634	|	0.01968935756211233
2	|	635	|	0.01968935756211233
2	|	636	|	0.01968935756211233
2	|	637	|	0.01968935756211233
2	|	638	|	0.01968935756211233
2	|	639	|	0.01968935756211233
2	|	640	|	0.01968935756211233
2	|	641	|	0.01968935756211233
2	|	642	|	0.01968935756211233
2	|	643	|	0.01968935756211233
2	|	644	|	0.01968935756211233
2	|	645	|	0.01968935756211233
2	|	646	|	0.01968935756211233
2	|	647	|	0.01968935756211233
2	|	648	|	0.01968935756211233
2	|	649	|	0.01968935756211233
2	|	650	|	0.01968935756211233
2	|	170	|	0.016415017147697934
2	|	159	|	0.012560167755566612
2	|	160	|	0.012242199021635407
2	|	157	|	0.00961202819123302
