0	|	160	|	0.8583539732147657
0	|	173	|	0.8389111350462229
0	|	174	|	0.8322142275568514
0	|	166	|	0.8237634008704366
0	|	179	|	0.7948128804854373
0	|	184	|	0.7846675043345637
0	|	183	|	0.7732353449523058
0	|	77	|	0.7727620012324903
0	|	85	|	0.7684548572399178
0	|	76	|	0.7664295559476707
0	|	175	|	0.7652718467040577
0	|	84	|	0.7589956820875359
0	|	64	|	0.7563639844165986
0	|	169	|	0.7515994666987854
0	|	177	|	0.7467438985957712
0	|	185	|	0.7462124261358072
0	|	67	|	0.7312816970699918
0	|	86	|	0.7295962370961818
0	|	75	|	0.7282929475952032
0	|	182	|	0.7200439603394891
0	|	172	|	0.7090407973007536
0	|	170	|	0.6964714067763976
0	|	88	|	0.6949632794977144
0	|	186	|	0.6933630541602637
0	|	89	|	0.6925931797012971
0	|	79	|	0.6908784411818151
0	|	178	|	0.6854062003312927
0	|	92	|	0.6815853035117136
0	|	167	|	0.6759219274171364
0	|	93	|	0.6691968950970634
0	|	181	|	0.6685314971122193
0	|	180	|	0.6557279630302574
0	|	70	|	0.6534762741137904
0	|	81	|	0.6502917262331268
0	|	90	|	0.6458580727979886
0	|	82	|	0.6434505563086574
0	|	164	|	0.6375172146728155
0	|	87	|	0.6331352015396837
0	|	162	|	0.6140295553630893
0	|	91	|	0.6121729961870502
0	|	156	|	0.6069275994269913
0	|	163	|	0.6060131445970427
0	|	158	|	0.5894620718481947
0	|	71	|	0.5272732593009224
0	|	159	|	0.5090002767220677
0	|	621	|	0.48719852666754165
0	|	622	|	0.48719852666754165
0	|	623	|	0.48719852666754165
0	|	624	|	0.48719852666754165
0	|	625	|	0.48719852666754165
0	|	626	|	0.48719852666754165
0	|	627	|	0.48719852666754165
0	|	628	|	0.48719852666754165
0	|	629	|	0.48719852666754165
0	|	630	|	0.48719852666754165
0	|	631	|	0.48719852666754165
0	|	632	|	0.48719852666754165
0	|	633	|	0.48719852666754165
0	|	634	|	0.48719852666754165
0	|	635	|	0.48719852666754165
0	|	636	|	0.48719852666754165
0	|	637	|	0.48719852666754165
0	|	638	|	0.48719852666754165
0	|	639	|	0.48719852666754165
0	|	640	|	0.48719852666754165
0	|	641	|	0.48719852666754165
0	|	642	|	0.48719852666754165
0	|	643	|	0.48719852666754165
0	|	644	|	0.48719852666754165
0	|	645	|	0.48719852666754165
0	|	646	|	0.48719852666754165
0	|	647	|	0.48719852666754165
0	|	648	|	0.48719852666754165
0	|	649	|	0.48719852666754165
0	|	650	|	0.48719852666754165
0	|	651	|	0.48719852666754165
0	|	69	|	0.4567511296293375
0	|	68	|	0.4465323913338111
0	|	65	|	0.4409594874558313
0	|	74	|	0.4134863877971307
0	|	78	|	0.40693414271173745
0	|	72	|	0.3901365658867395
0	|	161	|	0.3707329178968491
0	|	157	|	0.36795819237569943
0	|	80	|	0.36021110828756925
0	|	176	|	0.34799447369901587
0	|	83	|	0.28654990922975687
0	|	63	|	0.2625682406407771
0	|	165	|	0.23907669181018906
0	|	66	|	0.19699989944040222
0	|	73	|	0.18223469707740478
0	|	168	|	0.181171568245025
0	|	171	|	0.17610460230079578
1	|	621	|	0.7935730006388527
1	|	622	|	0.7935730006388527
1	|	623	|	0.7935730006388527
1	|	624	|	0.7935730006388527
1	|	625	|	0.7935730006388527
1	|	626	|	0.7935730006388527
1	|	627	|	0.7935730006388527
1	|	628	|	0.7935730006388527
1	|	629	|	0.7935730006388527
1	|	630	|	0.7935730006388527
1	|	631	|	0.7935730006388527
1	|	632	|	0.7935730006388527
1	|	633	|	0.7935730006388527
1	|	634	|	0.7935730006388527
1	|	635	|	0.7935730006388527
1	|	636	|	0.7935730006388527
1	|	637	|	0.7935730006388527
1	|	638	|	0.7935730006388527
1	|	639	|	0.7935730006388527
1	|	640	|	0.7935730006388527
1	|	641	|	0.7935730006388527
1	|	642	|	0.7935730006388527
1	|	643	|	0.7935730006388527
1	|	644	|	0.7935730006388527
1	|	645	|	0.7935730006388527
1	|	646	|	0.7935730006388527
1	|	647	|	0.7935730006388527
1	|	648	|	0.7935730006388527
1	|	649	|	0.7935730006388527
1	|	650	|	0.7935730006388527
1	|	651	|	0.7935730006388527
1	|	161	|	0.4007122571838106
1	|	79	|	0.3655084542000833
1	|	81	|	0.3638915920212772
1	|	89	|	0.3619834982420906
1	|	91	|	0.3527962416838738
1	|	181	|	0.35087447251100545
1	|	69	|	0.3390565342191685
1	|	170	|	0.3374289694915174
1	|	68	|	0.3353823835313602
1	|	72	|	0.3338168496175905
1	|	70	|	0.33248697031997115
1	|	82	|	0.32438669997924807
1	|	175	|	0.32266635662377996
1	|	168	|	0.32250570786106786
1	|	157	|	0.3114344752835717
1	|	76	|	0.30942385883004203
1	|	178	|	0.30516483990991117
1	|	88	|	0.3037225318726505
1	|	74	|	0.2992765057282241
1	|	87	|	0.29792427204071803
1	|	180	|	0.2935833131084216
1	|	159	|	0.27376629135876596
1	|	84	|	0.27064623495108797
1	|	90	|	0.2693883069090805
1	|	182	|	0.2688551983404447
1	|	86	|	0.26813395867723805
1	|	77	|	0.2675121419700891
1	|	65	|	0.2650058624537315
1	|	85	|	0.2621628144939683
1	|	78	|	0.26148995897964067
1	|	163	|	0.26066389983132254
1	|	80	|	0.25960607602265345
1	|	93	|	0.2574195798946489
1	|	75	|	0.25478486192145533
1	|	73	|	0.25470101827623104
1	|	177	|	0.25015026731806567
1	|	186	|	0.24251102686694861
1	|	171	|	0.24028692681862504
1	|	164	|	0.2380401608499872
1	|	66	|	0.23785055155446538
1	|	179	|	0.23438763351972333
1	|	92	|	0.23340407433483143
1	|	162	|	0.2293534832517393
1	|	172	|	0.2103972487945768
1	|	174	|	0.20950660794413037
1	|	67	|	0.20803491502550156
1	|	185	|	0.20495758058698696
1	|	63	|	0.1932808590661879
1	|	169	|	0.19218028096371942
1	|	158	|	0.18073170808298333
1	|	165	|	0.17942152227984956
1	|	183	|	0.17186285063658086
1	|	184	|	0.17167293767185998
1	|	156	|	0.16690904076930127
1	|	166	|	0.14479790528104586
1	|	176	|	0.14454864417096464
1	|	64	|	0.1444299450956037
1	|	173	|	0.06941254171350225
1	|	71	|	0.06708455862144776
1	|	167	|	0.05953059213199526
1	|	160	|	0.04598551738866396
1	|	83	|	0.0
2	|	66	|	0.5264433617808157
2	|	73	|	0.5150391408714003
2	|	80	|	0.503368200581742
2	|	74	|	0.4810182815954311
2	|	63	|	0.4768965458161682
2	|	171	|	0.4704170971995792
2	|	68	|	0.4388518281154797
2	|	165	|	0.43645546438601523
2	|	69	|	0.42189186681261076
2	|	157	|	0.40942165322355045
2	|	159	|	0.40826188586629164
2	|	168	|	0.37984150789121157
2	|	161	|	0.3613207422311771
2	|	78	|	0.3606846661991759
2	|	72	|	0.3603085230368409
2	|	82	|	0.3595558186777783
2	|	90	|	0.3589051198542286
2	|	65	|	0.3520702869286588
2	|	163	|	0.3478563043449242
2	|	87	|	0.34229487129481634
2	|	176	|	0.34126858436135926
2	|	91	|	0.3284765799456675
2	|	93	|	0.3229473958105658
2	|	83	|	0.31680685212501963
2	|	89	|	0.31328992121842464
2	|	178	|	0.31269934469702754
2	|	88	|	0.3121814115670029
2	|	70	|	0.31110225796513147
2	|	81	|	0.2972722941702201
2	|	158	|	0.2876746059531832
2	|	92	|	0.2863153512004968
2	|	79	|	0.2847312890550278
2	|	181	|	0.2803569277737201
2	|	86	|	0.2724059023880055
2	|	182	|	0.27024829966806746
2	|	84	|	0.26771269497223565
2	|	180	|	0.2665315189180212
2	|	170	|	0.25918510915646287
2	|	186	|	0.25643455177138474
2	|	162	|	0.25620637292782533
2	|	85	|	0.25067060922911244
2	|	156	|	0.24663941733823289
2	|	172	|	0.23911129842439854
2	|	185	|	0.23449236819410862
2	|	177	|	0.22317952888564793
2	|	183	|	0.22033487214331735
2	|	76	|	0.2190482279207858
2	|	77	|	0.2094504586577861
2	|	71	|	0.20730780450246342
2	|	164	|	0.20484925250538238
2	|	184	|	0.19291843669098832
2	|	169	|	0.19216506957104695
2	|	175	|	0.18198373267306178
2	|	64	|	0.18154385454347735
2	|	179	|	0.1722394564738052
2	|	174	|	0.16577663670448267
2	|	75	|	0.15547167285528887
2	|	167	|	0.1513837552489291
2	|	67	|	0.13798166179675583
2	|	173	|	0.1283687489704532
2	|	160	|	0.08631817115999815
2	|	166	|	0.07413506112135906
2	|	621	|	0.0
2	|	622	|	0.0
2	|	623	|	0.0
2	|	624	|	0.0
2	|	625	|	0.0
2	|	626	|	0.0
2	|	627	|	0.0
2	|	628	|	0.0
2	|	629	|	0.0
2	|	630	|	0.0
2	|	631	|	0.0
2	|	632	|	0.0
2	|	633	|	0.0
2	|	634	|	0.0
2	|	635	|	0.0
2	|	636	|	0.0
2	|	637	|	0.0
2	|	638	|	0.0
2	|	639	|	0.0
2	|	640	|	0.0
2	|	641	|	0.0
2	|	642	|	0.0
2	|	643	|	0.0
2	|	644	|	0.0
2	|	645	|	0.0
2	|	646	|	0.0
2	|	647	|	0.0
2	|	648	|	0.0
2	|	649	|	0.0
2	|	650	|	0.0
2	|	651	|	0.0
